Statistics: p01. Generated: 30/11/2021 10:42:25. No. files: 120.
                              File                       4                      10                      11                      13                      15                      17                      18                      20                      21                      25                      26                      27                      61                      64                      70                     100                     108
            v2_turb_05.0_21716.dat 0.000000000000000000e+00 5.753070000000000128e-01 -2.544427799999999706e+02 2.630726500000000101e+02 2.222987799999999847e+00 -9.200371600000000399e+03 -1.913988799999999901e+04 -1.351172000000000116e+04 -2.567281000000000404e+02 -3.190380700000000161e+03 -1.533624400000000060e+04 -1.189140300000000025e+04 7.892445400000001055e-01 4.593693099999999752e-01 0.000000000000000000e+00 -6.782279999999999642e-23 1.636186999999999969e+01
            v2_turb_05.0_40322.dat 0.000000000000000000e+00 5.845730000000000093e-01 3.743526899999999955e+02 3.412407799999999725e+02 1.973588699999999863e+00 3.305069399999999860e+03 -1.011401699999999983e+04 -1.196370200000000114e+04 4.062549500000000080e+02 -2.811011800000000221e+03 -1.450489999999999964e+04 -1.165080299999999988e+04 2.086051899999999737e+00 6.127932999999999852e-01 3.853320599999999977e+05 2.260534700000000012e+05 1.626779600000000414e+01
            v2_turb_05.0_43619.dat 0.000000000000000000e+00 5.832799900000000815e-01 4.179827900000000227e+02 3.381299300000000017e+02 2.154878999999999767e+00 -1.460313699999999881e+04 -1.445173300000000017e+04 -1.435361400000000140e+04 4.266398199999999861e+02 -4.119426499999999578e+03 -1.688671600000000035e+04 -1.188950500000000102e+04 3.983862400000000026e-01 4.214939300000000166e-01 4.823904500000000116e+05 2.828037000000000116e+05 1.617949899999999985e+01
            v2_turb_05.0_47165.dat 0.000000000000000000e+00 5.841119999999999646e-01 2.932393999999999892e+02 3.273172599999999761e+02 2.461015900000000034e+00 -1.605021600000000035e+04 -1.449253399999999965e+04 -1.301391200000000026e+04 3.575769300000000044e+02 -2.343870899999999892e+03 -1.460240600000000086e+04 -1.175800500000000102e+04 1.511363199999999907e-01 3.685847999999999902e-01 4.012343299999999581e+05 2.352559199999999837e+05 1.622289600000000220e+01
            v2_turb_05.0_47952.dat 0.000000000000000000e+00 5.833829899999999347e-01 2.048586799999999926e+02 3.180679700000000025e+02 2.279288199999999875e+00 -6.672357200000000375e+03 -1.315551000000000022e+04 -1.294130999999999949e+04 3.698737000000000421e+02 -4.235081300000000738e+03 -1.579100500000000102e+04 -1.186390200000000004e+04 1.001674699999999918e+00 4.937010599999999694e-01 2.886713500000000349e+05 1.693928699999999953e+05 1.643599600000000294e+01
            v2_turb_05.0_50292.dat 0.000000000000000000e+00 5.844479699999999278e-01 -1.056721399999999988e+02 2.940008700000000204e+02 1.940133500000000177e+00 7.046627800000001116e+02 -1.284323100000000159e+04 -1.157522299999999996e+04 -1.524431799999999804e+01 -2.503170799999999872e+03 -1.483489999999999964e+04 -1.184350000000000000e+04 4.099341000000000235e-01 4.033634600000000070e-01 7.376398800000001211e+04 4.328331799999999930e+04 1.614310000000000045e+01
            v2_turb_06.0_14324.dat 0.000000000000000000e+00 5.820750000000000091e-01 1.156718100000000049e+03 4.092359999999999900e+02 2.748838799999999694e+00 1.423711200000000099e+04 -1.709451000000000204e+04 -1.171000100000000020e+04 1.491777699999999868e+03 -4.929721999999999753e+03 -1.683241900000000169e+04 -1.127860000000000036e+04 2.526697500000000041e+00 6.848206999999999489e-01 1.312979399999999907e+06 7.697498800000000047e+05 1.608909799999999990e+01
            v2_turb_06.0_26862.dat 0.000000000000000000e+00 5.834690000000000154e-01 6.880535399999999981e+02 3.624725099999999998e+02 3.120683899999999511e+00 1.264032499999999891e+04 -1.331623100000000159e+04 -1.060100499999999920e+04 5.365892499999999927e+02 -5.070857500000000073e+03 -1.681471099999999933e+04 -1.144020100000000093e+04 1.803622599999999965e+00 5.766828699999999586e-01 7.155095600000000559e+05 4.197064000000000233e+05 1.603808400000000134e+01
            v2_turb_06.0_47824.dat 0.000000000000000000e+00 5.835009800000000579e-01 1.633212099999999722e+01 2.980933699999999931e+02 2.590098100000000070e+00 -9.681753399999999601e+03 -1.772646500000000015e+04 -1.137460299999999916e+04 4.316177100000000451e+02 -3.758912699999999404e+03 -1.544703000000000065e+04 -1.179200799999999981e+04 5.840359400000000312e-01 4.273703500000000099e-01 1.895667100000000210e+05 1.112748900000000140e+05 1.620839600000000402e+01
            v2_turb_06.0_51321.dat 0.000000000000000000e+00 5.828139900000001150e-01 1.362588300000000118e+03 4.170599599999999896e+02 2.973758999999999819e+00 3.758394800000000032e+03 -1.870760699999999997e+04 -1.269140099999999984e+04 1.669627500000000055e+03 -5.374400199999999131e+03 -1.762331599999999889e+04 -1.165650500000000102e+04 1.635236700000000098e+00 5.736412899999999704e-01 1.481138799999999814e+06 8.689949299999999348e+05 1.582768800000000020e+01
            v2_turb_06.0_52263.dat 0.000000000000000000e+00 5.834190000000000209e-01 1.367209800000000087e+03 4.311351300000000606e+02 2.607448999999999906e+00 1.190942699999999968e+04 -1.089560300000000097e+04 -1.023161700000000201e+04 1.640679500000000189e+03 -4.854461000000000240e+03 -1.645410499999999956e+04 -1.157090499999999884e+04 2.827594799999999964e+00 7.027922300000000178e-01 1.471935300000000047e+06 8.635480000000000000e+05 1.605779599999999974e+01
            v2_turb_06.0_55769.dat 0.000000000000000000e+00 5.823959800000000353e-01 7.283809500000000980e+02 3.718426600000000235e+02 2.825718300000000127e+00 -9.868820999999999913e+03 -1.684160599999999613e+04 -1.263002200000000084e+04 7.186411900000000514e+02 -5.253671699999999873e+03 -1.748311899999999878e+04 -1.184550499999999920e+04 1.302947899999999937e+00 5.254462699999999931e-01 9.733186199999999953e+05 5.708375400000000373e+05 1.576699699999999815e+01
             v2_turb_07.0_2336.dat 0.000000000000000000e+00 5.812110000000000332e-01 1.514279999999999973e+03 4.257766899999999737e+02 3.665492900000000276e+00 -1.535438600000000042e+04 -2.315940100000000166e+04 -1.381783899999999994e+04 1.898338099999999940e+03 -9.270232899999999063e+03 -2.925324100000000180e+04 -1.122680199999999968e+04 1.792671600000000032e+00 5.834236200000000316e-01 1.574649100000000093e+06 9.227535999999999767e+05 1.440059500000000092e+01
            v2_turb_07.0_40743.dat 0.000000000000000000e+00 5.833119500000000235e-01 2.663143000000000029e+03 5.152139200000000301e+02 3.261297799999999913e+00 2.252982899999999790e+04 -1.098772600000000057e+04 -1.104682599999999911e+04 2.938068299999999908e+03 -7.333270900000000438e+03 -2.302410399999999936e+04 -1.094890800000000127e+04 3.552499199999999746e+00 7.990544800000000114e-01 2.706532600000000093e+06 1.587727599999999860e+06 1.508089999999999975e+01
            v2_turb_07.0_45626.dat 0.000000000000000000e+00 5.838379799999999786e-01 2.349428499999999985e+03 5.051210200000000441e+02 3.190705400000000136e+00 1.573580099999999948e+04 -1.105191799999999967e+04 -1.049052000000000044e+04 2.684587399999999889e+03 -6.464030099999999948e+03 -2.134730700000000070e+04 -1.086500100000000020e+04 4.974608600000000713e+00 9.596691900000000608e-01 2.241638600000000093e+06 1.313953200000000186e+06 1.491879999999999917e+01
            v2_turb_07.0_52870.dat 0.000000000000000000e+00 5.837109900000000406e-01 2.755688099999999849e+03 5.109595299999999725e+02 3.803920300000000143e+00 2.686821799999999712e+04 -1.571231599999999889e+04 -1.254083599999999933e+04 2.793659700000000157e+03 -6.777830300000000534e+03 -2.283679999999999927e+04 -1.103250500000000102e+04 2.637281699999999951e+00 6.835997200000000218e-01 2.811638399999999907e+06 1.647579600000000093e+06 1.549538800000000016e+01
            v2_turb_07.0_52899.dat 0.000000000000000000e+00 5.823449899999999513e-01 1.896459600000000137e+03 4.563546900000000051e+02 3.895177599999999796e+00 2.348229799999999886e+04 -1.772450400000000081e+04 -1.029620900000000074e+04 2.472539400000000114e+03 -6.595540799999999763e+03 -2.127990000000000146e+04 -1.145460299999999916e+04 2.782864999999999700e+00 6.948595399999999422e-01 1.988219799999999814e+06 1.163229400000000140e+06 1.531709800000000143e+01
             v2_turb_07.0_8564.dat 0.000000000000000000e+00 5.833169999999999744e-01 1.113149699999999939e+03 4.072153099999999881e+02 3.054758399999999874e+00 5.952346800000001167e+03 -2.291381399999999849e+04 -1.095171100000000115e+04 1.232571200000000090e+03 -6.944931000000000495e+03 -2.211080399999999645e+04 -1.136580099999999948e+04 3.653968000000000327e+00 8.142150000000000221e-01 1.168889599999999860e+06 6.851892700000000186e+05 1.537919400000000003e+01
            v2_turb_08.0_15536.dat 0.000000000000000000e+00 5.844839900000000643e-01 2.890358799999999974e+03 5.228298900000000913e+02 4.402192200000000000e+00 2.905770499999999811e+04 -1.591791300000000047e+04 -1.233752900000000045e+04 2.820685000000000400e+03 -9.514672699999999168e+03 -2.905870300000000134e+04 -1.100671900000000096e+04 3.743196199999999862e+00 8.260762900000000464e-01 2.779008599999999627e+06 1.629029800000000047e+06 1.425419699999999956e+01
            v2_turb_08.0_22441.dat 0.000000000000000000e+00 5.853389600000000748e-01 3.146656699999999546e+03 5.776619800000000851e+02 4.408689199999999531e+00 3.539157799999999406e+04 -1.323857200000000012e+04 -1.093550099999999838e+04 4.249186899999998786e+03 -8.890195200000000114e+03 -2.741340999999999985e+04 -1.096141400000000067e+04 4.545836099999999824e+00 9.202182799999999441e-01 3.783008700000000186e+06 2.219789199999999721e+06 1.441339599999999876e+01
            v2_turb_08.0_32293.dat 0.000000000000000000e+00 5.838409700000000147e-01 2.325943600000000060e+03 5.042378999999999678e+02 3.813579800000000297e+00 2.824713899999999921e+04 -1.728811899999999878e+04 -1.197840700000000106e+04 2.722275599999999940e+03 -8.199524600000000646e+03 -2.526570200000000114e+04 -1.114883299999999872e+04 4.164588500000000693e+00 8.717507300000000292e-01 2.360909699999999721e+06 1.383810000000000000e+06 1.441779700000000020e+01
            v2_turb_08.0_41120.dat 0.000000000000000000e+00 5.852159900000000192e-01 3.397048800000000028e+03 5.638399700000001076e+02 4.422029900000000069e+00 2.799612900000000081e+04 -1.449694099999999889e+04 -1.001440799999999945e+04 3.910539899999999761e+03 -1.002180199999999968e+04 -2.975281999999999971e+04 -1.110221000000000095e+04 3.976946499999999940e+00 8.564920999999999784e-01 3.487008399999999907e+06 2.045828199999999953e+06 1.435679900000000053e+01
            v2_turb_08.0_46290.dat 0.000000000000000000e+00 5.846229899999999535e-01 2.989211399999999685e+03 5.358698000000000548e+02 4.538102099999999695e+00 2.333418799999999828e+04 -2.155137099999999919e+04 -1.174000200000000041e+04 2.989732999999999720e+03 -8.349770900000001348e+03 -2.608840900000000329e+04 -1.153260299999999916e+04 3.535122999999999571e+00 7.994692500000000202e-01 2.988778200000000186e+06 1.753167099999999860e+06 1.448329099999999947e+01
            v2_turb_08.0_60415.dat 0.000000000000000000e+00 5.845099999999999740e-01 3.269447299999999814e+03 5.441148099999999204e+02 4.597639100000000312e+00 3.738125400000000081e+04 -8.702462499999999636e+03 -1.017151100000000042e+04 3.364423599999999624e+03 -7.922510200000000623e+03 -2.458521099999999933e+04 -1.074780699999999888e+04 4.745033000000000278e+00 9.377619000000000371e-01 3.115517100000000093e+06 1.827798699999999953e+06 1.472379699999999936e+01
            v2_turb_09.0_26343.dat 0.000000000000000000e+00 6.008489700000000377e-01 4.187016099999999824e+03 6.427563299999999344e+02 5.821556499999999801e+00 5.829331700000000274e+04 -9.815991299999999683e+03 -1.105335800000000017e+04 5.309946299999999610e+03 -1.138900000000000000e+04 -3.572100200000000041e+04 -1.085640199999999822e+04 4.659498600000000934e+00 9.279908900000000127e-01 4.840821000000000000e+06 2.912217100000000093e+06 1.315639999999999965e+01
            v2_turb_09.0_34715.dat 0.000000000000000000e+00 6.218609699999999574e-01 4.468317900000000009e+03 6.686197700000000168e+02 4.370094099999999315e+00 5.732694999999999709e+04 -9.889689199999998891e+03 -1.072870500000000175e+04 5.280647699999999531e+03 -9.686500500000000102e+03 -3.018541400000000067e+04 -1.118040599999999904e+04 4.316044000000000658e+00 8.878987699999999483e-01 5.002149400000000373e+06 3.109689800000000279e+06 1.401689900000000044e+01
             v2_turb_09.0_5751.dat 0.000000000000000000e+00 5.888169500000000056e-01 3.863898999999999887e+03 6.031059399999999187e+02 5.261589299999999803e+00 5.133909300000000076e+04 -1.577575100000000202e+04 -1.040170800000000054e+04 4.530789200000000164e+03 -1.014550200000000041e+04 -3.371041000000000349e+04 -1.085021500000000015e+04 4.150025400000000531e+00 8.630803799999999804e-01 4.080889600000000093e+06 2.404297200000000186e+06 1.325649900000000159e+01
            v2_turb_09.0_59920.dat 0.000000000000000000e+00 6.243399299999999874e-01 4.621558100000001104e+03 7.052777999999999565e+02 5.741359000000000101e+00 6.121234000000000378e+04 -7.338342899999999645e+03 -9.671078199999999924e+03 5.350636000000000422e+03 -1.106620299999999952e+04 -3.280874199999999837e+04 -1.059620000000000073e+04 4.439410900000000382e+00 8.917078699999999580e-01 5.044749899999999441e+06 3.150279600000000093e+06 1.363319300000000034e+01
             v2_turb_09.0_8821.dat 0.000000000000000000e+00 5.856099099999999558e-01 3.731354500000000371e+03 5.792938800000000583e+02 4.780131200000000469e+00 3.337839000000000669e+04 -6.979174699999999575e+03 -1.094205100000000130e+04 3.795422100000000228e+03 -1.006039999999999964e+04 -3.041850100000000020e+04 -1.098251499999999942e+04 4.086926500000000573e+00 8.654497999999999358e-01 3.760841500000000000e+06 2.206469000000000000e+06 1.356709700000000041e+01
             v2_turb_09.0_9468.dat 0.000000000000000000e+00 5.864089999999999581e-01 3.847965999999999894e+03 5.993539299999999912e+02 5.145777800000000290e+00 4.984467200000000594e+04 -9.500674500000000990e+03 -1.067833199999999852e+04 4.575749799999999595e+03 -1.009639999999999964e+04 -3.207873400000000038e+04 -1.108263100000000122e+04 3.395266600000000246e+00 7.786012999999999407e-01 4.159380700000000186e+06 2.445730400000000373e+06 1.374468999999999852e+01
            v2_turb_10.0_13708.dat -1.311295100000000116e-03 7.279318299999999464e-01 5.572896499999999833e+03 9.250697000000000116e+02 5.985665199999999686e+00 9.426577700000000186e+04 1.584249000000000024e+03 -1.269080099999999948e+04 6.968389300000000731e+03 -1.147020100000000093e+04 -3.815074799999999232e+04 -1.122870499999999993e+04 3.683244100000000021e+00 8.058549599999998980e-01 6.861359600000000559e+06 4.999779800000000745e+06 1.236069899999999855e+01
             v2_turb_10.0_2246.dat -8.561202599999999732e-04 6.513209700000001101e-01 4.922833300000000236e+03 7.295458700000000363e+02 5.499002400000000179e+00 7.035204400000000896e+04 -1.853681999999999789e+03 -1.088765300000000025e+04 5.964644699999998920e+03 -1.147729999999999927e+04 -3.756923199999999633e+04 -1.110710299999999916e+04 3.329793700000000189e+00 7.595517499999999700e-01 5.490219600000000559e+06 3.576768799999999814e+06 1.333029999999999937e+01
            v2_turb_10.0_25797.dat -3.071236900000000065e-03 6.483869800000000572e-01 4.712039099999999962e+03 7.309824099999999589e+02 5.866617999999999888e+00 6.412168700000000536e+04 -1.042121800000000076e+04 -1.236865800000000127e+04 5.853979699999999866e+03 -1.145039999999999964e+04 -3.738626399999999558e+04 -1.095830799999999908e+04 3.417128699999999686e+00 7.842541899999999622e-01 5.442999200000000186e+06 3.529219000000000000e+06 1.248498199999999869e+01
            v2_turb_10.0_25824.dat 0.000000000000000000e+00 6.823279800000000561e-01 5.145989899999999579e+03 8.149443099999999731e+02 6.364869399999999899e+00 7.935528399999999965e+04 -5.965781899999999496e+02 -9.591973599999999351e+03 6.238258600000000115e+03 -1.146850000000000000e+04 -3.424070500000000175e+04 -1.092270400000000154e+04 2.771063499999999902e+00 6.930197300000000560e-01 6.030407399999999441e+06 4.118259300000000279e+06 1.316447700000000154e+01
            v2_turb_10.0_53407.dat -4.262966099999999578e-03 6.465339700000001244e-01 4.580908599999999751e+03 7.385860700000000634e+02 5.892875800000000552e+00 6.872598799999999756e+04 6.076288000000003109e+01 -1.134606499999999869e+04 5.912464899999999943e+03 -1.146710099999999875e+04 -3.721831599999999889e+04 -1.070280400000000009e+04 3.789098800000000100e+00 8.203599799999999886e-01 5.412219099999999627e+06 3.500699599999999627e+06 1.227607199999999921e+01
             v2_turb_10.0_7055.dat -1.036260100000000036e-03 6.465029600000000709e-01 4.341128200000000106e+03 7.337399400000000469e+02 5.511461699999999908e+00 6.503563999999999942e+04 -8.033291599999999562e+03 -1.510700900000000001e+04 5.832115600000000086e+03 -1.147350100000000020e+04 -3.633553900000000431e+04 -1.150372500000000218e+04 3.402658500000000252e+00 7.878571199999999664e-01 5.402717200000000186e+06 3.492498299999999814e+06 1.229449499999999951e+01
             v2_turb_11.0_1633.dat -5.615992999999999680e-03 7.445429799999999654e-01 6.001943799999999101e+03 9.679915899999999738e+02 6.931523099999999715e+00 1.009199799999999959e+05 2.993044300000000476e+03 -1.314857200000000012e+04 7.626720000000000255e+03 -1.150910000000000036e+04 -3.862939300000000367e+04 -1.133111499999999978e+04 2.005358100000000032e+00 5.992318100000000314e-01 7.173969700000000186e+06 5.338409700000000186e+06 1.248728699999999847e+01
            v2_turb_11.0_25765.dat -1.566294499999999930e-03 7.345489900000000683e-01 6.594608199999999670e+03 9.436120900000000802e+02 6.350827700000000853e+00 1.017799900000000052e+05 3.438464899999999943e+03 -1.032260000000000036e+04 7.592578800000000228e+03 -1.148650000000000000e+04 -3.741101299999999901e+04 -1.138180500000000029e+04 1.711069200000000068e+00 5.516535299999999475e-01 6.982089700000000186e+06 5.130037699999999255e+06 1.260819900000000082e+01
            v2_turb_11.0_37345.dat -4.041325600000000330e-03 7.663119699999999535e-01 6.842333599999999933e+03 9.407468299999999317e+02 7.011044599999999960e+00 1.024508800000000047e+05 1.210626700000000255e+03 -1.160338600000000042e+04 8.092492000000000189e+03 -1.151810200000000077e+04 -3.850890099999999802e+04 -1.173370499999999993e+04 1.129137000000000057e+00 4.910404300000000277e-01 7.603689800000000745e+06 5.830109300000000745e+06 1.271699900000000127e+01
            v2_turb_11.0_41193.dat -1.277003700000000094e-06 7.228459299999999699e-01 6.130019800000000032e+03 9.381819700000000921e+02 6.437486200000000380e+00 9.792584699999999430e+04 -1.723257100000000037e+03 -9.985035499999999956e+03 7.312618800000000192e+03 -1.147420000000000073e+04 -3.525891200000000390e+04 -1.095572199999999975e+04 2.648669800000000407e+00 6.732184200000000951e-01 6.753935899999999441e+06 4.880089700000000186e+06 1.270889000000000024e+01
            v2_turb_11.0_43724.dat -2.166881899999999688e-05 7.865483500000001182e-01 7.434874300000000403e+03 9.732417000000000371e+02 7.462274800000000319e+00 1.081108200000000070e+05 3.908533800000000156e+03 -1.029391100000000006e+04 8.601583300000000236e+03 -1.148250100000000020e+04 -3.637069999999999709e+04 -1.140000900000000001e+04 2.316023700000000130e+00 6.359924999999999606e-01 8.004048000000000000e+06 6.295928000000000000e+06 1.284779899999999841e+01
            v2_turb_11.0_59287.dat -2.430302399999999773e-03 7.304287900000000500e-01 5.933217400000000453e+03 9.521331000000000131e+02 6.322119400000000056e+00 9.780546600000000035e+04 5.031780300000005468e+01 -1.124520600000000013e+04 6.769006499999999505e+03 -1.150540099999999984e+04 -3.682451099999999860e+04 -1.118640300000000025e+04 2.363702800000000437e+00 6.453666500000000417e-01 6.917794400000000373e+06 5.050699899999999441e+06 1.232339399999999863e+01
            v2_turb_12.0_23697.dat -8.874703399999998464e-04 8.395707799999999610e-01 8.539335600000000341e+03 9.198758000000000266e+02 7.677199100000000165e+00 1.011699400000000023e+05 -1.120417699999999968e+03 -9.672074199999999109e+03 9.553317900000000009e+03 -1.149320000000000073e+04 -3.584450300000000425e+04 -1.204150900000000001e+04 1.007102500000000012e+00 4.772572900000000562e-01 9.127774099999999627e+06 7.669477400000000373e+06 1.322728099999999962e+01
            v2_turb_12.0_28003.dat -1.553854699999999934e-03 8.866290000000000004e-01 8.122617099999999482e+03 8.615909800000000587e+02 7.519940199999999741e+00 9.369635199999999895e+04 -3.514461499999999887e+03 -1.369725699999999961e+04 9.399609599999999773e+03 -1.151439999999999964e+04 -3.778982400000000052e+04 -1.200333599999999933e+04 5.670656099999999977e-01 4.245371299999999848e-01 9.344290000000000000e+06 8.285118400000000373e+06 1.199019499999999994e+01
            v2_turb_12.0_29989.dat 0.000000000000000000e+00 8.316565299999999494e-01 7.875071600000000217e+03 8.590276999999999816e+02 7.699514599999999653e+00 9.632116599999999744e+04 6.944754399999999350e+02 -1.175287399999999980e+04 9.573779000000000451e+03 -1.150900100000000020e+04 -3.599954099999999744e+04 -1.228710699999999997e+04 8.682249300000000058e-01 4.642907299999999848e-01 8.950978699999999255e+06 7.440849700000000186e+06 1.339937699999999943e+01
            v2_turb_12.0_40278.dat -6.223796800000000462e-03 8.502739899999999240e-01 8.270386599999999817e+03 8.467348799999999756e+02 7.712624600000000719e+00 9.125243499999999767e+04 -2.763621500000000196e+03 -1.259130299999999806e+04 9.469679700000000594e+03 -1.151910100000000057e+04 -3.769713100000000122e+04 -1.228570800000000054e+04 8.679086700000000487e-01 4.612159299999999962e-01 9.344290000000000000e+06 7.938889900000000373e+06 1.298809499999999950e+01
            v2_turb_12.0_56645.dat -2.094210299999999664e-03 8.927729599999999488e-01 8.201469999999999345e+03 8.537658999999999878e+02 7.980819300000000283e+00 9.230867099999998754e+04 4.664663800000000265e+03 -1.000950200000000041e+04 1.010359800000000178e+04 -1.150060100000000057e+04 -3.664322199999999430e+04 -1.238400300000000061e+04 7.991073700000000946e-01 4.469715399999999450e-01 9.344290000000000000e+06 8.337647099999999627e+06 1.355789599999999950e+01
             v2_turb_12.0_6007.dat 0.000000000000000000e+00 7.454615099999999384e-01 6.534819899999999507e+03 8.555306099999999105e+02 5.906797399999999421e+00 9.341139699999998265e+04 2.033246499999999969e+03 -1.023453000000000065e+04 8.039448300000000017e+03 -1.151439999999999964e+04 -3.708422299999999814e+04 -1.213693199999999888e+04 7.536789700000000591e-01 4.488088200000000527e-01 7.192487500000000000e+06 5.364846000000000000e+06 1.310207699999999953e+01
            v2_turb_13.0_24246.dat 0.000000000000000000e+00 8.432938600000000617e-01 8.113379200000000310e+03 7.309073899999999639e+02 7.752118900000000146e+00 8.226491599999999744e+04 -1.170227900000000091e+03 -1.206254500000000007e+04 9.488126899999999296e+03 -1.152889999999999964e+04 -3.573932600000000093e+04 -1.245980499999999847e+04 -4.500717799999999769e-01 2.964479899999999390e-01 9.188254300000000745e+06 7.744556599999999627e+06 1.363349399999999889e+01
             v2_turb_13.0_3219.dat 4.695277900000000670e+00 9.250998500000000568e-01 8.855567800000000716e+03 7.742385900000000447e+02 8.115530200000000249e+00 8.599447499999999127e+04 -4.453302800000000389e+03 -1.126357299999999850e+04 1.048159600000000137e+04 -1.152329999999999927e+04 -3.062180199999999968e+04 -1.266900400000000081e+04 -3.071362299999999546e-02 3.501658599999999955e-01 1.059200000000000000e+07 9.800329900000000373e+06 1.417999999999999972e+01
            v2_turb_13.0_59662.dat 1.580669500000000172e+00 9.235520000000000396e-01 8.461963799999999537e+03 7.168579399999999850e+02 7.992821100000000456e+00 7.709125899999999092e+04 -3.825672400000000380e+03 -1.377120300000000134e+04 1.011929299999999967e+04 -1.155520000000000073e+04 -3.330580700000000070e+04 -1.259120200000000114e+04 -8.736048599999999276e-01 2.399953300000000067e-01 1.059200000000000000e+07 9.776359500000000000e+06 1.406466500000000153e+01
            v2_turb_13.0_63909.dat 2.090502500000000234e-05 9.221459800000000318e-01 8.711431200000000899e+03 7.570768000000000484e+02 7.954617499999999453e+00 8.121938300000000163e+04 1.756056499999999915e+03 -1.236381999999999789e+04 9.940406100000000151e+03 -1.154939999999999964e+04 -3.756155800000000454e+04 -1.265251299999999901e+04 -5.830532800000000071e-01 2.782976099999999731e-01 9.652729199999999255e+06 9.079171800000000745e+06 1.348259199999999858e+01
            v2_turb_13.0_64836.dat 8.679445199999999243e-04 9.272259299999999760e-01 8.988686000000001513e+03 8.097056599999999662e+02 8.324512799999999046e+00 8.924688199999999779e+04 -2.125143099999999777e+03 -9.798592200000000958e+03 1.040639899999999943e+04 -1.151330099999999766e+04 -3.488530600000000413e+04 -1.237301200000000063e+04 1.345458800000000066e-01 3.667989399999999622e-01 9.574578699999999255e+06 8.980024099999999627e+06 1.359639399999999831e+01
             v2_turb_13.0_6610.dat 4.393132300000000434e+00 9.266669800000000290e-01 8.738407299999998941e+03 7.839146900000000642e+02 7.744749799999999240e+00 8.236210800000000745e+04 -6.027320600000000923e+03 -1.359331499999999869e+04 9.967347300000001269e+03 -1.153329999999999927e+04 -3.257363499999999840e+04 -1.279879999999999927e+04 -5.281942599999999155e-01 2.857078499999999854e-01 1.059200000000000000e+07 9.812959400000000373e+06 1.426659899999999936e+01
            v2_turb_14.0_17103.dat 0.000000000000000000e+00 8.566127599999999731e-01 7.877288500000000568e+03 6.214233600000000024e+02 8.930596400000000656e+00 6.840622500000000582e+04 -3.945692900000000009e+03 -1.321310600000000159e+04 9.903387300000000323e+03 -1.158839999999999964e+04 -3.701328399999999965e+04 -1.310170399999999972e+04 -2.157449700000000359e+00 8.008044699999999905e-02 9.344290000000000000e+06 8.001429099999999627e+06 1.407109400000000043e+01
            v2_turb_14.0_33723.dat 1.741109699999999982e+00 9.301759800000000133e-01 9.112178100000000995e+03 7.516553299999999354e+02 8.563399499999999165e+00 8.123606600000000617e+04 6.637338900000000876e+02 -1.038981199999999990e+04 1.061109799999999996e+04 -1.151889999999999964e+04 -3.339377099999999336e+04 -1.259490299999999843e+04 -7.047840399999999450e-01 2.611289200000000421e-01 1.059200000000000000e+07 9.849889799999998882e+06 1.430169599999999974e+01
            v2_turb_14.0_34311.dat 4.517293699999999745e+00 9.233469899999999786e-01 8.928618000000000393e+03 7.135129699999999957e+02 9.043230400000000557e+00 8.090237799999999697e+04 -1.296040600000000040e+03 -1.063032299999999850e+04 1.002229599999999846e+04 -1.153300000000000000e+04 -3.147091999999999825e+04 -1.278561100000000079e+04 -1.082728499999999983e+00 2.148568399999999934e-01 1.059200000000000000e+07 9.778339699999999255e+06 1.465199399999999841e+01
            v2_turb_14.0_46217.dat 4.611792099999999728e+00 9.274939800000000512e-01 9.208899599999998827e+03 7.224519900000000234e+02 9.294918899999998985e+00 8.153044200000001001e+04 4.676981099999999969e+03 -9.695341099999999642e+03 1.067047999999999956e+04 -1.151520000000000073e+04 -3.122250800000000163e+04 -1.277910900000000038e+04 -9.570123499999999561e-01 2.221225699999999637e-01 1.059200000000000000e+07 9.822019600000001490e+06 1.452866500000000016e+01
             v2_turb_14.0_7720.dat 5.471656100000000578e+00 9.235589800000000293e-01 8.650405499999998938e+03 6.933037099999999100e+02 9.112758100000000638e+00 7.572481999999999243e+04 -4.847629599999998504e+02 -1.322834499999999935e+04 1.045629399999999805e+04 -1.155400000000000000e+04 -3.099226599999999962e+04 -1.270289999999999964e+04 -1.386630499999999877e+00 1.781766700000000092e-01 1.059200000000000000e+07 9.778949599999999627e+06 1.502448700000000059e+01
             v2_turb_14.0_8754.dat 3.344555900000000026e+00 9.231949100000000907e-01 8.756607099999999264e+03 6.490206899999999450e+02 8.652316599999998914e+00 7.041190700000000652e+04 -6.579951100000000224e+03 -1.302220100000000093e+04 1.061399700000000121e+04 -1.155100300000000061e+04 -3.176940200000000186e+04 -1.301410300000000097e+04 -1.380470700000000051e+00 1.753472000000000086e-01 1.059200000000000000e+07 9.780280000000000000e+06 1.420089400000000168e+01
            v2_turb_15.0_10279.dat 7.905813799999999780e+00 9.142809800000000209e-01 7.958593000000000757e+03 6.118088499999998930e+02 9.352900300000001721e+00 6.606944700000000012e+04 -9.896511000000000422e+02 -1.246408400000000074e+04 1.008649200000000019e+04 -1.158010000000000036e+04 -3.086623700000000099e+04 -1.342980299999999988e+04 -2.182054799999999961e+00 7.881603200000000808e-02 1.059200000000000000e+07 9.680819599999999627e+06 1.553349799999999981e+01
            v2_turb_15.0_22297.dat 5.897290500000000435e+00 9.172579899999999675e-01 8.082765900000000329e+03 5.929258899999999812e+02 9.234325099999999509e+00 6.650422800000001735e+04 2.496881499999999505e+03 -1.477001000000000022e+04 1.005299700000000121e+04 -1.160539999999999964e+04 -3.113311499999999796e+04 -1.330010900000000038e+04 -2.575460899999999942e+00 2.943298800000000021e-02 1.059200000000000000e+07 9.711149500000000000e+06 1.476038199999999989e+01
            v2_turb_15.0_25148.dat 5.381776300000000290e+00 9.247779799999999994e-01 8.752222399999998743e+03 6.243849499999998898e+02 9.075359399999999965e+00 7.063631199999999080e+04 -1.842045000000000073e+03 -1.067874300000000221e+04 1.047329699999999866e+04 -1.156850100000000020e+04 -2.956850999999999840e+04 -1.302101600000000144e+04 -1.777016399999999940e+00 1.282192500000000068e-01 1.059200000000000000e+07 9.793219799999998882e+06 1.553418300000000052e+01
            v2_turb_15.0_33167.dat 8.259918700000000058e+00 9.153499599999999070e-01 8.116762000000000626e+03 5.972456899999999678e+02 1.005239300000000036e+01 5.993290499999999884e+04 -3.027793200000000070e+03 -1.526171199999999953e+04 9.975159400000000460e+03 -1.161790099999999984e+04 -3.056351800000000003e+04 -1.341841300000000047e+04 -2.527581300000000031e+00 3.160091399999999384e-02 1.059200000000000000e+07 9.693599599999999627e+06 1.533339999999999925e+01
            v2_turb_15.0_41424.dat 5.874769699999999872e+00 9.244839799999999830e-01 8.051539400000000569e+03 6.213927500000000919e+02 9.486368900000000437e+00 6.696503100000001723e+04 -9.485941599999998289e+03 -1.352778400000000147e+04 1.000360000000000036e+04 -1.158429999999999927e+04 -3.169004400000000169e+04 -1.316000699999999961e+04 -2.169394000000000045e+00 8.028309100000000087e-02 1.059200000000000000e+07 9.786139500000000000e+06 1.523428000000000004e+01
            v2_turb_15.0_57600.dat 6.306611399999999534e+00 9.240649499999999961e-01 8.620396300000000338e+03 6.312479000000000724e+02 9.638843299999999559e+00 6.840494299999999930e+04 -4.156315799999999399e+03 -1.250542200000000048e+04 1.054919600000000173e+04 -1.156570000000000073e+04 -2.928970399999999790e+04 -1.323390200000000004e+04 -1.881637699999999969e+00 1.111777600000000005e-01 1.059200000000000000e+07 9.784079799999998882e+06 1.563509600000000077e+01
            v2_turb_16.0_19655.dat 8.600509700000001700e+00 9.145598300000000735e-01 8.291814099999999598e+03 6.229859900000000152e+02 1.001509199999999922e+01 6.333084300000000076e+04 -6.148398299999999836e+03 -1.219375300000000061e+04 1.026470000000000073e+04 -1.161289999999999964e+04 -2.822131799999999930e+04 -1.346140399999999863e+04 -2.097285999999999984e+00 8.971011799999999148e-02 1.059200000000000000e+07 9.685907300000000745e+06 1.556238600000000005e+01
            v2_turb_16.0_45772.dat 9.549487000000000947e+00 9.131579899999999750e-01 7.721848600000000260e+03 5.552167600000000220e+02 1.077939199999999964e+01 5.903018000000000029e+04 -2.179896200000000135e+03 -1.273400699999999961e+04 1.013519900000000052e+04 -1.163570100000000093e+04 -2.945242300000000250e+04 -1.356462900000000081e+04 -2.935404099999999961e+00 -1.487847199999999849e-02 1.059200000000000000e+07 9.676979900000000373e+06 1.595128500000000038e+01
            v2_turb_16.0_55975.dat 6.762141000000000624e+00 9.159438699999999933e-01 7.964646999999999935e+03 5.792076799999999821e+02 1.052969700000000053e+01 6.293023900000000140e+04 -7.610185599999998658e+02 -1.379931999999999971e+04 9.956377800000000207e+03 -1.161290099999999984e+04 -2.965454200000000128e+04 -1.353470400000000154e+04 -2.726293999999999773e+00 1.702461400000000041e-02 1.059200000000000000e+07 9.703248099999999627e+06 1.548279799999999895e+01
             v2_turb_16.0_5616.dat 9.148708899999999034e+00 9.262229899999999683e-01 8.479103199999999561e+03 6.214188000000000329e+02 1.084648400000000024e+01 6.664286800000000221e+04 -3.248963699999999790e+03 -1.178672700000000077e+04 1.029268400000000111e+04 -1.158580099999999948e+04 -2.802760399999999936e+04 -1.339390599999999904e+04 -2.030231099999999955e+00 9.649304999999999688e-02 1.059200000000000000e+07 9.805339800000000745e+06 1.595369499999999974e+01
            v2_turb_16.0_56353.dat 9.240299900000000122e+00 9.163669600000000637e-01 8.106055599999999686e+03 5.676206999999999425e+02 1.107879999999999932e+01 6.328164199999999255e+04 -4.772051300000000083e+03 -1.195422500000000036e+04 1.027748599999999897e+04 -1.159510099999999875e+04 -2.763800299999999697e+04 -1.332740499999999884e+04 -2.792014699999999738e+00 -2.566208099999998677e-03 1.059200000000000000e+07 9.709269000000000000e+06 1.538674599999999870e+01
             v2_turb_16.0_7031.dat 9.095039899999999733e+00 9.249589899999999254e-01 8.287082099999999627e+03 5.806299099999999953e+02 1.068509300000000017e+01 6.569276799999999639e+04 -4.861145800000000236e+03 -1.130861000000000058e+04 1.031110000000000036e+04 -1.158389999999999964e+04 -2.835660900000000038e+04 -1.340820900000000074e+04 -2.641142800000000346e+00 1.216896600000000328e-02 1.059200000000000000e+07 9.794059900000000373e+06 1.613289400000000029e+01
            v2_turb_17.0_20390.dat 8.075437200000001425e+00 9.166749899999999673e-01 7.492419799999999668e+03 5.225416099999999915e+02 9.648156399999999522e+00 5.318459599999999773e+04 -6.909443800000000010e+03 -1.363032199999999830e+04 1.001858400000000074e+04 -1.165920000000000073e+04 -2.872604899999999907e+04 -1.393102199999999903e+04 -3.545382199999999706e+00 -9.426162200000000324e-02 1.059200000000000000e+07 9.703839300000000745e+06 1.593810000000000038e+01
            v2_turb_17.0_37683.dat 8.579718500000000247e+00 9.191329700000000491e-01 7.960148599999999533e+03 5.339489199999999300e+02 1.168709499999999935e+01 5.867286800000000221e+04 8.523719499999999698e+02 -1.222466200000000026e+04 1.034318500000000131e+04 -1.163229999999999927e+04 -2.786130199999999968e+04 -1.371121900000000096e+04 -3.320834199999999736e+00 -6.842579499999998371e-02 1.059200000000000000e+07 9.730699900000000373e+06 1.619509000000000043e+01
            v2_turb_17.0_45521.dat 1.056429599999999880e+01 9.077009299999999614e-01 7.552317199999999502e+03 5.245756700000000592e+02 1.118888600000000011e+01 5.616031300000000192e+04 -1.268212500000000091e+03 -1.377053399999999965e+04 1.026039999999999964e+04 -1.164739999999999964e+04 -2.816024100000000180e+04 -1.377020000000000073e+04 -3.443540100000000326e+00 -7.970237600000000533e-02 1.059200000000000000e+07 9.616019300000000745e+06 1.651089600000000246e+01
            v2_turb_17.0_49865.dat 9.743206499999999437e+00 9.196297999999999417e-01 7.817897199999999430e+03 5.377850700000000188e+02 1.154649699999999868e+01 5.604115000000000146e+04 -5.135995799999999690e+03 -1.178390200000000004e+04 1.031849899999999980e+04 -1.163610100000000057e+04 -2.817790100000000166e+04 -1.388750599999999940e+04 -3.263096400000000230e+00 -6.217380300000000665e-02 1.059200000000000000e+07 9.734839200000001118e+06 1.585909900000000050e+01
            v2_turb_17.0_60465.dat 8.699901399999999896e+00 9.233699800000000346e-01 8.784599000000000160e+03 6.074180000000000064e+02 1.209919700000000020e+01 6.758691599999999744e+04 1.485128699999999981e+03 -1.001060100000000057e+04 1.035239499999999862e+04 -1.155579999999999927e+04 -2.641750200000000041e+04 -1.301400200000000041e+04 -2.210064999999999724e+00 6.775473700000000932e-02 1.059200000000000000e+07 9.783498800000000745e+06 1.628559899999999772e+01
             v2_turb_17.0_7334.dat 8.253158100000000275e+00 9.192979899999998983e-01 7.862002600000000712e+03 5.423657299999999850e+02 1.116665700000000072e+01 5.538328700000000390e+04 -9.575024499999999534e+02 -1.393274699999999939e+04 1.016569800000000032e+04 -1.162389999999999964e+04 -2.785192300000000250e+04 -1.369030500000000029e+04 -3.087078300000000386e+00 -3.976242699999999602e-02 1.059200000000000000e+07 9.734509899999998510e+06 1.586049599999999948e+01
            v2_turb_18.0_25103.dat 1.279729200000000056e+01 9.152120000000000255e-01 7.367509799999999814e+03 4.745522499999999582e+02 1.198999900000000096e+01 5.258205299999999988e+04 5.138080499999999802e+02 -1.215538600000000042e+04 1.020689799999999923e+04 -1.166390099999999984e+04 -2.747130199999999968e+04 -1.409170100000000093e+04 -3.910377199999999664e+00 -1.379026399999999930e-01 1.059200000000000000e+07 9.695379700000001118e+06 1.685759300000000138e+01
            v2_turb_18.0_27317.dat 1.000957400000000064e+01 9.106469899999999340e-01 7.271097099999999955e+03 4.797085199999999645e+02 1.179859399999999958e+01 5.023352699999999459e+04 -1.225977599999999939e+02 -1.423242099999999846e+04 1.029029900000000089e+04 -1.166220000000000073e+04 -2.838430299999999988e+04 -1.397560800000000199e+04 -3.787590700000000421e+00 -1.276604699999999704e-01 1.059200000000000000e+07 9.644399300000000745e+06 1.637707399999999680e+01
            v2_turb_18.0_28016.dat 6.067559400000000380e+00 9.136288799999999766e-01 7.967241200000000390e+03 5.166404999999999745e+02 1.095129799999999953e+01 5.642300100000000384e+04 -2.713410300000000007e+03 -1.124150100000000020e+04 1.042249499999999898e+04 -1.161480099999999948e+04 -2.716597400000000198e+04 -1.355350300000000061e+04 -3.439162099999999889e+00 -8.436355099999999496e-02 1.059200000000000000e+07 9.672269900000000373e+06 1.662028499999999909e+01
            v2_turb_18.0_34558.dat 1.120589299999999966e+01 9.149339300000000064e-01 6.999306500000000597e+03 4.740279900000000453e+02 1.149578299999999942e+01 4.779438700000000244e+04 -1.397771600000000035e+04 -1.645281199999999808e+04 9.737373699999998280e+03 -1.169640099999999802e+04 -2.871931300000000192e+04 -1.415431199999999990e+04 -3.971345200000000464e+00 -1.478887299999999960e-01 1.059200000000000000e+07 9.688959299999998882e+06 1.634428099999999873e+01
            v2_turb_18.0_46192.dat 1.119979599999999920e+01 9.154209100000000321e-01 7.614619199999999182e+03 4.907799499999999853e+02 1.192818800000000046e+01 5.162725600000000850e+04 -2.188917599999999766e+03 -1.193031199999999990e+04 1.031038699999999881e+04 -1.164089999999999964e+04 -2.727050700000000143e+04 -1.377531899999999951e+04 -3.740373400000000181e+00 -1.281201800000000002e-01 1.059200000000000000e+07 9.694907799999998882e+06 1.665469899999999726e+01
             v2_turb_18.0_8966.dat 1.005198999999999998e+01 9.069970000000000532e-01 7.644245000000000800e+03 4.986158199999999852e+02 1.212959500000000013e+01 5.255913600000000588e+04 -2.098883499999999913e+03 -1.326171099999999933e+04 1.035099899999999980e+04 -1.165050000000000000e+04 -2.766381699999999910e+04 -1.396153100000000086e+04 -3.392784600000000150e+00 -7.556030200000000974e-02 1.059200000000000000e+07 9.607376699999999255e+06 1.652679600000000448e+01
            v2_turb_19.0_17843.dat 1.188329900000000094e+01 9.128227399999999658e-01 7.444468600000000151e+03 4.807699199999999564e+02 1.297617800000000088e+01 4.834499100000000180e+04 -5.274674799999999777e+03 -1.283314600000000064e+04 1.023809699999999975e+04 -1.166070000000000073e+04 -2.707451800000000003e+04 -1.379240199999999822e+04 -4.327475100000000019e+00 -1.949326399999999904e-01 1.059200000000000000e+07 9.667007300000000745e+06 1.706699100000000158e+01
            v2_turb_19.0_20935.dat 1.073136799999999980e+01 9.119149500000000019e-01 6.584319999999999709e+03 4.210992400000000089e+02 1.256859199999999888e+01 3.988611099999999715e+04 -9.443026799999999639e+03 -1.796034000000000015e+04 1.017839899999999943e+04 -1.172120000000000073e+04 -2.816590000000000146e+04 -1.421361299999999937e+04 -4.674401800000000051e+00 -2.328041600000000100e-01 1.059200000000000000e+07 9.653029500000000000e+06 1.673347499999999854e+01
            v2_turb_19.0_33144.dat 1.354729500000000009e+01 9.125799099999999386e-01 6.845485399999999572e+03 4.265407799999999838e+02 1.245213099999999962e+01 4.500339400000000023e+04 -3.629616500000000087e+03 -1.399330399999999827e+04 9.914449799999998504e+03 -1.170239999999999964e+04 -2.716641200000000026e+04 -1.423242199999999866e+04 -4.711950899999999720e+00 -2.406204799999999977e-01 1.059200000000000000e+07 9.662250000000000000e+06 1.680919799999999853e+01
            v2_turb_19.0_51363.dat 1.201429900000000117e+01 9.093958799999999343e-01 7.406070000000000618e+03 4.708476299999999810e+02 1.210259500000000088e+01 5.009057499999999709e+04 -4.460708300000000236e+03 -1.207181300000000010e+04 9.933857100000001083e+03 -1.165610000000000036e+04 -2.820882799999999770e+04 -1.383913299999999981e+04 -4.494133600000000506e+00 -2.303310699999999989e-01 1.059200000000000000e+07 9.627718600000001490e+06 1.683476200000000134e+01
            v2_turb_19.0_56307.dat 1.066339599999999876e+01 9.179319599999999912e-01 7.505297500000000582e+03 4.849088499999999726e+02 1.192129500000000064e+01 5.001714399999999296e+04 -4.382034099999999853e+03 -1.195790799999999945e+04 1.012549300000000039e+04 -1.164730099999999948e+04 -2.754641000000000349e+04 -1.421691599999999926e+04 -4.153043000000000262e+00 -1.742345599999999828e-01 1.059200000000000000e+07 9.718529900000000373e+06 1.671789800000000170e+01
            v2_turb_19.0_63447.dat 1.257019600000000104e+01 9.149939899999999238e-01 7.995606199999999262e+03 4.802979799999999955e+02 1.356838100000000047e+01 5.439745599999999831e+04 1.501099899999999934e+03 -1.093789999999999964e+04 1.054079899999999907e+04 -1.161729999999999927e+04 -2.574880099999999948e+04 -1.372670200000000114e+04 -4.225140200000000235e+00 -1.910371299999999994e-01 1.059200000000000000e+07 9.694149399999998510e+06 1.696039199999999880e+01
            v2_turb_20.0_20852.dat 1.287288399999999911e+01 9.086127900000000590e-01 6.908670600000000377e+03 4.231733600000000024e+02 1.301328599999999902e+01 4.695804799999999523e+04 -4.678777500000001055e+03 -1.359685599999999795e+04 1.021500000000000000e+04 -1.170410000000000036e+04 -2.708502199999999721e+04 -1.423232199999999830e+04 -5.119858799999999377e+00 -2.928950599999999849e-01 1.059200000000000000e+07 9.616528799999998882e+06 1.694387000000000043e+01
            v2_turb_20.0_25497.dat 1.378929000000000116e+01 9.101739600000000596e-01 7.261202699999999822e+03 4.544206300000000738e+02 1.392818100000000037e+01 5.073619200000000274e+04 -5.261908699999999953e+03 -1.215570600000000013e+04 1.029489700000000084e+04 -1.167489999999999964e+04 -2.665470599999999831e+04 -1.387670900000000074e+04 -4.698118299999999969e+00 -2.479613299999999798e-01 1.059200000000000000e+07 9.639569600000001490e+06 1.720219700000000174e+01
            v2_turb_20.0_29025.dat 1.239632300000000065e+01 9.017808600000000174e-01 7.054059299999999894e+03 4.307689000000000306e+02 1.312247100000000088e+01 4.467058899999999267e+04 -4.058386399999999867e+03 -1.462562399999999980e+04 1.027349700000000121e+04 -1.170740099999999984e+04 -2.715334800000000178e+04 -1.392160800000000017e+04 -4.923488699999999163e+00 -2.685591900000000032e-01 1.059200000000000000e+07 9.550619599999999627e+06 1.715489600000000436e+01
            v2_turb_20.0_43745.dat 1.199359800000000043e+01 9.116488200000000264e-01 7.198380799999999908e+03 4.323177299999999832e+02 1.141815800000000003e+01 4.376624300000000221e+04 -7.392369599999999991e+03 -1.235669299999999930e+04 1.034279600000000028e+04 -1.167170100000000093e+04 -2.555693200000000070e+04 -1.389842599999999948e+04 -4.602504999999999846e+00 -2.337362799999999907e-01 1.059200000000000000e+07 9.655859800000000745e+06 1.694358500000000234e+01
            v2_turb_20.0_51504.dat 1.442708999999999975e+01 9.053249899999999961e-01 6.128405600000000049e+03 3.705344900000000052e+02 1.372929800000000000e+01 3.448848099999999977e+04 -1.153443499999999949e+04 -1.541212200000000121e+04 1.013719399999999951e+04 -1.177229999999999927e+04 -2.811200400000000081e+04 -1.493222400000000198e+04 -5.571487499999999038e+00 -3.483312199999999970e-01 1.059200000000000000e+07 9.589949200000001118e+06 1.731078899999999976e+01
            v2_turb_20.0_54726.dat 1.274126900000000084e+01 9.074339799999999734e-01 7.295142899999999827e+03 4.512008599999999774e+02 1.388799500000000009e+01 4.713367799999999988e+04 -2.816455000000000382e+03 -1.053741300000000047e+04 1.009517900000000009e+04 -1.167050000000000000e+04 -2.504430499999999665e+04 -1.392450799999999981e+04 -4.198501799999999839e+00 -1.862363300000000055e-01 1.059200000000000000e+07 9.613378699999999255e+06 1.708978400000000164e+01
            v2_turb_21.0_25181.dat 1.533395100000000078e+01 9.025299200000000965e-01 6.064043499999999767e+03 3.725084800000000200e+02 1.368839899999999865e+01 3.848682400000000052e+04 -7.053256000000000313e+03 -1.457080599999999868e+04 1.019079999999999927e+04 -1.173490200000000004e+04 -2.628580099999999948e+04 -1.462760000000000036e+04 -5.709313900000000608e+00 -3.764140300000000106e-01 1.059200000000000000e+07 9.561349700000001118e+06 1.741719000000000150e+01
             v2_turb_21.0_3963.dat 1.523249600000000115e+01 8.980899900000000047e-01 4.996387700000000223e+03 3.139919300000000248e+02 1.366768399999999950e+01 2.105035400000000300e+04 -2.287142000000000189e+04 -1.770901099999999860e+04 9.505449400000001333e+03 -1.187250100000000020e+04 -2.954647800000000279e+04 -1.522170499999999993e+04 -6.533543899999999738e+00 -4.547358000000000233e-01 1.059200000000000000e+07 9.511909500000000000e+06 1.718338199999999816e+01
            v2_turb_21.0_42162.dat 1.557278100000000087e+01 9.111308699999999261e-01 6.959318299999999908e+03 4.062116700000000264e+02 1.534439400000000120e+01 4.408146600000000035e+04 -8.905830500000000029e+03 -1.228957800000000134e+04 1.025159900000000016e+04 -1.171790099999999984e+04 -2.572100799999999799e+04 -1.412840599999999904e+04 -5.380215600000000542e+00 -3.339455299999999904e-01 1.059200000000000000e+07 9.647907099999999627e+06 1.760289000000000215e+01
             v2_turb_21.0_5160.dat 1.660179300000000069e+01 9.086060000000000247e-01 5.909169100000000071e+03 3.592903000000000020e+02 1.459688599999999958e+01 3.236089900000000125e+04 -7.249209100000000035e+03 -1.552460499999999956e+04 9.991225199999998949e+03 -1.179170200000000114e+04 -2.689924400000000242e+04 -1.468350100000000020e+04 -5.614706700000000161e+00 -3.538686799999999910e-01 1.059200000000000000e+07 9.616548199999999255e+06 1.730088799999999694e+01
            v2_turb_21.0_57341.dat 1.499059900000000134e+01 9.022759799999999775e-01 5.729932700000000295e+03 3.481652799999999957e+02 1.434468299999999985e+01 3.590838599999999860e+04 -4.383700899999999820e+03 -1.359602100000000064e+04 9.696437700000000405e+03 -1.177500100000000020e+04 -2.793080799999999726e+04 -1.465653100000000086e+04 -6.044814500000000201e+00 -4.066535700000000197e-01 1.059200000000000000e+07 9.548829099999999627e+06 1.755089399999999600e+01
            v2_turb_21.0_61500.dat 1.474005700000000019e+01 9.056359899999999463e-01 5.802682899999999790e+03 3.536774899999999775e+02 1.376369799999999977e+01 3.148455300000000352e+04 -6.793487000000000080e+03 -1.701657400000000052e+04 9.812195200000001932e+03 -1.178639999999999964e+04 -2.755523500000000058e+04 -1.451172200000000157e+04 -5.766042200000000228e+00 -3.615325699999999975e-01 1.059200000000000000e+07 9.586549300000000745e+06 1.728308200000000028e+01
            v2_turb_22.0_29503.dat 1.465709799999999952e+01 9.118649800000000472e-01 6.212159899999999652e+03 3.517291500000000042e+02 1.462565099999999951e+01 3.598184599999999773e+04 -9.414702799999999115e+03 -1.235543100000000049e+04 9.858604200000001583e+03 -1.177800000000000000e+04 -2.604526900000000023e+04 -1.447217000000000007e+04 -6.197339399999999721e+00 -4.230489899999999581e-01 1.059200000000000000e+07 9.654208300000000745e+06 1.778826499999999911e+01
            v2_turb_22.0_40013.dat 1.534268900000000002e+01 9.014509900000000631e-01 6.131333400000000438e+03 3.713237700000000245e+02 1.408344300000000082e+01 3.748697899999999936e+04 -7.919362900000000081e+03 -1.437774099999999999e+04 1.007139999999999964e+04 -1.175730099999999948e+04 -2.612510399999999572e+04 -1.456531399999999849e+04 -5.878210699999999456e+00 -3.852371199999999885e-01 1.059200000000000000e+07 9.551279300000000745e+06 1.778186299999999775e+01
            v2_turb_22.0_40231.dat 1.762259199999999737e+01 9.135869699999999982e-01 6.342893500000000131e+03 3.739552700000000414e+02 1.441189199999999992e+01 3.342313499999999476e+04 -1.434239100000000144e+04 -1.247618100000000049e+04 1.004489099999999962e+04 -1.176340099999999984e+04 -2.607330999999999767e+04 -1.434320100000000093e+04 -5.698757600000000423e+00 -3.665633700000000550e-01 1.059200000000000000e+07 9.673349299999998882e+06 1.804428000000000054e+01
            v2_turb_22.0_41304.dat 1.612869799999999643e+01 9.091839600000000132e-01 6.605368199999999888e+03 3.790416799999999284e+02 1.484898999999999880e+01 3.911313799999999901e+04 -6.419020299999999224e+03 -1.226702999999999884e+04 9.995689500000000407e+03 -1.173490099999999984e+04 -2.528372999999999956e+04 -1.413102799999999843e+04 -5.698974299999999715e+00 -3.615711699999999973e-01 1.059200000000000000e+07 9.626989699999999255e+06 1.771738100000000316e+01
            v2_turb_22.0_47014.dat 1.590000000000000036e+01 9.049159600000000747e-01 5.767958200000000033e+03 3.418945200000000000e+02 1.554558500000000087e+01 3.589369900000000780e+04 -1.840577600000000166e+04 -1.403294199999999910e+04 1.014719400000000132e+04 -1.180480399999999827e+04 -2.702130999999999767e+04 -1.473081099999999969e+04 -6.217292300000000438e+00 -4.272363699999999764e-01 1.059200000000000000e+07 9.573779699999999255e+06 1.786177199999999843e+01
            v2_turb_22.0_52742.dat 1.541157800000000044e+01 8.977548200000000644e-01 6.180576699999999619e+03 3.619418400000000133e+02 1.547199900000000028e+01 3.770744900000000052e+04 -1.122250799999999981e+04 -1.272906699999999910e+04 9.917184699999999793e+03 -1.176110100000000057e+04 -2.862154700000000230e+04 -1.461531599999999889e+04 -6.258031299999999852e+00 -4.342625499999999694e-01 1.059200000000000000e+07 9.504439100000001490e+06 1.790349800000000258e+01
            v2_turb_23.0_18883.dat 1.725169999999999959e+01 9.005809799999999754e-01 5.317363699999999881e+03 3.056914799999999559e+02 1.579327500000000128e+01 2.745637299999999959e+04 -1.532559999999999854e+04 -1.351380199999999968e+04 9.753639799999999013e+03 -1.181600000000000000e+04 -2.728921099999999933e+04 -1.473151300000000083e+04 -6.941205300000000022e+00 -5.143410999999999955e-01 1.059200000000000000e+07 9.530989900000000373e+06 1.800419899999999984e+01
            v2_turb_23.0_31026.dat 1.588079900000000144e+01 9.015279399999999166e-01 5.826825600000000122e+03 3.420389900000000125e+02 1.567059099999999994e+01 3.081133899999999994e+04 -1.517273899999999958e+04 -1.506272500000000218e+04 9.785074399999999514e+03 -1.178810100000000057e+04 -2.562351099999999860e+04 -1.424201299999999901e+04 -6.258197099999999402e+00 -4.339776099999999581e-01 1.059200000000000000e+07 9.552017900000000373e+06 1.781438100000000091e+01
            v2_turb_23.0_36127.dat 1.520527199999999901e+01 8.893788500000000541e-01 4.964379299999999603e+03 2.937755899999999656e+02 1.473388600000000004e+01 2.451344000000000233e+04 -1.251472100000000137e+04 -1.739343800000000192e+04 9.853899300000000949e+03 -1.183520500000000175e+04 -2.708447400000000198e+04 -1.508781599999999889e+04 -6.910367599999999833e+00 -5.125866599999999718e-01 1.059200000000000000e+07 9.410177699999999255e+06 1.775589199999999934e+01
            v2_turb_23.0_49683.dat 1.751909900000000064e+01 8.957068699999999328e-01 5.242430799999999181e+03 3.050064299999999662e+02 1.596258199999999938e+01 2.953822199999999793e+04 -2.130497800000000279e+04 -1.637900699999999961e+04 9.243388499999999112e+03 -1.183500199999999859e+04 -2.772640999999999985e+04 -1.464405499999999847e+04 -6.860650800000000160e+00 -5.068991299999999756e-01 1.059200000000000000e+07 9.490017199999999255e+06 1.795408099999999862e+01
            v2_turb_23.0_49834.dat 1.686667700000000281e+01 8.997848899999998373e-01 6.133187799999999697e+03 3.563192500000000109e+02 1.662886800000000065e+01 3.578093200000000070e+04 -1.520001299999999901e+04 -1.296941100000000006e+04 1.007099699999999939e+04 -1.178970199999999932e+04 -2.608350700000000143e+04 -1.461621299999999974e+04 -6.433683199999999935e+00 -4.613870999999999944e-01 1.059200000000000000e+07 9.529659699999999255e+06 1.796099099999999993e+01
            v2_turb_23.0_57680.dat 1.686098199999999991e+01 9.106379899999998973e-01 6.242858400000000074e+03 3.576848100000000272e+02 1.580538400000000010e+01 3.869275499999999738e+04 -6.307909200000000055e+03 -1.219592899999999827e+04 1.005929999999999927e+04 -1.175380099999999948e+04 -2.473390900000000329e+04 -1.410501100000000042e+04 -5.978811900000000179e+00 -3.982404099999999891e-01 1.059200000000000000e+07 9.637429399999998510e+06 1.793558499999999967e+01
            v2_turb_24.0_11244.dat 1.876340000000000074e+01 8.912184300000000059e-01 5.085155099999999948e+03 2.970764800000000037e+02 1.698709100000000305e+01 3.012539100000000326e+04 -1.086731599999999889e+04 -1.348594000000000051e+04 9.781311200000000099e+03 -1.183230099999999948e+04 -2.486410099999999875e+04 -1.448160100000000057e+04 -6.678260299999999816e+00 -4.896133099999999683e-01 1.059200000000000000e+07 9.432658500000000000e+06 1.831679899999999961e+01
            v2_turb_24.0_11250.dat 1.632259399999999872e+01 8.924249800000000343e-01 4.234028499999999440e+03 2.705367600000000152e+02 1.631748499999999780e+01 2.469767799999999988e+04 -1.639063300000000163e+04 -1.869723900000000140e+04 1.001909699999999975e+04 -1.189800100000000020e+04 -2.647309400000000096e+04 -1.527613500000000022e+04 -7.078275099999999931e+00 -5.230156099999999642e-01 1.059200000000000000e+07 9.444869900000000373e+06 1.779899599999999893e+01
              v2_turb_24.0_377.dat 1.809187799999999768e+01 8.980429800000000462e-01 4.785154500000000553e+03 2.860928200000000174e+02 1.728757000000000232e+01 2.936643400000000111e+04 -7.300846700000000055e+03 -1.600110499999999956e+04 1.003568800000000010e+04 -1.182000100000000020e+04 -2.541320100000000093e+04 -1.515994900000000052e+04 -7.315331399999999817e+00 -5.647505800000000020e-01 1.059200000000000000e+07 9.511679800000000745e+06 1.801687300000000036e+01
            v2_turb_24.0_44891.dat 1.848779500000000198e+01 8.876839100000000204e-01 4.393676900000000387e+03 2.688811499999999910e+02 1.550117900000000049e+01 2.192875500000000102e+04 -1.004614000000000124e+04 -2.024382400000000052e+04 9.270462799999999334e+03 -1.188970400000000154e+04 -2.694751699999999983e+04 -1.478181999999999971e+04 -7.694958899999999602e+00 -6.122952100000000897e-01 1.059200000000000000e+07 9.393029599999999627e+06 1.807149499999999875e+01
            v2_turb_24.0_50518.dat 1.768329899999999810e+01 9.030586400000000236e-01 5.311374899999999798e+03 3.143720800000000395e+02 1.696457200000000043e+01 3.182624299999999857e+04 -1.455450400000000081e+04 -1.283881899999999951e+04 9.779527400000000853e+03 -1.181470100000000093e+04 -2.383420400000000154e+04 -1.465257099999999991e+04 -6.704676300000000033e+00 -4.847624300000000219e-01 1.059200000000000000e+07 9.557649300000000745e+06 1.837028699999999759e+01
            v2_turb_24.0_60394.dat 1.756827700000000192e+01 8.942839899999999176e-01 5.290167199999999866e+03 2.900373000000000161e+02 1.622188600000000136e+01 2.594700999999999840e+04 -7.620870600000000195e+03 -1.472582899999999972e+04 9.364911200000000463e+03 -1.184450100000000020e+04 -2.811690700000000288e+04 -1.489872500000000036e+04 -7.613622700000000521e+00 -5.935518899999999709e-01 1.059200000000000000e+07 9.473137699999999255e+06 1.818137999999999721e+01
