1.0	 	 	 
1.0	 202.0	 	 
0.0	 5.38	 100.0	 1.0	 ;
5.0	 5.38	 100.0	 1.0	 ;
5.441623771328839	 5.4274948686670985	 99.12492098442532	 1.0	 ;
5.883247542657678	 5.474989737334197	 98.26502437645759	 1.0	 ;
6.324871313986517	 5.522484606001296	 97.41991845760045	 1.0	 ;
6.766495085315356	 5.569979474668394	 96.58922486999461	 1.0	 ;
7.2081188566441945	 5.617474343335493	 95.7725780516073	 1.0	 ;
7.649742627973034	 5.664969212002592	 94.96962469983391	 1.0	 ;
8.091366399301872	 5.71246408066969	 94.18002326185805	 1.0	 ;
8.532990170630711	 5.759958949336789	 93.40344345022567	 1.0	 ;
8.97461394195955	 5.8074538180038875	 92.63956578218972	 1.0	 ;
9.416237713288389	 5.886133139972589	 91.40126245980657	 1.0	 ;
9.857861484617228	 5.9097037488811495	 91.03671230590137	 1.0	 ;
10.299485255946069	 5.935300872733831	 90.64409901636449	 1.0	 ;
10.741109027274907	 5.962740510183487	 90.22696846880639	 1.0	 ;
11.182732798603746	 5.991838659882967	 89.78879948855435	 1.0	 ;
11.624356569932585	 6.022411320485126	 88.55612365566692	 1.0	 ;
12.065980341261424	 6.05427449064282	 87.23284251567209	 1.0	 ;
12.507604112590263	 6.0872441690089	 85.88652917876992	 1.0	 ;
12.949227883919102	 6.121136354236221	 84.52248636500386	 1.0	 ;
13.39085165524794	 6.155767044977633	 83.14570183319596	 1.0	 ;
13.83247542657678	 6.19095223988599	 81.76084673367903	 1.0	 ;
14.274099197905619	 6.226507937614149	 80.37227742405217	 1.0	 ;
14.715722969234458	 6.262250136814959	 78.98404028672789	 1.0	 ;
15.157346740563296	 6.297994836141275	 77.59987910524796	 1.0	 ;
15.598970511892137	 6.333558034245952	 76.22324458160882	 1.0	 ;
16.040594283220976	 6.368755729781839	 74.85730560721333	 1.0	 ;
16.482218054549815	 6.403403921401794	 73.50496193384834	 1.0	 ;
16.923841825878654	 6.437318641357837	 72.16885755014061	 1.0	 ;
17.365465597207493	 6.4703433466619815	 70.85109534125323	 1.0	 ;
17.80708936853633	 6.502398456762637	 69.55275704798105	 1.0	 ;
18.24871313986517	 6.533417791011244	 68.27467549225132	 1.0	 ;
18.69033691119401	 6.563335168759248	 67.01759483728253	 1.0	 ;
19.13196068252285	 6.5920844093580895	 65.78217678619704	 1.0	 ;
19.573584453851687	 6.619599332159216	 64.56900653652133	 1.0	 ;
20.015208225180526	 6.645813756514064	 63.37859849188543	 1.0	 ;
20.456831996509365	 6.670661501774082	 62.211401734238095	 1.0	 ;
20.898455767838204	 6.69407638729071	 61.06780526164298	 1.0	 ;
21.340079539167043	 6.715992232415393	 59.94814299824368	 1.0	 ;
21.78170331049588	 6.736342856499571	 58.85269858431216	 1.0	 ;
22.22332708182472	 6.7550620788946905	 57.7817099554525	 1.0	 ;
22.66495085315356	 6.772083718952193	 56.73537372104745	 1.0	 ;
23.1065746244824	 6.782616696274694	 55.75266067968537	 1.0	 ;
23.548198395811237	 6.782616696274694	 54.86370717130462	 1.0	 ;
23.989822167140076	 6.782616696274694	 53.98093454738606	 1.0	 ;
24.431445938468915	 6.782616696274694	 53.104842019025746	 1.0	 ;
24.873069709797754	 6.782616696274694	 52.235900901851295	 1.0	 ;
25.314693481126593	 6.782616696274694	 51.37455532163139	 1.0	 ;
25.756317252455432	 6.782616696274694	 50.5212229120061	 1.0	 ;
26.197941023784274	 6.782616696274694	 49.676295504338206	 1.0	 ;
26.639564795113113	 6.782616696274694	 48.840139809685304	 1.0	 ;
27.081188566441952	 6.782616696274694	 48.01309809289298	 1.0	 ;
27.52281233777079	 6.782616696274694	 47.19548883880865	 1.0	 ;
27.96443610909963	 6.782616696274694	 46.3876074106167	 1.0	 ;
28.40605988042847	 6.782616696274694	 45.589726700294065	 1.0	 ;
28.847683651757308	 6.782616696274694	 44.80209777118712	 1.0	 ;
29.289307423086147	 6.782616696274694	 44.024950492709124	 1.0	 ;
29.730931194414985	 6.782616696274694	 43.25849416715895	 1.0	 ;
30.172554965743824	 6.782616696274694	 42.5029181486604	 1.0	 ;
30.614178737072663	 6.782616696274694	 41.758392454222594	 1.0	 ;
31.055802508401502	 6.778933970084526	 41.04735566082238	 1.0	 ;
31.49742627973034	 6.764352161716407	 40.41190201412219	 1.0	 ;
31.93905005105918	 6.74845465656487	 39.792965470103034	 1.0	 ;
32.38067382238802	 6.731266963631527	 39.190250979455904	 1.0	 ;
32.822297593716854	 6.712814591917991	 38.60347200789621	 1.0	 ;
33.2639213650457	 6.693123050425874	 38.032350056985905	 1.0	 ;
33.70554513637454	 6.672217848156792	 37.476614213731395	 1.0	 ;
34.147168907703374	 6.650124494112355	 36.9360007266853	 1.0	 ;
34.58879267903221	 6.626868497294181	 36.410252606461555	 1.0	 ;
35.03041645036105	 6.60247536670388	 35.89911924873554	 1.0	 ;
35.472040221689895	 6.5769706113430635	 35.40235607795055	 1.0	 ;
35.91366399301873	 6.55037974021335	 34.91972421008372	 1.0	 ;
36.355287764347565	 6.522728262316346	 34.450990132946494	 1.0	 ;
36.79691153567641	 6.49404168665367	 33.995925402604946	 1.0	 ;
37.23853530700525	 6.464345522226937	 33.5543063546029	 1.0	 ;
37.680159078334086	 6.433665278037754	 33.125913828761654	 1.0	 ;
38.12178284966293	 6.402026463087736	 32.710532906411274	 1.0	 ;
38.56340662099176	 6.3694545863785015	 32.3079526589818	 1.0	 ;
39.005030392320606	 6.335975156911658	 31.917965906949203	 1.0	 ;
39.44665416364944	 6.30161368368882	 31.540368988192224	 1.0	 ;
39.888277934978284	 6.266395675711602	 31.17496153486876	 1.0	 ;
40.32990170630712	 6.230346641981617	 30.821546257971683	 1.0	 ;
40.77152547763596	 6.19349209150048	 30.479928738767022	 1.0	 ;
41.2131492489648	 6.1558575332698	 30.149917226358276	 1.0	 ;
41.65477302029364	 6.117468476291191	 29.831322440656084	 1.0	 ;
42.096396791622475	 6.078350429566272	 29.523957380065713	 1.0	 ;
42.53802056295132	 6.038528902096649	 29.227637133233454	 1.0	 ;
42.97964433428015	 5.99802940288394	 28.942178694219727	 1.0	 ;
43.421268105608995	 5.986715487645754	 28.524521225668288	 1.0	 ;
43.86289187693783	 5.930275601217588	 28.330432871995733	 1.0	 ;
44.30451564826667	 5.874710442716736	 28.13962277164495	 1.0	 ;
44.74613941959551	 5.819995751731105	 27.952185432080007	 1.0	 ;
45.18776319092435	 5.766109020045573	 27.76820014516105	 1.0	 ;
45.629386962253186	 5.713029372373236	 27.587731546872092	 1.0	 ;
46.07101073358203	 5.6607374400378125	 27.41083023330332	 1.0	 ;
46.512634504910864	 5.609215230641528	 27.23753341757104	 1.0	 ;
46.954258276239706	 5.558445996411982	 27.067865614002518	 1.0	 ;
47.39588204756855	 5.508414103567635	 26.901839337632026	 1.0	 ;
47.837505818897384	 5.459104904682014	 26.739455808792588	 1.0	 ;
48.279129590226226	 5.410504615672664	 26.580705654296082	 1.0	 ;
48.72075336155506	 5.362600198712222	 26.42556959827485	 1.0	 ;
49.162377132883904	 5.315379252046558	 26.274019137249162	 1.0	 ;
49.60400090421274	 5.268829907428984	 26.126017195297756	 1.0	 ;
50.04562467554158	 5.2229407356303765	 25.981518756382844	 1.0	 ;
50.48724844687042	 5.177700660270102	 25.840471471885255	 1.0	 ;
50.92887221819926	 5.133098880030267	 25.70281624225305	 1.0	 ;
51.370495989528095	 5.08912479916106	 25.56848777237842	 1.0	 ;
51.81211976085694	 5.045767966061145	 25.437415100875217	 1.0	 ;
52.25374353218577	 5.003017532564603	 25.30952456780959	 1.0	 ;
52.695367303514615	 4.960864182603714	 25.184730311185184	 1.0	 ;
53.13699107484345	 4.919297089285013	 25.06294989202106	 1.0	 ;
53.57861484617229	 4.878305912028411	 24.94409448472905	 1.0	 ;
54.02023861750113	 4.837880255502219	 24.828071882080952	 1.0	 ;
54.46186238882997	 4.79800964766109	 24.71478689146792	 1.0	 ;
54.903486160158806	 4.758683522938035	 24.604141712269705	 1.0	 ;
55.34510993148765	 4.719891209870623	 24.496036296814022	 1.0	 ;
55.786733702816484	 4.681621922563114	 24.390368696811535	 1.0	 ;
56.22835747414533	 4.643864755566205	 24.28703539623915	 1.0	 ;
56.66998124547416	 4.606608857630255	 24.185930708267744	 1.0	 ;
57.111605016803004	 4.567368334027862	 24.1	 1.0	 ;
57.55322878813184	 4.512860506538369	 24.099999999999998	 1.0	 ;
57.99485255946068	 4.459464564201681	 24.1	 1.0	 ;
58.43647633078952	 4.407135341459533	 24.1	 1.0	 ;
58.87810010211836	 4.355828624637858	 24.1	 1.0	 ;
59.319723873447195	 4.305501179786263	 24.100000000000005	 1.0	 ;
59.76134764477604	 4.2561107783001075	 24.1	 1.0	 ;
60.20297141610487	 4.207616220325059	 24.099999999999998	 1.0	 ;
60.644595187433715	 4.159977355944001	 24.099999999999998	 1.0	 ;
61.08621895876255	 4.113155104147194	 24.1	 1.0	 ;
61.52784273009139	 4.067111469583832	 24.1	 1.0	 ;
61.969466501420236	 4.021809557097382	 24.100000000000005	 1.0	 ;
62.41109027274907	 3.9772135840422296	 24.1	 1.0	 ;
62.85271404407791	 3.9332888903839476	 24.1	 1.0	 ;
63.29433781540675	 3.890001946581553	 24.1	 1.0	 ;
63.73596158673559	 3.8473203592521643	 24.1	 1.0	 ;
64.17758535806442	 3.8052128746186114	 24.1	 1.0	 ;
64.61920912939327	 3.763649379739306	 24.1	 1.0	 ;
65.0608329007221	 3.7226009015208574	 24.1	 1.0	 ;
65.50245667205095	 3.68203960351267	 24.1	 1.0	 ;
65.94408044337979	 3.6419387804851033	 24.1	 1.0	 ;
66.38570421470862	 3.6022728507890633	 24.1	 1.0	 ;
66.82732798603746	 3.5630173464990387	 24.1	 1.0	 ;
67.2689517573663	 3.5241489013378944	 24.1	 1.0	 ;
67.71057552869513	 3.4856452363846895	 24.1	 1.0	 ;
68.15219930002398	 3.447485143565197	 24.1	 1.0	 ;
68.59382307135282	 3.4096484669243154	 24.099999999999998	 1.0	 ;
69.03544684268165	 3.372116081681395	 24.1	 1.0	 ;
69.4770706140105	 3.334869871068508	 24.100000000000005	 1.0	 ;
69.91869438533934	 3.2978927009504106	 24.1	 1.0	 ;
70.36031815666817	 3.261168392227505	 24.1	 1.0	 ;
70.801941927997	 3.2246816910213982	 24.1	 1.0	 ;
71.24356569932586	 3.1884182366430838	 24.1	 1.0	 ;
71.68518947065469	 3.152364527343288	 24.1	 1.0	 ;
72.12681324198353	 3.1165078838453213	 24.100000000000005	 1.0	 ;
72.56843701331236	 3.080836410660923	 24.1	 1.0	 ;
73.01006078464121	 3.045338955188673	 24.099999999999998	 1.0	 ;
73.45168455597005	 3.010005064594299	 24.1	 1.0	 ;
73.89330832729888	 2.974824940473765	 24.100000000000005	 1.0	 ;
74.33493209862772	 2.939789391299463	 24.100000000000005	 1.0	 ;
74.77655586995657	 2.904889782648287	 24.1	 1.0	 ;
75.2181796412854	 2.8701179852124534	 24.100000000000005	 1.0	 ;
75.65980341261424	 2.8354663205928867	 24.100000000000005	 1.0	 ;
76.10142718394309	 2.8009275048750877	 24.100000000000005	 1.0	 ;
76.54305095527192	 2.7664945899875315	 24.099999999999998	 1.0	 ;
76.98467472660076	 2.732160902843168	 24.099999999999998	 1.0	 ;
77.4262984979296	 2.697919982261734	 24.1	 1.0	 ;
77.86792226925844	 2.6637655136773666	 24.1	 1.0	 ;
78.30954604058728	 2.629691261625787	 24.1	 1.0	 ;
78.75116981191611	 2.5956910000162514	 24.1	 1.0	 ;
79.19279358324495	 2.5617584401850406	 24.1	 1.0	 ;
79.6344173545738	 2.5278871567316012	 24.100000000000005	 1.0	 ;
80.07604112590263	 2.49407051113701	 24.100000000000005	 1.0	 ;
80.51766489723147	 2.4603015731657827	 24.1	 1.0	 ;
80.9592886685603	 2.426573040049534	 24.1	 1.0	 ;
81.40091243988915	 2.392877153452798	 24.099999999999998	 1.0	 ;
81.84253621121799	 2.359205614222744	 24.100000000000005	 1.0	 ;
82.28415998254683	 2.3255494949197613	 24.099999999999998	 1.0	 ;
82.72578375387566	 2.291899150132268	 24.100000000000005	 1.0	 ;
83.16740752520451	 2.258244124572137	 24.1	 1.0	 ;
83.60903129653335	 2.224573058954989	 24.1	 1.0	 ;
84.05065506786218	 2.1908735936608186	 24.099999999999998	 1.0	 ;
84.49227883919102	 2.157132270178308	 24.1	 1.0	 ;
84.93390261051987	 2.1233344303320147	 24.100000000000005	 1.0	 ;
85.3755263818487	 2.089464113290323	 24.100000000000005	 1.0	 ;
85.81715015317754	 2.055503950358405	 24.1	 1.0	 ;
86.25877392450637	 2.0214350575520075	 24.100000000000005	 1.0	 ;
86.70039769583522	 1.9872369259541278	 24.1	 1.0	 ;
87.14202146716406	 1.9528873098545179	 24.1	 1.0	 ;
87.58364523849289	 1.9183621126709103	 24.1	 1.0	 ;
88.02526900982173	 1.8836352706550483	 24.1	 1.0	 ;
88.46689278115058	 1.8486786343772494	 24.1	 1.0	 ;
88.90851655247941	 1.813461847998277	 24.1	 1.0	 ;
89.35014032380825	 1.7779522263193583	 24.1	 1.0	 ;
89.7917640951371	 1.7421146296183097	 24.1	 1.0	 ;
90.23338786646593	 1.705911336265604	 24.1	 1.0	 ;
90.67501163779477	 1.6693019131238243	 24.1	 1.0	 ;
91.1166354091236	 1.6322430837312125	 24.1	 1.0	 ;
91.55825918045245	 1.5946885942646867	 24.1	 1.0	 ;
91.99988295178129	 1.5565890772882207	 24.1	 1.0	 ;
92.44150672311012	 1.5178919132820454	 24.1	 1.0	 ;
92.88313049443896	 1.4785410899552482	 24.1	 1.0	 ;
97.77171630993575	 0.8131975994753866	 24.1	 1.0	 ;
