Statistics: max. Generated: 10/11/2021 11:32:51. No. files: 120.
                              File                       4                      10                      13                      15                      17                      18                      20                      21                      25                      26                      27                      61                      64                      70                     100                     108
       dtu_10mw_rwt_05.0_21716.dat 0.000000000000000000e+00 4.683129999999999793e-01 6.261140000000000327e+02 8.283920000000000172e+00 1.144910000000000000e+05 2.931779999999999927e+04 3.888900000000000091e+03 5.955890000000000327e+03 -1.586309999999999945e+03 -3.549440000000000055e+03 1.508260000000000036e+04 1.947139999999999915e+01 2.048119999999999941e+00 4.444940000000000000e+06 2.071520000000000000e+06 8.269740000000000180e+01
       dtu_10mw_rwt_05.0_40322.dat 0.000000000000000000e+00 4.153930000000000122e-01 4.971560000000000059e+02 8.061560000000000059e+00 6.139519999999999709e+04 1.352860000000000036e+04 -2.079250000000000000e+03 4.247380000000000109e+03 -1.923180000000000064e+03 -3.441090000000000146e+03 1.399720000000000073e+04 1.646600000000000108e+01 2.011080000000000201e+00 3.516920000000000000e+06 1.459270000000000000e+06 8.270730000000000359e+01
       dtu_10mw_rwt_05.0_43619.dat 0.000000000000000000e+00 4.789030000000000231e-01 6.508150000000000546e+02 9.545529999999999404e+00 1.181630000000000000e+05 2.472290000000000146e+04 3.592429999999999836e+03 6.130899999999999636e+03 -2.191199999999999818e+03 -2.172409999999999854e+03 1.495279999999999927e+04 1.875619999999999976e+01 2.078689999999999927e+00 4.701090000000000000e+06 2.254240000000000000e+06 8.271070000000000277e+01
       dtu_10mw_rwt_05.0_47165.dat 0.000000000000000000e+00 3.861269999999999980e-01 4.471299999999999955e+02 9.217629999999999768e+00 6.604939999999999418e+04 1.329079999999999927e+04 3.310489999999999782e+02 3.805269999999999982e+03 -1.973539999999999964e+03 -2.481460000000000036e+03 1.382379999999999927e+04 1.945880000000000010e+01 2.150279999999999969e+00 3.041140000000000000e+06 1.173160000000000000e+06 8.275220000000000198e+01
       dtu_10mw_rwt_05.0_47952.dat 0.000000000000000000e+00 4.990729999999999889e-01 6.990180000000000291e+02 8.237959999999999283e+00 1.241910000000000000e+05 2.974420000000000073e+04 2.613340000000000146e+03 5.792489999999999782e+03 -1.969400000000000091e+03 -1.974039999999999964e+03 1.416970000000000073e+04 2.145769999999999911e+01 2.096919999999999895e+00 5.065540000000000000e+06 2.524390000000000000e+06 8.269450000000000500e+01
       dtu_10mw_rwt_05.0_50292.dat 0.000000000000000000e+00 4.204910000000000037e-01 5.136939999999999600e+02 7.895480000000000054e+00 6.232550000000000000e+04 1.554720000000000073e+04 -1.334390000000000100e+03 4.461579999999999927e+03 -1.762049999999999955e+03 -2.514360000000000127e+03 1.478900000000000000e+04 1.882969999999999899e+01 2.061840000000000117e+00 3.600180000000000000e+06 1.509000000000000000e+06 8.269050000000000011e+01
       dtu_10mw_rwt_06.0_14324.dat 0.000000000000000000e+00 4.997500000000000275e-01 7.160040000000000191e+02 9.177080000000000126e+00 1.326510000000000000e+05 3.706200000000000000e+04 4.678500000000000000e+03 6.303149999999999636e+03 -2.625730000000000018e+03 -3.753860000000000127e+03 1.464500000000000000e+04 1.675090000000000146e+01 2.004980000000000206e+00 5.096170000000000000e+06 2.545860000000000000e+06 8.263479999999999848e+01
       dtu_10mw_rwt_06.0_26862.dat 0.000000000000000000e+00 5.199979999999999603e-01 7.704349999999999454e+02 1.005540000000000056e+01 1.277090000000000000e+05 3.106190000000000146e+04 2.724360000000000127e+03 6.428319999999999709e+03 -2.214530000000000200e+03 -3.111619999999999891e+03 1.479529999999999927e+04 1.742449999999999832e+01 2.008659999999999890e+00 5.500180000000000000e+06 2.852470000000000000e+06 8.270409999999999684e+01
       dtu_10mw_rwt_06.0_47824.dat 0.000000000000000000e+00 4.757080000000000197e-01 6.789279999999999973e+02 1.006530000000000058e+01 1.026940000000000000e+05 2.391079999999999927e+04 5.079649999999999750e+02 5.414470000000000255e+03 -1.746099999999999909e+03 -2.569750000000000000e+03 1.455029999999999927e+04 1.716310000000000002e+01 2.021850000000000147e+00 4.589890000000000000e+06 2.178560000000000000e+06 8.273130000000000450e+01
       dtu_10mw_rwt_06.0_51321.dat 0.000000000000000000e+00 5.449690000000000367e-01 8.249500000000000455e+02 1.031250000000000000e+01 1.307520000000000000e+05 4.444419999999999709e+04 2.698889999999999873e+03 7.057380000000000109e+03 -2.918190000000000055e+03 -3.646139999999999873e+03 1.461870000000000073e+04 1.793270000000000053e+01 2.014120000000000132e+00 6.033870000000000000e+06 3.279320000000000000e+06 8.267900000000000205e+01
       dtu_10mw_rwt_06.0_52263.dat 0.000000000000000000e+00 5.242839999999999723e-01 7.526259999999999764e+02 9.413270000000000692e+00 1.437130000000000000e+05 6.332750000000000000e+04 2.883440000000000055e+03 7.221289999999999964e+03 -3.235309999999999945e+03 -5.091300000000000182e+03 1.556779999999999927e+04 1.528090000000000082e+01 1.901240000000000041e+00 5.614740000000000000e+06 2.945320000000000000e+06 8.260429999999999495e+01
       dtu_10mw_rwt_06.0_55769.dat 0.000000000000000000e+00 5.309300000000000130e-01 7.831620000000000346e+02 9.722049999999999415e+00 1.804530000000000000e+05 6.267180000000000291e+04 3.056820000000000164e+03 7.239920000000000073e+03 -2.719559999999999945e+03 -3.388579999999999927e+03 1.610929999999999927e+04 2.012409999999999854e+01 2.046689999999999898e+00 5.729570000000000000e+06 3.035790000000000000e+06 8.261929999999999552e+01
        dtu_10mw_rwt_07.0_2336.dat 0.000000000000000000e+00 7.172150000000000469e-01 1.429460000000000036e+03 1.121110000000000007e+01 2.075040000000000000e+05 5.789550000000000000e+04 1.237960000000000036e+04 1.220839999999999964e+04 -3.314170000000000073e+03 -5.003220000000000255e+03 1.903359999999999854e+04 1.933269999999999911e+01 2.016509999999999803e+00 1.046410000000000000e+07 7.501420000000000000e+06 8.255500000000000682e+01
       dtu_10mw_rwt_07.0_40743.dat 0.000000000000000000e+00 6.314020000000000188e-01 1.141180000000000064e+03 1.009299999999999997e+01 1.676690000000000000e+05 7.973300000000000000e+04 7.473020000000000437e+03 9.932739999999999782e+03 -4.000570000000000164e+03 -6.768550000000000182e+03 1.661050000000000000e+04 1.527660000000000018e+01 1.917759999999999909e+00 8.139740000000000000e+06 5.133320000000000000e+06 8.250600000000000023e+01
       dtu_10mw_rwt_07.0_45626.dat 0.000000000000000000e+00 5.935829999999999718e-01 1.031829999999999927e+03 1.143140000000000001e+01 1.694370000000000000e+05 5.454469999999999709e+04 5.723949999999999818e+03 8.695479999999999563e+03 -3.475159999999999854e+03 -5.010170000000000073e+03 1.613079999999999927e+04 1.628539999999999921e+01 1.965899999999999981e+00 7.167660000000000000e+06 4.239250000000000000e+06 8.255500000000000682e+01
       dtu_10mw_rwt_07.0_52870.dat 0.000000000000000000e+00 6.305699999999999639e-01 1.136190000000000055e+03 1.092619999999999969e+01 1.944340000000000000e+05 8.298619999999999709e+04 1.214889999999999964e+04 1.044320000000000073e+04 -4.451890000000000327e+03 -3.998239999999999782e+03 1.592629999999999927e+04 1.593839999999999968e+01 1.915189999999999948e+00 8.101200000000000000e+06 5.095880000000000000e+06 8.250230000000000530e+01
       dtu_10mw_rwt_07.0_52899.dat 0.000000000000000000e+00 5.924270000000000369e-01 1.038730000000000018e+03 1.054449999999999932e+01 2.031830000000000000e+05 6.735960000000000582e+04 7.791460000000000036e+03 9.106659999999999854e+03 -3.317349999999999909e+03 -3.316969999999999800e+03 1.646740000000000146e+04 1.796719999999999828e+01 2.025830000000000020e+00 7.178990000000000000e+06 4.252560000000000000e+06 8.257580000000000098e+01
        dtu_10mw_rwt_07.0_8564.dat 0.000000000000000000e+00 6.363330000000000375e-01 1.141309999999999945e+03 9.736240000000000450e+00 1.771870000000000000e+05 9.321650000000000000e+04 6.328949999999999818e+03 1.007770000000000073e+04 -3.010809999999999945e+03 -4.405859999999999673e+03 1.550260000000000036e+04 1.905780000000000030e+01 1.966660000000000075e+00 8.302700000000000000e+06 5.280260000000000000e+06 8.256010000000000559e+01
       dtu_10mw_rwt_08.0_15536.dat 0.000000000000000000e+00 7.373750000000000027e-01 1.538430000000000064e+03 1.178309999999999924e+01 2.122420000000000000e+05 8.297860000000000582e+04 1.755929999999999927e+04 1.262689999999999964e+04 -4.408170000000000073e+03 -6.904239999999999782e+03 1.828420000000000073e+04 1.537860000000000049e+01 1.926010000000000000e+00 1.086170000000000000e+07 8.022950000000000000e+06 8.254989999999999384e+01
       dtu_10mw_rwt_08.0_22441.dat 0.000000000000000000e+00 7.015460000000000029e-01 1.383549999999999955e+03 1.236410000000000053e+01 1.899810000000000000e+05 5.837980000000000291e+04 1.447710000000000036e+04 1.185950000000000000e+04 -5.056760000000000218e+03 -8.599290000000000873e+03 1.686950000000000000e+04 1.556349999999999945e+01 1.887680000000000025e+00 1.001660000000000000e+07 7.004980000000000000e+06 8.245390000000000441e+01
       dtu_10mw_rwt_08.0_32293.dat 0.000000000000000000e+00 6.906130000000000324e-01 1.395710000000000036e+03 1.146909999999999918e+01 2.061600000000000000e+05 7.837100000000000000e+04 1.011620000000000073e+04 1.068489999999999964e+04 -3.924690000000000055e+03 -5.502390000000000327e+03 1.742670000000000073e+04 1.617040000000000077e+01 1.942600000000000104e+00 9.685320000000000000e+06 6.655610000000000000e+06 8.249739999999999895e+01
       dtu_10mw_rwt_08.0_41120.dat 0.000000000000000000e+00 7.405490000000000128e-01 1.489740000000000009e+03 1.274469999999999992e+01 1.964910000000000000e+05 7.473460000000000582e+04 9.816569999999999709e+03 1.290160000000000036e+04 -4.900930000000000291e+03 -4.742750000000000000e+03 1.852779999999999927e+04 1.616130000000000067e+01 1.917980000000000018e+00 1.086170000000000000e+07 8.056940000000000000e+06 8.237109999999999843e+01
       dtu_10mw_rwt_08.0_46290.dat 0.000000000000000000e+00 6.732749999999999568e-01 1.281640000000000100e+03 1.237170000000000059e+01 1.899260000000000000e+05 7.409800000000000000e+04 9.296870000000000800e+03 1.146510000000000036e+04 -4.158920000000000073e+03 -5.292779999999999745e+03 1.868179999999999927e+04 1.700270000000000081e+01 2.007740000000000080e+00 9.268360000000000000e+06 6.240710000000000000e+06 8.252599999999999625e+01
       dtu_10mw_rwt_08.0_60415.dat 0.000000000000000000e+00 6.802789999999999671e-01 1.313119999999999891e+03 1.228720000000000034e+01 1.666910000000000000e+05 8.130419999999999709e+04 5.823890000000000327e+03 1.085810000000000036e+04 -4.922909999999999854e+03 -7.574960000000000036e+03 1.770129999999999927e+04 1.436570000000000036e+01 1.849960000000000049e+00 9.404720000000000000e+06 6.374850000000000000e+06 8.241849999999999454e+01
       dtu_10mw_rwt_09.0_26343.dat 2.188909999999999911e+00 8.197929999999999939e-01 1.772759999999999991e+03 1.446620000000000061e+01 2.275980000000000000e+05 4.992890000000000146e+04 1.536600000000000000e+04 1.531410000000000036e+04 -5.525250000000000000e+03 -7.989380000000000109e+03 1.916450000000000000e+04 1.501779999999999937e+01 1.906549999999999967e+00 1.256390000000000000e+07 1.001230000000000000e+07 8.241750000000000398e+01
       dtu_10mw_rwt_09.0_34715.dat 0.000000000000000000e+00 7.363089999999999913e-01 1.524319999999999936e+03 1.465970000000000084e+01 2.030150000000000000e+05 5.074240000000000146e+04 1.219520000000000073e+04 1.368600000000000000e+04 -6.483720000000000255e+03 -9.158579999999999927e+03 1.917290000000000146e+04 1.582290000000000063e+01 1.891990000000000061e+00 1.086170000000000000e+07 7.996090000000000000e+06 8.231310000000000571e+01
        dtu_10mw_rwt_09.0_5751.dat 1.910160000000000080e+00 8.171779999999999600e-01 1.730240000000000009e+03 1.399050000000000082e+01 2.225220000000000000e+05 6.366400000000000000e+04 1.695209999999999854e+04 1.446089999999999964e+04 -5.584890000000000327e+03 -8.244479999999999563e+03 1.807679999999999927e+04 1.530320000000000036e+01 1.908549999999999969e+00 1.232410000000000000e+07 1.001290000000000000e+07 8.239719999999999800e+01
       dtu_10mw_rwt_09.0_59920.dat 2.810550000000000104e+00 8.248229999999999729e-01 1.717950000000000045e+03 1.484720000000000084e+01 2.076560000000000000e+05 4.647130000000000291e+04 1.571520000000000073e+04 1.448229999999999927e+04 -6.626600000000000364e+03 -1.051150000000000000e+04 1.732000000000000000e+04 1.479659999999999975e+01 1.883650000000000047e+00 1.256900000000000000e+07 1.001210000000000000e+07 8.233100000000000307e+01
        dtu_10mw_rwt_09.0_8821.dat 1.425549999999999873e-01 7.915419999999999678e-01 1.706210000000000036e+03 1.363090000000000046e+01 2.181020000000000000e+05 4.784780000000000291e+04 1.308360000000000036e+04 1.380970000000000073e+04 -5.480590000000000146e+03 -5.981229999999999563e+03 1.931100000000000000e+04 1.446909999999999918e+01 1.872069999999999901e+00 1.104190000000000000e+07 8.713560000000000000e+06 8.240349999999999397e+01
        dtu_10mw_rwt_09.0_9468.dat 0.000000000000000000e+00 7.876710000000000100e-01 1.613660000000000082e+03 1.471090000000000053e+01 2.128900000000000000e+05 3.803669999999999709e+04 1.487539999999999964e+04 1.313829999999999927e+04 -5.532949999999999818e+03 -8.296209999999999127e+03 1.787340000000000146e+04 1.525750000000000028e+01 1.946450000000000014e+00 1.086170000000000000e+07 8.561700000000000000e+06 8.241559999999999775e+01
       dtu_10mw_rwt_10.0_13708.dat 7.566620000000000346e+00 8.339790000000000258e-01 1.774829999999999927e+03 1.524639999999999951e+01 2.287360000000000000e+05 3.824830000000000291e+04 2.179600000000000000e+04 1.547079999999999927e+04 -9.009250000000000000e+03 -1.394300000000000000e+04 2.006200000000000000e+04 1.459329999999999927e+01 1.871429999999999927e+00 1.283590000000000000e+07 1.002780000000000000e+07 8.216100000000000136e+01
        dtu_10mw_rwt_10.0_2246.dat 7.008370000000000211e+00 8.279750000000000165e-01 1.808609999999999900e+03 1.700580000000000069e+01 2.299100000000000000e+05 3.811380000000000291e+04 1.781970000000000073e+04 1.515900000000000000e+04 -7.272739999999999782e+03 -5.192720000000000255e+03 1.921179999999999927e+04 1.500670000000000037e+01 1.904949999999999921e+00 1.270190000000000000e+07 1.002260000000000000e+07 8.223029999999999973e+01
       dtu_10mw_rwt_10.0_25797.dat 4.654659999999999798e+00 8.296970000000000178e-01 1.860609999999999900e+03 1.463649999999999984e+01 2.305210000000000000e+05 4.537800000000000000e+04 2.015390000000000146e+04 1.511710000000000036e+04 -6.905520000000000437e+03 -5.220729999999999563e+03 1.932520000000000073e+04 1.523969999999999914e+01 1.901489999999999903e+00 1.275360000000000000e+07 1.002110000000000000e+07 8.235450000000000159e+01
       dtu_10mw_rwt_10.0_25824.dat 6.730649999999999800e+00 8.269750000000000156e-01 1.720779999999999973e+03 1.689539999999999864e+01 2.218380000000000000e+05 5.038690000000000146e+04 1.234460000000000036e+04 1.430110000000000036e+04 -7.413510000000000218e+03 -9.833549999999999272e+03 1.823150000000000000e+04 1.589930000000000021e+01 1.951179999999999914e+00 1.266270000000000000e+07 1.002280000000000000e+07 8.234409999999999741e+01
       dtu_10mw_rwt_10.0_53407.dat 6.072890000000000121e+00 8.337529999999999664e-01 1.836549999999999955e+03 1.534459999999999980e+01 2.496270000000000000e+05 4.981150000000000000e+04 1.761650000000000000e+04 1.545020000000000073e+04 -6.834430000000000291e+03 -1.230439999999999964e+04 1.960950000000000000e+04 1.497300000000000075e+01 1.898519999999999985e+00 1.280740000000000000e+07 1.001850000000000000e+07 8.230119999999999436e+01
        dtu_10mw_rwt_10.0_7055.dat 6.957880000000000287e+00 8.379619999999999846e-01 1.819220000000000027e+03 1.518999999999999950e+01 2.412540000000000000e+05 6.615660000000000582e+04 1.840120000000000073e+04 1.525939999999999964e+04 -6.896600000000000364e+03 -8.358239999999999782e+03 1.998429999999999927e+04 1.615820000000000078e+01 1.937799999999999967e+00 1.283630000000000000e+07 1.002490000000000000e+07 8.240160000000000196e+01
        dtu_10mw_rwt_11.0_1633.dat 8.847830000000000084e+00 8.350629999999999997e-01 1.831809999999999945e+03 1.625459999999999994e+01 2.481580000000000000e+05 5.405700000000000000e+04 2.807390000000000146e+04 1.602150000000000000e+04 -8.668969999999999345e+03 -6.119670000000000073e+03 2.089909999999999854e+04 1.565320000000000000e+01 1.956560000000000077e+00 1.291740000000000000e+07 1.002330000000000000e+07 8.239740000000000464e+01
       dtu_10mw_rwt_11.0_25765.dat 1.064990000000000059e+01 8.356529999999999792e-01 1.800299999999999955e+03 1.615289999999999893e+01 2.254290000000000000e+05 4.668859999999999854e+04 1.657790000000000146e+04 1.573660000000000036e+04 -9.129719999999999345e+03 -1.199420000000000073e+04 1.914700000000000000e+04 1.403059999999999974e+01 1.832619999999999916e+00 1.289690000000000000e+07 1.002020000000000000e+07 8.234669999999999845e+01
       dtu_10mw_rwt_11.0_37345.dat 1.072669999999999924e+01 8.357369999999999521e-01 1.815970000000000027e+03 1.613749999999999929e+01 2.392110000000000000e+05 3.932200000000000000e+04 2.185640000000000146e+04 1.565560000000000036e+04 -9.470920000000000073e+03 -9.181350000000000364e+03 2.182720000000000073e+04 1.354739999999999966e+01 1.809960000000000013e+00 1.300240000000000000e+07 1.003510000000000000e+07 8.251269999999999527e+01
       dtu_10mw_rwt_11.0_41193.dat 1.056049999999999933e+01 8.366249999999999520e-01 1.788720000000000027e+03 1.667830000000000013e+01 2.201420000000000000e+05 3.295490000000000146e+04 1.400329999999999927e+04 1.522070000000000073e+04 -8.903500000000000000e+03 -1.138729999999999927e+04 2.056209999999999854e+04 1.512079999999999913e+01 1.882500000000000062e+00 1.303120000000000000e+07 1.002060000000000000e+07 8.228300000000000125e+01
       dtu_10mw_rwt_11.0_43724.dat 9.298260000000000858e+00 8.394519999999999760e-01 1.742259999999999991e+03 1.587870000000000026e+01 2.277450000000000000e+05 3.502080000000000291e+04 1.414700000000000000e+04 1.502710000000000036e+04 -9.464629999999999200e+03 -1.342760000000000036e+04 1.997290000000000146e+04 1.394260000000000055e+01 1.816699999999999982e+00 1.275790000000000000e+07 1.002230000000000000e+07 8.218980000000000530e+01
       dtu_10mw_rwt_11.0_59287.dat 8.140480000000000160e+00 8.372650000000000370e-01 1.841319999999999936e+03 1.625159999999999982e+01 2.401070000000000000e+05 4.795959999999999854e+04 2.380790000000000146e+04 1.546900000000000000e+04 -8.602309999999999491e+03 -1.207210000000000036e+04 2.026550000000000000e+04 1.572610000000000063e+01 1.940350000000000019e+00 1.293240000000000000e+07 1.002550000000000000e+07 8.243030000000000257e+01
       dtu_10mw_rwt_12.0_23697.dat 1.068110000000000070e+01 8.388390000000000013e-01 1.828279999999999973e+03 1.717170000000000130e+01 2.299110000000000000e+05 4.371159999999999854e+04 1.964209999999999854e+04 1.540960000000000036e+04 -1.125900000000000000e+04 -8.282329999999999927e+03 2.004400000000000000e+04 1.287170000000000059e+01 1.728990000000000027e+00 1.289630000000000000e+07 1.002600000000000000e+07 8.247230000000000416e+01
       dtu_10mw_rwt_12.0_28003.dat 1.131949999999999967e+01 8.484369999999999967e-01 1.851049999999999955e+03 1.798799999999999955e+01 2.360580000000000000e+05 4.267680000000000291e+04 2.288670000000000073e+04 1.550410000000000036e+04 -1.149460000000000036e+04 -6.123130000000000109e+03 1.987359999999999854e+04 1.296439999999999948e+01 1.755959999999999965e+00 1.307600000000000000e+07 1.003080000000000000e+07 8.253180000000000405e+01
       dtu_10mw_rwt_12.0_29989.dat 1.164530000000000065e+01 8.397689999999999877e-01 1.762039999999999964e+03 1.760760000000000147e+01 2.293690000000000000e+05 4.371380000000000291e+04 1.942690000000000146e+04 1.539789999999999964e+04 -1.106489999999999964e+04 -4.880100000000000364e+03 1.984900000000000000e+04 1.268790000000000084e+01 1.733160000000000034e+00 1.295730000000000000e+07 1.002910000000000000e+07 8.230769999999999698e+01
       dtu_10mw_rwt_12.0_40278.dat 1.178190000000000026e+01 8.428210000000000424e-01 1.829069999999999936e+03 1.746359999999999957e+01 2.341950000000000000e+05 4.695340000000000146e+04 2.030450000000000000e+04 1.562379999999999927e+04 -1.153810000000000036e+04 -9.256379999999999200e+03 2.048740000000000146e+04 1.290119999999999933e+01 1.731510000000000105e+00 1.308940000000000000e+07 1.002560000000000000e+07 8.235750000000000171e+01
       dtu_10mw_rwt_12.0_56645.dat 1.238129999999999953e+01 8.415040000000000298e-01 1.831150000000000091e+03 1.686749999999999972e+01 2.314050000000000000e+05 4.623500000000000000e+04 2.037340000000000146e+04 1.536770000000000073e+04 -1.148389999999999964e+04 -8.183439999999999600e+03 1.940800000000000000e+04 1.268829999999999991e+01 1.742699999999999916e+00 1.288750000000000000e+07 1.002960000000000000e+07 8.253409999999999513e+01
        dtu_10mw_rwt_12.0_6007.dat 1.205589999999999939e+01 8.485939999999999594e-01 1.827660000000000082e+03 1.780170000000000030e+01 2.334200000000000000e+05 4.410459999999999854e+04 2.563129999999999927e+04 1.560600000000000000e+04 -9.580020000000000437e+03 -9.013430000000000291e+03 1.934059999999999854e+04 1.413879999999999981e+01 1.847769999999999913e+00 1.323480000000000000e+07 1.002810000000000000e+07 8.253919999999999391e+01
       dtu_10mw_rwt_13.0_24246.dat 1.388449999999999918e+01 8.515129999999999644e-01 1.797059999999999945e+03 1.790180000000000149e+01 2.268070000000000000e+05 4.495080000000000291e+04 2.049459999999999854e+04 1.640729999999999927e+04 -1.151860000000000036e+04 -1.576390000000000100e+02 2.055840000000000146e+04 1.262839999999999918e+01 1.731070000000000109e+00 1.295590000000000000e+07 1.003600000000000000e+07 8.268680000000000518e+01
        dtu_10mw_rwt_13.0_3219.dat 1.328309999999999924e+01 8.470729999999999649e-01 1.451099999999999909e+03 1.824459999999999837e+01 1.935770000000000000e+05 5.612969999999999709e+04 1.731470000000000073e+04 1.567629999999999927e+04 -1.255110000000000036e+04 -2.485659999999999854e+03 1.897429999999999927e+04 9.024350000000000094e+00 1.369750000000000023e+00 1.308910000000000000e+07 1.003530000000000000e+07 8.256300000000000239e+01
       dtu_10mw_rwt_13.0_59662.dat 1.486619999999999919e+01 8.545810000000000350e-01 1.846390000000000100e+03 1.819960000000000022e+01 2.224190000000000000e+05 8.883350000000000000e+04 2.393570000000000073e+04 1.613470000000000073e+04 -1.225779999999999927e+04 -8.850009999999999764e+02 2.023029999999999927e+04 1.160979999999999990e+01 1.599790000000000045e+00 1.325840000000000000e+07 1.004630000000000000e+07 8.267860000000000298e+01
       dtu_10mw_rwt_13.0_63909.dat 1.492869999999999919e+01 8.513159999999999616e-01 1.765079999999999927e+03 1.889799999999999969e+01 2.173940000000000000e+05 4.358259999999999854e+04 2.449509999999999854e+04 1.612300000000000000e+04 -1.240060000000000036e+04 -3.015239999999999782e+03 2.110529999999999927e+04 1.238299999999999912e+01 1.691200000000000037e+00 1.318350000000000000e+07 1.003360000000000000e+07 8.262690000000000623e+01
       dtu_10mw_rwt_13.0_64836.dat 1.362470000000000070e+01 8.453070000000000306e-01 1.748690000000000055e+03 1.907290000000000063e+01 2.151650000000000000e+05 5.922850000000000000e+04 1.899490000000000146e+04 1.611939999999999964e+04 -1.257170000000000073e+04 -3.384880000000000109e+03 2.009729999999999927e+04 1.178209999999999980e+01 1.633809999999999985e+00 1.287610000000000000e+07 1.003080000000000000e+07 8.253789999999999338e+01
        dtu_10mw_rwt_13.0_6610.dat 1.209909999999999997e+01 8.480210000000000248e-01 1.546309999999999945e+03 1.861619999999999919e+01 1.809800000000000000e+05 5.579430000000000291e+04 2.275929999999999927e+04 1.586110000000000036e+04 -1.236389999999999964e+04 -1.583819999999999936e+03 2.043979999999999927e+04 1.071110000000000007e+01 1.550499999999999989e+00 1.295310000000000000e+07 1.003430000000000000e+07 8.250830000000000553e+01
       dtu_10mw_rwt_14.0_17103.dat 1.656040000000000134e+01 8.581250000000000266e-01 1.794750000000000000e+03 2.138660000000000139e+01 2.279050000000000000e+05 4.366840000000000146e+04 2.774240000000000146e+04 1.570660000000000036e+04 -1.143900000000000000e+04 4.990449999999999818e+03 2.151550000000000000e+04 1.375859999999999950e+01 1.801989999999999981e+00 1.302060000000000000e+07 1.004390000000000000e+07 8.305360000000000298e+01
       dtu_10mw_rwt_14.0_33723.dat 1.450000000000000000e+01 8.425839999999999996e-01 1.500720000000000027e+03 1.993149999999999977e+01 2.029160000000000000e+05 4.323830000000000291e+04 1.473610000000000036e+04 1.569320000000000073e+04 -1.263429999999999927e+04 -2.692210000000000036e+03 2.030609999999999854e+04 1.095749999999999957e+01 1.563220000000000054e+00 1.283240000000000000e+07 1.003620000000000000e+07 8.270470000000000255e+01
       dtu_10mw_rwt_14.0_34311.dat 1.460740000000000016e+01 8.464629999999999654e-01 1.363150000000000091e+03 2.114069999999999894e+01 1.804320000000000000e+05 4.547959999999999854e+04 1.794720000000000073e+04 1.574639999999999964e+04 -1.249050000000000000e+04 -2.366219999999999800e+03 2.085240000000000146e+04 9.548140000000000072e+00 1.412300000000000111e+00 1.315070000000000000e+07 1.004090000000000000e+07 8.281270000000000664e+01
       dtu_10mw_rwt_14.0_46217.dat 1.523709999999999987e+01 8.500769999999999715e-01 1.438500000000000000e+03 2.212770000000000081e+01 1.825680000000000000e+05 3.924819999999999709e+04 1.587420000000000073e+04 1.533439999999999964e+04 -1.245900000000000000e+04 -3.799530000000000200e+03 2.030679999999999927e+04 9.285890000000000200e+00 1.403839999999999977e+00 1.295020000000000000e+07 1.003410000000000000e+07 8.265970000000000084e+01
        dtu_10mw_rwt_14.0_7720.dat 1.679250000000000043e+01 8.492049999999999876e-01 1.444470000000000027e+03 1.979510000000000147e+01 2.082810000000000000e+05 4.158940000000000146e+04 2.029870000000000073e+04 1.549350000000000000e+04 -1.239329999999999927e+04 -3.122309999999999945e+03 2.065950000000000000e+04 9.604240000000000776e+00 1.425130000000000008e+00 1.298300000000000000e+07 1.004380000000000000e+07 8.278950000000000387e+01
        dtu_10mw_rwt_14.0_8754.dat 1.625939999999999941e+01 8.509120000000000017e-01 1.523339999999999918e+03 2.078249999999999886e+01 2.004720000000000000e+05 5.384859999999999854e+04 1.705300000000000000e+04 1.618300000000000000e+04 -1.239350000000000000e+04 4.996050000000000182e+02 2.121850000000000000e+04 1.070739999999999981e+01 1.529530000000000056e+00 1.310680000000000000e+07 1.003710000000000000e+07 8.267579999999999529e+01
       dtu_10mw_rwt_15.0_10279.dat 1.652029999999999887e+01 8.525859999999999550e-01 1.312769999999999982e+03 2.141039999999999921e+01 1.836880000000000000e+05 5.222140000000000146e+04 2.137570000000000073e+04 1.592210000000000036e+04 -1.232379999999999927e+04 -1.334710000000000036e+03 2.104900000000000000e+04 8.049820000000000420e+00 1.232790000000000052e+00 1.335410000000000000e+07 1.005180000000000000e+07 8.290519999999999357e+01
       dtu_10mw_rwt_15.0_22297.dat 1.782389999999999830e+01 8.572330000000000227e-01 1.342920000000000073e+03 2.306090000000000018e+01 1.878760000000000000e+05 6.275490000000000146e+04 3.238200000000000000e+04 1.634320000000000073e+04 -1.230220000000000073e+04 6.784039999999999964e+03 2.175029999999999927e+04 9.145870000000000388e+00 1.388560000000000016e+00 1.328800000000000000e+07 1.005280000000000000e+07 8.299769999999999470e+01
       dtu_10mw_rwt_15.0_25148.dat 1.801200000000000045e+01 8.554100000000000037e-01 1.319299999999999955e+03 2.050519999999999854e+01 1.774480000000000000e+05 4.903450000000000000e+04 1.695909999999999854e+04 1.551689999999999964e+04 -1.240770000000000073e+04 -1.728720000000000027e+03 1.983990000000000146e+04 9.062129999999999797e+00 1.345140000000000002e+00 1.295130000000000000e+07 1.004360000000000000e+07 8.274280000000000257e+01
       dtu_10mw_rwt_15.0_33167.dat 1.795739999999999981e+01 8.690860000000000252e-01 1.201390000000000100e+03 2.289669999999999916e+01 1.833070000000000000e+05 5.460550000000000000e+04 2.382559999999999854e+04 1.654000000000000000e+04 -1.206950000000000000e+04 1.509099999999999909e+03 2.205920000000000073e+04 7.644630000000000258e+00 1.226909999999999945e+00 1.341070000000000000e+07 1.005240000000000000e+07 8.290059999999999718e+01
       dtu_10mw_rwt_15.0_41424.dat 1.662180000000000035e+01 8.634920000000000373e-01 1.330539999999999964e+03 2.167539999999999978e+01 1.928740000000000000e+05 5.762050000000000000e+04 1.995400000000000000e+04 1.584720000000000073e+04 -1.211220000000000073e+04 1.321869999999999891e+03 2.172800000000000000e+04 8.888820000000000832e+00 1.314060000000000006e+00 1.299950000000000000e+07 1.005810000000000000e+07 8.312170000000000414e+01
       dtu_10mw_rwt_15.0_57600.dat 1.665530000000000044e+01 8.492169999999999996e-01 1.369369999999999891e+03 2.215099999999999980e+01 1.913430000000000000e+05 5.579200000000000000e+04 1.970470000000000073e+04 1.597000000000000000e+04 -1.245910000000000036e+04 1.200269999999999982e+03 2.156170000000000073e+04 9.006769999999999499e+00 1.349029999999999951e+00 1.302650000000000000e+07 1.004090000000000000e+07 8.269060000000000343e+01
       dtu_10mw_rwt_16.0_19655.dat 1.708699999999999974e+01 8.510839999999999517e-01 1.165099999999999909e+03 2.240170000000000172e+01 1.627640000000000000e+05 4.310180000000000291e+04 1.677229999999999927e+04 1.589800000000000000e+04 -1.230750000000000000e+04 5.622540000000000049e+01 2.114729999999999927e+04 7.561860000000000248e+00 1.195489999999999942e+00 1.339090000000000000e+07 1.004740000000000000e+07 8.287409999999999854e+01
       dtu_10mw_rwt_16.0_45772.dat 1.968759999999999977e+01 8.681830000000000380e-01 1.231710000000000036e+03 2.381129999999999924e+01 1.813960000000000000e+05 6.493130000000000291e+04 2.431690000000000146e+04 1.640929999999999927e+04 -1.208010000000000036e+04 2.441349999999999909e+03 2.265320000000000073e+04 7.271869999999999834e+00 1.139289999999999914e+00 1.339120000000000000e+07 1.004300000000000000e+07 8.296330000000000382e+01
       dtu_10mw_rwt_16.0_55975.dat 1.847299999999999898e+01 8.546949999999999825e-01 1.383849999999999909e+03 2.224439999999999884e+01 1.867440000000000000e+05 5.472759999999999854e+04 2.805379999999999927e+04 1.608900000000000000e+04 -1.217439999999999964e+04 4.464720000000000255e+03 2.174440000000000146e+04 1.050830000000000020e+01 1.462839999999999918e+00 1.339140000000000000e+07 1.006300000000000000e+07 8.303780000000000427e+01
        dtu_10mw_rwt_16.0_5616.dat 1.734049999999999869e+01 8.559689999999999799e-01 1.257279999999999973e+03 2.295749999999999957e+01 1.581920000000000000e+05 4.573140000000000146e+04 1.742679999999999927e+04 1.584870000000000073e+04 -1.221939999999999964e+04 4.277549999999999955e+02 1.963200000000000000e+04 6.823929999999999829e+00 1.111690000000000067e+00 1.295080000000000000e+07 1.004660000000000000e+07 8.281449999999999534e+01
       dtu_10mw_rwt_16.0_56353.dat 1.787959999999999994e+01 8.574000000000000510e-01 1.285880000000000109e+03 2.257760000000000034e+01 1.643170000000000000e+05 5.342350000000000000e+04 1.996779999999999927e+04 1.583760000000000036e+04 -1.224289999999999964e+04 9.770240000000000009e+02 2.052470000000000073e+04 8.464349999999999596e+00 1.297449999999999992e+00 1.339420000000000000e+07 1.005260000000000000e+07 8.282009999999999650e+01
        dtu_10mw_rwt_16.0_7031.dat 1.891679999999999851e+01 8.470520000000000271e-01 1.167460000000000036e+03 2.442249999999999943e+01 1.715270000000000000e+05 6.052280000000000291e+04 1.951120000000000073e+04 1.611810000000000036e+04 -1.232510000000000036e+04 2.840139999999999873e+03 2.043950000000000000e+04 7.549199999999999910e+00 1.174930000000000030e+00 1.295450000000000000e+07 1.004510000000000000e+07 8.273120000000000118e+01
       dtu_10mw_rwt_17.0_20390.dat 1.887969999999999970e+01 8.646620000000000417e-01 1.233119999999999891e+03 2.426069999999999993e+01 1.608810000000000000e+05 7.195919999999999709e+04 2.605129999999999927e+04 1.698679999999999927e+04 -1.219889999999999964e+04 4.247779999999999745e+03 2.389600000000000000e+04 8.383399999999999963e+00 1.273700000000000054e+00 1.334740000000000000e+07 1.006720000000000000e+07 8.289409999999999457e+01
       dtu_10mw_rwt_17.0_37683.dat 1.935219999999999985e+01 8.545989999999999975e-01 1.119119999999999891e+03 2.336890000000000001e+01 1.607560000000000000e+05 5.580190000000000146e+04 2.199909999999999854e+04 1.646570000000000073e+04 -1.227800000000000000e+04 5.003840000000000146e+03 2.256659999999999854e+04 8.733219999999999317e+00 1.322030000000000038e+00 1.316550000000000000e+07 1.005150000000000000e+07 8.295130000000000337e+01
       dtu_10mw_rwt_17.0_45521.dat 2.010989999999999966e+01 8.646789999999999754e-01 1.074789999999999964e+03 2.583089999999999975e+01 1.592960000000000000e+05 6.308450000000000000e+04 2.547000000000000000e+04 1.618310000000000036e+04 -1.200420000000000073e+04 4.298020000000000437e+03 2.169879999999999927e+04 8.160899999999999821e+00 1.246369999999999978e+00 1.350740000000000000e+07 1.005870000000000000e+07 8.295650000000000546e+01
       dtu_10mw_rwt_17.0_49865.dat 1.974719999999999942e+01 8.639400000000000412e-01 1.232619999999999891e+03 2.572599999999999909e+01 1.952400000000000000e+05 5.133680000000000291e+04 2.348100000000000000e+04 1.635579999999999927e+04 -1.193889999999999964e+04 2.066789999999999964e+03 2.231059999999999854e+04 7.332139999999999880e+00 1.171810000000000018e+00 1.317940000000000000e+07 1.005170000000000000e+07 8.297769999999999868e+01
       dtu_10mw_rwt_17.0_60465.dat 2.030580000000000140e+01 8.524380000000000290e-01 1.184059999999999945e+03 2.416140000000000043e+01 1.729050000000000000e+05 5.573700000000000000e+04 1.984490000000000146e+04 1.570220000000000073e+04 -1.221629999999999927e+04 1.457430000000000064e+03 2.102170000000000073e+04 7.241939999999999600e+00 1.157129999999999992e+00 1.306830000000000000e+07 1.004050000000000000e+07 8.290309999999999491e+01
        dtu_10mw_rwt_17.0_7334.dat 1.959309999999999974e+01 8.694979999999999931e-01 1.218200000000000045e+03 2.384540000000000148e+01 1.801140000000000000e+05 7.173369999999999709e+04 2.240500000000000000e+04 1.610450000000000000e+04 -1.201870000000000073e+04 2.326409999999999854e+03 2.028250000000000000e+04 8.518000000000000682e+00 1.268899999999999917e+00 1.321490000000000000e+07 1.005030000000000000e+07 8.288970000000000482e+01
       dtu_10mw_rwt_18.0_25103.dat 2.092099999999999937e+01 8.777519999999999767e-01 1.058089999999999918e+03 2.562310000000000088e+01 1.521060000000000000e+05 6.418840000000000146e+04 2.611659999999999854e+04 1.632629999999999927e+04 -1.193800000000000000e+04 6.491460000000000036e+03 2.411750000000000000e+04 7.024750000000000050e+00 1.157089999999999952e+00 1.342560000000000000e+07 1.007330000000000000e+07 8.311499999999999488e+01
       dtu_10mw_rwt_18.0_27317.dat 2.158480000000000132e+01 8.716890000000000471e-01 1.241319999999999936e+03 2.786029999999999873e+01 1.586280000000000000e+05 6.090369999999999709e+04 2.105940000000000146e+04 1.656709999999999854e+04 -1.205289999999999964e+04 6.343090000000000146e+03 2.351720000000000073e+04 6.303580000000000183e+00 1.059029999999999916e+00 1.343970000000000000e+07 1.006430000000000000e+07 8.295789999999999509e+01
       dtu_10mw_rwt_18.0_28016.dat 2.165119999999999933e+01 8.629219999999999668e-01 1.286380000000000109e+03 2.646569999999999823e+01 1.687860000000000000e+05 6.734189999999999418e+04 2.192890000000000146e+04 1.541920000000000073e+04 -1.213289999999999964e+04 3.063829999999999927e+03 2.008740000000000146e+04 7.593829999999999636e+00 1.194909999999999917e+00 1.347030000000000000e+07 1.004630000000000000e+07 8.289809999999999945e+01
       dtu_10mw_rwt_18.0_34558.dat 2.030089999999999861e+01 8.695749999999999869e-01 1.187940000000000055e+03 2.482799999999999940e+01 1.690660000000000000e+05 7.532710000000000582e+04 2.603870000000000073e+04 1.615850000000000000e+04 -1.200050000000000000e+04 9.495459999999999127e+03 2.300350000000000000e+04 7.530969999999999942e+00 1.148919999999999941e+00 1.327290000000000000e+07 1.007410000000000000e+07 8.318179999999999552e+01
       dtu_10mw_rwt_18.0_46192.dat 2.110989999999999966e+01 8.692910000000000359e-01 1.041890000000000100e+03 2.642620000000000147e+01 1.559600000000000000e+05 7.583089999999999418e+04 2.715759999999999854e+04 1.613279999999999927e+04 -1.205879999999999927e+04 4.329550000000000182e+03 2.315129999999999927e+04 6.498300000000000409e+00 1.070729999999999960e+00 1.320440000000000000e+07 1.004910000000000000e+07 8.294929999999999382e+01
        dtu_10mw_rwt_18.0_8966.dat 2.167790000000000106e+01 8.567420000000000035e-01 1.122710000000000036e+03 2.721869999999999834e+01 1.632370000000000000e+05 7.779600000000000000e+04 2.959809999999999854e+04 1.615220000000000073e+04 -1.216700000000000000e+04 3.763590000000000146e+03 2.170250000000000000e+04 6.873850000000000016e+00 1.126700000000000035e+00 1.360520000000000000e+07 1.005070000000000000e+07 8.305870000000000175e+01
       dtu_10mw_rwt_19.0_17843.dat 2.252309999999999945e+01 8.578219999999999734e-01 1.049210000000000036e+03 2.807209999999999894e+01 1.624990000000000000e+05 6.132940000000000146e+04 2.422840000000000146e+04 1.628160000000000036e+04 -1.203000000000000000e+04 5.561920000000000073e+03 2.237540000000000146e+04 5.535929999999999573e+00 9.607409999999999561e-01 1.340520000000000000e+07 1.005880000000000000e+07 8.303619999999999379e+01
       dtu_10mw_rwt_19.0_20935.dat 2.189410000000000167e+01 8.775460000000000482e-01 1.238170000000000073e+03 2.703229999999999933e+01 1.726240000000000000e+05 9.722769999999999709e+04 2.754429999999999927e+04 1.673309999999999854e+04 -1.192870000000000073e+04 8.715920000000000073e+03 2.696020000000000073e+04 8.102100000000000080e+00 1.225130000000000052e+00 1.374650000000000000e+07 1.006690000000000000e+07 8.305679999999999552e+01
       dtu_10mw_rwt_19.0_33144.dat 2.225860000000000127e+01 8.619419999999999860e-01 1.076180000000000064e+03 2.686319999999999908e+01 1.583680000000000000e+05 6.463359999999999854e+04 3.023970000000000073e+04 1.647479999999999927e+04 -1.203750000000000000e+04 9.854049999999999272e+03 2.316350000000000000e+04 6.492790000000000283e+00 1.042130000000000001e+00 1.346730000000000000e+07 1.007040000000000000e+07 8.323399999999999466e+01
       dtu_10mw_rwt_19.0_51363.dat 2.221799999999999997e+01 8.657059999999999755e-01 1.101319999999999936e+03 2.635000000000000142e+01 1.610760000000000000e+05 7.455700000000000000e+04 2.625120000000000073e+04 1.638039999999999964e+04 -1.211039999999999964e+04 8.512049999999999272e+03 2.490629999999999927e+04 8.123849999999999127e+00 1.284170000000000034e+00 1.339320000000000000e+07 1.005690000000000000e+07 8.337170000000000414e+01
       dtu_10mw_rwt_19.0_56307.dat 2.179479999999999862e+01 8.626449999999999951e-01 1.157250000000000000e+03 2.665319999999999823e+01 1.665450000000000000e+05 6.715750000000000000e+04 2.355540000000000146e+04 1.665920000000000073e+04 -1.209529999999999927e+04 5.762770000000000437e+03 2.286879999999999927e+04 6.656979999999999897e+00 1.073269999999999946e+00 1.325660000000000000e+07 1.005900000000000000e+07 8.303929999999999723e+01
       dtu_10mw_rwt_19.0_63447.dat 2.439620000000000033e+01 8.652079999999999771e-01 1.066359999999999900e+03 2.758500000000000085e+01 1.540780000000000000e+05 6.920500000000000000e+04 2.565120000000000073e+04 1.620039999999999964e+04 -1.206210000000000036e+04 5.729170000000000073e+03 2.075479999999999927e+04 5.910599999999999632e+00 9.749440000000000328e-01 1.324730000000000000e+07 1.005340000000000000e+07 8.299389999999999645e+01
       dtu_10mw_rwt_20.0_20852.dat 2.358849999999999980e+01 8.706209999999999782e-01 1.139839999999999918e+03 2.684140000000000015e+01 1.611690000000000000e+05 6.735350000000000000e+04 2.561420000000000073e+04 1.609760000000000036e+04 -1.192529999999999927e+04 1.074579999999999927e+04 2.428450000000000000e+04 6.526699999999999946e+00 1.091949999999999976e+00 1.332910000000000000e+07 1.007500000000000000e+07 8.309220000000000539e+01
       dtu_10mw_rwt_20.0_25497.dat 2.279040000000000177e+01 8.602790000000000159e-01 1.023700000000000045e+03 2.829080000000000084e+01 1.536580000000000000e+05 6.778710000000000582e+04 2.573079999999999927e+04 1.605279999999999927e+04 -1.206710000000000036e+04 6.224420000000000073e+03 2.260940000000000146e+04 6.578079999999999927e+00 1.069229999999999903e+00 1.341610000000000000e+07 1.006280000000000000e+07 8.307680000000000575e+01
       dtu_10mw_rwt_20.0_29025.dat 2.311009999999999920e+01 8.665580000000000505e-01 1.194599999999999909e+03 2.877489999999999881e+01 1.673040000000000000e+05 6.937760000000000582e+04 2.490200000000000000e+04 1.703629999999999927e+04 -1.173129999999999927e+04 8.909590000000000146e+03 2.513350000000000000e+04 5.884360000000000035e+00 1.004000000000000004e+00 1.399330000000000000e+07 1.007960000000000000e+07 8.300239999999999441e+01
       dtu_10mw_rwt_20.0_43745.dat 2.490220000000000056e+01 8.652339999999999476e-01 1.051319999999999936e+03 2.753290000000000148e+01 1.540630000000000000e+05 5.233230000000000291e+04 1.827959999999999854e+04 1.586379999999999927e+04 -1.209400000000000000e+04 4.958949999999999818e+03 2.098479999999999927e+04 5.122869999999999813e+00 9.240810000000000413e-01 1.334070000000000000e+07 1.005940000000000000e+07 8.299500000000000455e+01
       dtu_10mw_rwt_20.0_51504.dat 2.484240000000000137e+01 8.705889999999999462e-01 1.042200000000000045e+03 2.924010000000000176e+01 1.561090000000000000e+05 7.281189999999999418e+04 2.652120000000000073e+04 1.658509999999999854e+04 -1.164439999999999964e+04 1.068479999999999927e+04 2.466370000000000073e+04 5.860420000000000407e+00 9.840200000000000058e-01 1.378540000000000000e+07 1.009360000000000000e+07 8.340250000000000341e+01
       dtu_10mw_rwt_20.0_54726.dat 2.343840000000000146e+01 8.706559999999999855e-01 1.063769999999999982e+03 2.863589999999999947e+01 1.598700000000000000e+05 5.713680000000000291e+04 2.516959999999999854e+04 1.588379999999999927e+04 -1.187039999999999964e+04 7.360140000000000327e+03 2.222870000000000073e+04 6.976720000000000255e+00 1.139510000000000023e+00 1.360330000000000000e+07 1.006140000000000000e+07 8.329670000000000130e+01
       dtu_10mw_rwt_21.0_25181.dat 2.533170000000000144e+01 8.747759999999999980e-01 1.008950000000000045e+03 2.824449999999999861e+01 1.520850000000000000e+05 7.596160000000000582e+04 3.027000000000000000e+04 1.653300000000000000e+04 -1.188720000000000073e+04 1.066750000000000000e+04 2.341990000000000146e+04 6.113889999999999603e+00 9.809400000000000341e-01 1.372300000000000000e+07 1.007600000000000000e+07 8.319440000000000168e+01
        dtu_10mw_rwt_21.0_3963.dat 2.431109999999999971e+01 8.835539999999999505e-01 1.200069999999999936e+03 2.874589999999999890e+01 1.762970000000000000e+05 7.396519999999999709e+04 3.698600000000000000e+04 1.837850000000000000e+04 -1.153239999999999964e+04 1.801120000000000073e+04 2.531050000000000000e+04 7.962579999999999991e+00 1.257710000000000106e+00 1.381970000000000000e+07 1.011350000000000000e+07 8.351430000000000575e+01
       dtu_10mw_rwt_21.0_42162.dat 2.529479999999999862e+01 8.867960000000000287e-01 9.086169999999999618e+02 3.118909999999999982e+01 1.378460000000000000e+05 7.830880000000000291e+04 2.943670000000000073e+04 1.642800000000000000e+04 -1.184179999999999927e+04 6.403130000000000109e+03 2.416470000000000073e+04 5.777899999999999814e+00 9.639750000000000263e-01 1.318850000000000000e+07 1.005600000000000000e+07 8.316389999999999816e+01
        dtu_10mw_rwt_21.0_5160.dat 2.531139999999999901e+01 8.864020000000000232e-01 1.081089999999999918e+03 3.184870000000000090e+01 1.855950000000000000e+05 8.018219999999999709e+04 2.975809999999999854e+04 1.676509999999999854e+04 -1.167710000000000036e+04 1.281450000000000000e+04 2.533950000000000000e+04 4.986989999999999590e+00 8.746190000000000353e-01 1.354270000000000000e+07 1.007990000000000000e+07 8.330989999999999895e+01
       dtu_10mw_rwt_21.0_57341.dat 2.584120000000000061e+01 8.736080000000000512e-01 1.118109999999999900e+03 3.125600000000000023e+01 1.856100000000000000e+05 7.620650000000000000e+04 3.065050000000000000e+04 1.687170000000000073e+04 -1.176350000000000000e+04 1.240350000000000000e+04 2.427420000000000073e+04 8.002439999999999998e+00 1.147420000000000107e+00 1.379280000000000000e+07 1.007930000000000000e+07 8.334359999999999502e+01
       dtu_10mw_rwt_21.0_61500.dat 2.517119999999999891e+01 8.875920000000000476e-01 1.143890000000000100e+03 2.838050000000000139e+01 1.839630000000000000e+05 8.753819999999999709e+04 2.904100000000000000e+04 1.669920000000000073e+04 -1.167239999999999964e+04 1.075250000000000000e+04 2.580729999999999927e+04 5.705090000000000217e+00 9.541260000000000296e-01 1.359250000000000000e+07 1.010680000000000000e+07 8.350069999999999482e+01
       dtu_10mw_rwt_22.0_29503.dat 2.684969999999999857e+01 8.818369999999999820e-01 1.065799999999999955e+03 3.060109999999999886e+01 1.637410000000000000e+05 7.430830000000000291e+04 3.211190000000000146e+04 1.664559999999999854e+04 -1.167339999999999964e+04 1.514239999999999964e+04 2.320270000000000073e+04 7.557220000000000049e+00 1.140740000000000087e+00 1.328760000000000000e+07 1.008450000000000000e+07 8.330429999999999779e+01
       dtu_10mw_rwt_22.0_40013.dat 2.557290000000000063e+01 8.873710000000000209e-01 9.907690000000000055e+02 3.199650000000000105e+01 1.652710000000000000e+05 6.981210000000000582e+04 2.901090000000000146e+04 1.636110000000000036e+04 -1.175560000000000036e+04 1.188089999999999964e+04 2.360759999999999854e+04 5.059120000000000061e+00 8.676000000000000378e-01 1.384310000000000000e+07 1.007330000000000000e+07 8.331820000000000448e+01
       dtu_10mw_rwt_22.0_40231.dat 2.626910000000000167e+01 8.688090000000000535e-01 1.007429999999999950e+03 3.161939999999999884e+01 1.654890000000000000e+05 9.967180000000000291e+04 2.855970000000000073e+04 1.711720000000000073e+04 -1.181300000000000000e+04 8.974120000000000800e+03 2.573509999999999854e+04 7.620949999999999669e+00 1.172299999999999898e+00 1.321730000000000000e+07 1.007630000000000000e+07 8.318989999999999441e+01
       dtu_10mw_rwt_22.0_41304.dat 2.595489999999999853e+01 8.667249999999999677e-01 9.157240000000000464e+02 2.997080000000000055e+01 1.432440000000000000e+05 7.010569999999999709e+04 2.957200000000000000e+04 1.699020000000000073e+04 -1.192579999999999927e+04 9.990579999999999927e+03 2.200800000000000000e+04 6.421529999999999738e+00 1.082999999999999963e+00 1.363070000000000000e+07 1.007650000000000000e+07 8.307189999999999941e+01
       dtu_10mw_rwt_22.0_47014.dat 2.562480000000000047e+01 8.660860000000000225e-01 1.105880000000000109e+03 3.241729999999999734e+01 1.674050000000000000e+05 8.024600000000000000e+04 3.153520000000000073e+04 1.724490000000000146e+04 -1.149670000000000073e+04 1.649000000000000000e+04 2.654750000000000000e+04 5.150789999999999758e+00 8.943250000000000366e-01 1.353910000000000000e+07 1.008650000000000000e+07 8.313549999999999329e+01
       dtu_10mw_rwt_22.0_52742.dat 2.607939999999999969e+01 8.747930000000000428e-01 1.001940000000000055e+03 3.142190000000000083e+01 1.910690000000000000e+05 7.054480000000000291e+04 2.742370000000000073e+04 1.685220000000000073e+04 -1.186179999999999927e+04 1.254589999999999964e+04 2.511579999999999927e+04 6.231040000000000134e+00 1.004639999999999977e+00 1.367780000000000000e+07 1.008380000000000000e+07 8.331459999999999866e+01
       dtu_10mw_rwt_23.0_18883.dat 2.751879999999999882e+01 8.881620000000000070e-01 1.083970000000000027e+03 3.300079999999999814e+01 1.655660000000000000e+05 9.003239999999999418e+04 2.831240000000000146e+04 1.738050000000000000e+04 -1.149429999999999927e+04 1.720000000000000000e+04 2.587590000000000146e+04 6.065080000000000027e+00 9.663169999999999815e-01 1.364940000000000000e+07 1.008780000000000000e+07 8.354890000000000327e+01
       dtu_10mw_rwt_23.0_31026.dat 2.656980000000000075e+01 8.799559999999999604e-01 9.934339999999999691e+02 3.020929999999999893e+01 1.625470000000000000e+05 8.069489999999999418e+04 3.234000000000000000e+04 1.746540000000000146e+04 -1.163800000000000000e+04 1.676300000000000000e+04 2.431970000000000073e+04 4.939079999999999693e+00 8.788850000000000273e-01 1.382330000000000000e+07 1.009420000000000000e+07 8.324280000000000257e+01
       dtu_10mw_rwt_23.0_36127.dat 2.658230000000000004e+01 8.900010000000000421e-01 1.057319999999999936e+03 3.136449999999999960e+01 1.829960000000000000e+05 7.999619999999999709e+04 3.102390000000000146e+04 1.745200000000000000e+04 -1.161639999999999964e+04 1.577360000000000036e+04 2.632200000000000000e+04 6.306090000000000195e+00 1.052929999999999922e+00 1.427880000000000000e+07 1.008510000000000000e+07 8.318250000000000455e+01
       dtu_10mw_rwt_23.0_49683.dat 2.734850000000000136e+01 8.735239999999999672e-01 9.709640000000000555e+02 3.144429999999999836e+01 1.708120000000000000e+05 9.090269999999999709e+04 3.455550000000000000e+04 1.724290000000000146e+04 -1.180579999999999927e+04 1.655500000000000000e+04 2.779879999999999927e+04 5.840160000000000018e+00 9.812490000000000379e-01 1.384750000000000000e+07 1.008360000000000000e+07 8.336849999999999739e+01
       dtu_10mw_rwt_23.0_49834.dat 2.774360000000000070e+01 8.743079999999999741e-01 1.060430000000000064e+03 3.200050000000000239e+01 1.693710000000000000e+05 8.203410000000000582e+04 3.124750000000000000e+04 1.670259999999999854e+04 -1.174470000000000073e+04 1.297779999999999927e+04 2.416109999999999854e+04 4.907350000000000101e+00 8.285700000000000287e-01 1.369770000000000000e+07 1.009250000000000000e+07 8.328239999999999554e+01
       dtu_10mw_rwt_23.0_57680.dat 2.729650000000000176e+01 8.803250000000000242e-01 9.657279999999999518e+02 3.238909999999999911e+01 1.680820000000000000e+05 7.931269999999999709e+04 2.753100000000000000e+04 1.674200000000000000e+04 -1.160639999999999964e+04 9.663059999999999491e+03 2.311729999999999927e+04 4.985439999999999650e+00 8.819780000000000397e-01 1.330360000000000000e+07 1.008780000000000000e+07 8.313420000000000698e+01
       dtu_10mw_rwt_24.0_11244.dat 2.754309999999999903e+01 8.870660000000000212e-01 1.006539999999999964e+03 3.394429999999999836e+01 1.707260000000000000e+05 7.531510000000000582e+04 3.157970000000000073e+04 1.690520000000000073e+04 -1.155610000000000036e+04 1.708220000000000073e+04 2.411809999999999854e+04 5.906760000000000232e+00 9.926500000000000323e-01 1.394130000000000000e+07 1.009270000000000000e+07 8.342529999999999291e+01
       dtu_10mw_rwt_24.0_11250.dat 2.904370000000000118e+01 8.866819999999999702e-01 9.814519999999999982e+02 3.370580000000000354e+01 1.754720000000000000e+05 9.816919999999999709e+04 3.346480000000000291e+04 1.656650000000000000e+04 -1.140050000000000000e+04 1.269710000000000036e+04 2.635100000000000000e+04 6.910610000000000142e+00 1.069900000000000073e+00 1.390790000000000000e+07 1.010500000000000000e+07 8.331640000000000157e+01
         dtu_10mw_rwt_24.0_377.dat 2.952110000000000056e+01 9.019920000000000160e-01 1.005120000000000005e+03 3.245640000000000214e+01 1.679340000000000000e+05 9.132439999999999418e+04 3.282459999999999854e+04 1.757379999999999927e+04 -1.148789999999999964e+04 1.441410000000000036e+04 2.432259999999999854e+04 6.232160000000000366e+00 9.674260000000000081e-01 1.364520000000000000e+07 1.009170000000000000e+07 8.330429999999999779e+01
       dtu_10mw_rwt_24.0_44891.dat 2.913220000000000098e+01 8.780550000000000299e-01 9.701340000000000146e+02 3.442459999999999809e+01 1.712750000000000000e+05 9.840350000000000000e+04 3.406250000000000000e+04 1.801309999999999854e+04 -1.158810000000000036e+04 1.740140000000000146e+04 2.569440000000000146e+04 5.938399999999999679e+00 9.106360000000000010e-01 1.415170000000000000e+07 1.011290000000000000e+07 8.352500000000000568e+01
       dtu_10mw_rwt_24.0_50518.dat 3.027439999999999998e+01 8.717449999999999921e-01 9.343079999999999927e+02 3.464970000000000283e+01 1.688410000000000000e+05 9.424500000000000000e+04 2.664959999999999854e+04 1.646220000000000073e+04 -1.166860000000000036e+04 1.093020000000000073e+04 2.265920000000000073e+04 4.679640000000000022e+00 8.104670000000000485e-01 1.369830000000000000e+07 1.009070000000000000e+07 8.323420000000000130e+01
       dtu_10mw_rwt_24.0_60394.dat 2.811850000000000094e+01 8.730759999999999632e-01 1.075160000000000082e+03 3.397030000000000172e+01 1.614190000000000000e+05 9.910069999999999709e+04 4.412280000000000291e+04 1.802320000000000073e+04 -1.159139999999999964e+04 1.440339999999999964e+04 2.602159999999999854e+04 5.529090000000000060e+00 9.091639999999999722e-01 1.385540000000000000e+07 1.008980000000000000e+07 8.349930000000000518e+01
