Statistics: mean. Generated: 10/11/2021 11:32:51. No. files: 120.
                              File                       4                      10                      13                      15                      17                      18                      20                      21                      25                      26                      27                      61                      64                      70                     100                     108
       dtu_10mw_rwt_05.0_21716.dat 0.000000000000000000e+00 3.850483859666666286e-01 3.904338276999999948e+02 5.000000012333333466e+00 3.800648223121583578e+04 3.836305664742057616e+03 -7.307531570337721860e+03 3.409889764333333460e+03 -3.314990661666665801e+03 -8.789823950333331595e+03 8.719054830414416983e+02 8.568549061878167450e+00 1.332095579283333331e+00 3.083228737499999814e+06 1.229859354366666637e+06 4.849237694166665591e+01
       dtu_10mw_rwt_05.0_40322.dat 0.000000000000000000e+00 3.590896992000000010e-01 3.403413060166667492e+02 5.000000003000000248e+00 3.186587292923683708e+04 3.348175545962258639e+03 -7.671678905666666651e+03 2.918231080000000020e+03 -2.859921732666666230e+03 -7.851855756166665742e+03 7.766687873093666212e+02 8.918659990131668991e+00 1.376005750466666511e+00 2.659893187666666694e+06 9.749961324666666333e+05 4.861981563333332446e+01
       dtu_10mw_rwt_05.0_43619.dat 0.000000000000000000e+00 3.885543872833332468e-01 3.878902592166666636e+02 5.000000020000000767e+00 3.806686427700000058e+04 4.251516437564382613e+03 -6.919528837051965638e+03 3.500249198166666702e+03 -3.355819147833332863e+03 -8.859783430666666391e+03 9.373259838085333513e+02 8.769847014153665299e+00 1.341969160249999682e+00 3.121351224666666705e+06 1.243785913633333286e+06 4.846552056833333211e+01
       dtu_10mw_rwt_05.0_47165.dat 0.000000000000000000e+00 3.456369907333333713e-01 3.067673396333333358e+02 4.999999997500000681e+00 2.780030661576866260e+04 3.082583800265834725e+03 -7.885239682792001076e+03 2.670628024166666819e+03 -2.634409244166666213e+03 -7.163761109666667835e+03 7.293452369367848860e+02 8.588609032685500466e+00 1.330687655170000205e+00 2.450094431333333254e+06 8.548229442166666267e+05 4.864882401666665857e+01
       dtu_10mw_rwt_05.0_47952.dat 0.000000000000000000e+00 3.735978206999999718e-01 3.656758424999999306e+02 4.999999985833333938e+00 3.552451412695333420e+04 3.939310350792083227e+03 -6.953111728274348934e+03 3.157704142500000216e+03 -3.115026818833333436e+03 -8.358940593833332969e+03 9.568779029868167072e+02 8.664001069377700759e+00 1.342860804349999881e+00 2.897067811000000220e+06 1.119940350116666639e+06 4.855042743333334698e+01
       dtu_10mw_rwt_05.0_50292.dat 0.000000000000000000e+00 3.631855816333333098e-01 3.460028639666666663e+02 4.999999992333333587e+00 3.275538485003150345e+04 3.753269076428410699e+03 -7.424774336833333109e+03 3.040135299666666469e+03 -2.925819271999999273e+03 -7.938859898500000781e+03 8.918020158334664984e+02 8.644110652894832825e+00 1.340193297666666394e+00 2.721337708000000101e+06 1.008579899149999954e+06 4.857144492500000865e+01
       dtu_10mw_rwt_06.0_14324.dat 0.000000000000000000e+00 4.273592051333333086e-01 4.762536071666667112e+02 6.000000001500000124e+00 4.959638101021416514e+04 5.206141596353999375e+03 -5.702652119601717459e+03 4.066729291166667281e+03 -4.029375863333334109e+03 -1.052967734249999921e+04 1.170807588103233456e+03 8.708564062169999787e+00 1.350538462666666328e+00 3.747391808000000194e+06 1.617884887033333303e+06 4.837271300333333102e+01
       dtu_10mw_rwt_06.0_26862.dat 0.000000000000000000e+00 4.255560860833333958e-01 4.799683554833333119e+02 6.000000030500000747e+00 5.002138847366666596e+04 5.311933385378732055e+03 -5.725102363378750852e+03 4.118132327000000259e+03 -4.045897222833333217e+03 -1.061040520499999911e+04 1.107845852003250002e+03 8.808967883753499706e+00 1.360871989349999867e+00 3.762830623166666832e+06 1.657460210449999897e+06 4.839089935999999170e+01
       dtu_10mw_rwt_06.0_47824.dat 0.000000000000000000e+00 4.020307313000000549e-01 4.284233957166666755e+02 6.000000006333332969e+00 4.293370477247850067e+04 4.403288354741283001e+03 -6.830390898481434306e+03 3.716057681833332936e+03 -3.596425854333333064e+03 -9.469970683833333169e+03 1.056737470817850181e+03 8.336530217334599868e+00 1.311704726283333455e+00 3.345043289333333261e+06 1.379362679433333222e+06 4.840913179999999727e+01
       dtu_10mw_rwt_06.0_51321.dat 0.000000000000000000e+00 4.296558460833334037e-01 4.791187804666666921e+02 5.999999987333334062e+00 4.932613429914187873e+04 4.867363561046883660e+03 -6.378075056189400129e+03 4.085157400999999936e+03 -4.085917089500000202e+03 -1.059375518783333428e+04 1.142485873710316582e+03 8.744522238552947968e+00 1.348678261583333038e+00 3.799854492333333474e+06 1.661278606983333360e+06 4.832937033500000013e+01
       dtu_10mw_rwt_06.0_52263.dat 0.000000000000000000e+00 4.517684533833333238e-01 5.362124007166667070e+02 5.999999982166666967e+00 5.639588616166666907e+04 5.649406111757124563e+03 -5.832709472946983624e+03 4.648821086000000832e+03 -4.513015610500000548e+03 -1.175965324500000133e+04 1.292528671175833324e+03 8.890402971333333682e+00 1.374647369166666522e+00 4.197474578499999829e+06 1.925051268666666700e+06 4.827374746999999644e+01
       dtu_10mw_rwt_06.0_55769.dat 0.000000000000000000e+00 4.547528617500000703e-01 5.389910284833334799e+02 6.000000003166665152e+00 5.640859367598982499e+04 5.408457595772117202e+03 -6.208852655817856430e+03 4.721219977166666467e+03 -4.581158077333333495e+03 -1.176154818016666650e+04 1.355852568056199971e+03 8.618643517433332235e+00 1.337235277633333386e+00 4.260906179833333008e+06 1.972703746516666608e+06 4.826748390000000200e+01
        dtu_10mw_rwt_07.0_2336.dat 0.000000000000000000e+00 5.543731175833332969e-01 8.059565449666666836e+02 6.999999946666665807e+00 8.921626451976300450e+04 8.070707603998715967e+03 -4.348318172536173734e+03 6.897793926666667176e+03 -6.882230106500000147e+03 -1.696242417900000146e+04 1.912622555326607426e+03 8.714772717807333535e+00 1.350413824000000096e+00 6.400468809666666202e+06 3.689624455166666768e+06 4.768501164333333975e+01
       dtu_10mw_rwt_07.0_40743.dat 0.000000000000000000e+00 5.376343947999999706e-01 7.621563378499999999e+02 6.999999963999999686e+00 8.417544510846500634e+04 7.732170825598665033e+03 -4.245541074697465774e+03 6.511593853000001218e+03 -6.395156083666667655e+03 -1.608507202349999898e+04 1.789612282122699980e+03 8.755604403833332938e+00 1.362027484533333110e+00 5.947800096166666597e+06 3.248698180999999866e+06 4.778541727833333397e+01
       dtu_10mw_rwt_07.0_45626.dat 0.000000000000000000e+00 5.359001102333333932e-01 7.585455269166667449e+02 7.000000006000000496e+00 8.341931250125366205e+04 7.570368283271166547e+03 -4.603203839904866982e+03 6.407374956333333103e+03 -6.360591897666667137e+03 -1.605727260083333204e+04 1.776475294104917111e+03 8.912447929500000754e+00 1.378930656466666793e+00 5.915409110500000417e+06 3.224458779833333101e+06 4.769851506999999913e+01
       dtu_10mw_rwt_07.0_52870.dat 0.000000000000000000e+00 5.453774341000000581e-01 7.718941293666665615e+02 7.000000017833333033e+00 8.588042034112833790e+04 8.127867523989816618e+03 -3.641394829401917377e+03 6.581073808166666822e+03 -6.574436807833331841e+03 -1.630905547333333561e+04 1.841287539216333471e+03 8.659898514794001301e+00 1.347171638200000077e+00 6.114167773500000127e+06 3.380615883833333384e+06 4.789440567833332807e+01
       dtu_10mw_rwt_07.0_52899.dat 0.000000000000000000e+00 5.018933504666667211e-01 6.653480390500000112e+02 7.000000018333333074e+00 7.212859043127500627e+04 6.876797085171144317e+03 -5.050661986343649914e+03 5.750109534500001246e+03 -5.611660895166666705e+03 -1.419669970233332970e+04 1.576605529825164240e+03 8.765999149148148817e+00 1.358806136823333288e+00 5.219205049666666426e+06 2.696039273666666821e+06 4.792762713999999846e+01
        dtu_10mw_rwt_07.0_8564.dat 0.000000000000000000e+00 5.187541594333333617e-01 7.182819100166666431e+02 6.999999994333332864e+00 7.893735728816666233e+04 7.351182994327333290e+03 -4.523018473018702025e+03 6.065678713500000413e+03 -6.013067324999999983e+03 -1.521159899149999728e+04 1.726729138216055162e+03 8.791618617983333550e+00 1.363573674066666408e+00 5.592250841833333485e+06 3.002749843499999959e+06 4.796398544166666511e+01
       dtu_10mw_rwt_08.0_15536.dat 0.000000000000000000e+00 5.930634297500000374e-01 9.311293074499999420e+02 7.999999993166666101e+00 1.043167561836633249e+05 8.982455833836433158e+03 -3.806079488880984172e+03 7.814421328333333804e+03 -7.817519039499999963e+03 -1.928852569416666302e+04 2.113620078411167924e+03 8.749136280833331725e+00 1.361430065533333345e+00 7.270253190499999560e+06 4.418560498166666366e+06 4.745170565333333457e+01
       dtu_10mw_rwt_08.0_22441.dat 0.000000000000000000e+00 5.817626020999999703e-01 8.970264873000000989e+02 8.000000052000000750e+00 1.004822670918899821e+05 8.695747165997132470e+03 -3.521650525584999741e+03 7.664303549166667835e+03 -7.504780803833332357e+03 -1.859735074266666561e+04 2.136550719592132737e+03 8.705543183666668128e+00 1.357904406866666802e+00 6.979912666666666977e+06 4.143908683333333116e+06 4.746697483666666528e+01
       dtu_10mw_rwt_08.0_32293.dat 0.000000000000000000e+00 5.795462827333334177e-01 8.900560597166665957e+02 7.999999980000001010e+00 9.871059060850251990e+04 8.413248729545950482e+03 -4.627124740373016721e+03 7.625040073999999549e+03 -7.446388787166666589e+03 -1.846113822483332842e+04 2.067411424377133244e+03 8.715590939054999708e+00 1.356897383149999969e+00 6.925693723666667007e+06 4.091579056666666642e+06 4.744594913000000247e+01
       dtu_10mw_rwt_08.0_41120.dat 0.000000000000000000e+00 6.001405676666666800e-01 9.512266515500000423e+02 8.000000007500000621e+00 1.079293838443216664e+05 9.886287554347985861e+03 -2.180689275687349891e+03 8.345300084666665498e+03 -7.999826781166667388e+03 -1.968988572149999527e+04 2.219822014757333363e+03 8.669847460283333973e+00 1.352601678499999904e+00 7.440848561833333224e+06 4.577878226166666485e+06 4.752443921999999787e+01
       dtu_10mw_rwt_08.0_46290.dat 0.000000000000000000e+00 5.632577922499999445e-01 8.326075863833334552e+02 8.000000065999998355e+00 9.266944070923831896e+04 8.431109860686285174e+03 -3.987953656374991624e+03 7.190195266000000629e+03 -7.018326807166667095e+03 -1.738264835966666578e+04 1.923797878957767125e+03 8.703440197856666671e+00 1.353533165700000263e+00 6.527551537166666240e+06 3.734304216500000097e+06 4.760748653000000274e+01
       dtu_10mw_rwt_08.0_60415.dat 0.000000000000000000e+00 5.841718426166667699e-01 9.033492898166667828e+02 8.000000021166668418e+00 1.012168252419400087e+05 8.863818908778332116e+03 -3.563007519325566591e+03 7.729747558500000196e+03 -7.547436051166665493e+03 -1.879577710849999858e+04 2.053206492978049482e+03 8.912590688833335051e+00 1.380905679516666762e+00 7.019636111833333038e+06 4.163776542166666593e+06 4.753681624333334099e+01
       dtu_10mw_rwt_09.0_26343.dat 1.134162983602990810e-01 6.567932710666668505e-01 1.123161908316666540e+03 9.000000003999998555e+00 1.279132367589999776e+05 1.066340814225483518e+04 -2.357314083299955200e+03 9.582411868833332846e+03 -9.358855489666666472e+03 -2.288297941183333751e+04 2.568458491347800191e+03 8.587783457666667175e+00 1.344251286150000224e+00 8.704448560833333060e+06 5.848611476833333261e+06 4.701292980666666921e+01
       dtu_10mw_rwt_09.0_34715.dat 0.000000000000000000e+00 6.459011593500000314e-01 1.098722366383333565e+03 8.999999962666665354e+00 1.253480494266666792e+05 1.107248363170833363e+04 -2.010001443393749923e+03 9.482828460166667355e+03 -9.211456828333333760e+03 -2.234859642083332801e+04 2.577210472935249527e+03 8.586464798166666412e+00 1.344919068100000059e+00 8.567458118666667491e+06 5.602919104333333671e+06 4.717449580500000650e+01
        dtu_10mw_rwt_09.0_5751.dat 6.449555141156414206e-02 6.797337391666666839e-01 1.196423531050000065e+03 8.999999949499999374e+00 1.381546052283333556e+05 1.218876526630093213e+04 -5.369687630576066795e+02 9.991923278499998560e+03 -9.888815197500001887e+03 -2.428565427749999435e+04 2.743598641482416497e+03 8.455289656666664655e+00 1.330543600466666643e+00 9.196832793999999762e+06 6.390258566833333112e+06 4.705189864166666780e+01
       dtu_10mw_rwt_09.0_59920.dat 7.054791547973304766e-02 6.670011426833333257e-01 1.162867436300000008e+03 8.999999893500000070e+00 1.341561729733333341e+05 1.207288904049299890e+04 -7.095428487940832838e+02 9.784259917833334839e+03 -9.645044665166667983e+03 -2.359060351166666806e+04 2.689415397845768439e+03 8.568664639999997945e+00 1.344068818566666490e+00 8.970243480333333835e+06 6.090617197166666389e+06 4.712051549833333297e+01
        dtu_10mw_rwt_09.0_8821.dat 1.732406851211499860e-04 6.498183396000000167e-01 1.112775401516666534e+03 9.000000098333332588e+00 1.265809769151476503e+05 1.057730096372109801e+04 -2.422454660735516882e+03 9.504459275333332698e+03 -9.281862811833332671e+03 -2.269002132599999823e+04 2.577733765538383068e+03 8.650788610788998412e+00 1.351590492749999983e+00 8.632849064666666090e+06 5.700809495666666888e+06 4.709364629333333596e+01
        dtu_10mw_rwt_09.0_9468.dat 0.000000000000000000e+00 6.491362865333333287e-01 1.107177125716666524e+03 8.999999908833332896e+00 1.275738014716666657e+05 1.158085658990911725e+04 -7.908922888959832562e+02 9.486556702166666582e+03 -9.251146588499999780e+03 -2.255799314833333483e+04 2.563101946877367027e+03 8.531142674733333209e+00 1.338175592500000066e+00 8.604216436499999836e+06 5.688565360000000335e+06 4.722907216000000830e+01
       dtu_10mw_rwt_10.0_13708.dat 8.811510267728385193e-01 7.508072756500000500e-01 1.371915116483333350e+03 1.000000003949999972e+01 1.578402974833333283e+05 1.257046420454866711e+04 -1.236801018649267007e+03 1.203395281683333269e+04 -1.164505870483333456e+04 -2.751386328499999945e+04 3.194371860703016409e+03 7.840275300511000189e+00 1.264331228150000097e+00 1.083124087716666609e+07 8.192851407833333127e+06 4.654208958999999624e+01
        dtu_10mw_rwt_10.0_2246.dat 9.419469405256877259e-01 7.192505713666667022e-01 1.269331406216666664e+03 9.999999987000000701e+00 1.469568465116666921e+05 1.278685536353788120e+04 -2.882202398282499303e+02 1.119088120100000015e+04 -1.090888359116666652e+04 -2.548023871666666309e+04 3.018062885166083106e+03 7.761524142370000767e+00 1.254793184783333126e+00 1.014614831766666658e+07 7.434759717166666873e+06 4.695453807333333884e+01
       dtu_10mw_rwt_10.0_25797.dat 4.923094112442928938e-01 7.407375340333333114e-01 1.360040777616666446e+03 9.999999982166668744e+00 1.580507671250000130e+05 1.373803291408633231e+04 3.499334045004333689e+02 1.150118373933333351e+04 -1.126792634049999833e+04 -2.718582805466666468e+04 3.119415119305044755e+03 7.828083085206666958e+00 1.262032227166666631e+00 1.047988095733333379e+07 7.886440275000000373e+06 4.668930660633332508e+01
       dtu_10mw_rwt_10.0_25824.dat 6.604250478002212654e-01 6.952103670500000554e-01 1.211641304750000018e+03 1.000000001899999980e+01 1.405146004233333224e+05 1.271127119166753437e+04 -1.431506966734567357e+02 1.059225573800000166e+04 -1.040767662250000103e+04 -2.440690793883333754e+04 2.819172216343946729e+03 7.982432540006883848e+00 1.278173842866666909e+00 9.679678631833333522e+06 6.839598434333333746e+06 4.705320338333334007e+01
       dtu_10mw_rwt_10.0_53407.dat 7.960317516957332584e-01 7.573541600833334497e-01 1.396557463316666599e+03 9.999999972166666140e+00 1.617900058799999824e+05 1.364588834486068481e+04 -2.827684119884866050e+02 1.179869828050000069e+04 -1.172349086316666580e+04 -2.796228353000000425e+04 3.279259397239118698e+03 7.751869175640500487e+00 1.254526257750000040e+00 1.090313769116666727e+07 8.347299790333333425e+06 4.658933599333334286e+01
        dtu_10mw_rwt_10.0_7055.dat 6.313345626900520591e-01 7.089879240666666638e-01 1.247254080183333372e+03 1.000000003049999897e+01 1.428151924183333176e+05 1.174083783006718477e+04 -2.023311963831683443e+03 1.087729556416666674e+04 -1.064781161249999968e+04 -2.506889848666667240e+04 2.926192747523850358e+03 7.894614587838331587e+00 1.266225274900000253e+00 9.903296243666667491e+06 7.151610557166666724e+06 4.684272014849999977e+01
        dtu_10mw_rwt_11.0_1633.dat 2.061606317656520471e+00 7.684632006499999557e-01 1.337036827933333370e+03 1.099999983250000213e+01 1.570429977016666671e+05 1.505922709468279936e+04 1.941302245925618536e+03 1.245508162033333429e+04 -1.212115517999999975e+04 -2.663235223549999864e+04 3.329958157795700572e+03 6.749550495891701196e+00 1.140025782633333096e+00 1.127370111299999990e+07 8.738858536166666076e+06 4.696882618466665349e+01
       dtu_10mw_rwt_11.0_25765.dat 2.679949880410218643e+00 7.792512467500000151e-01 1.342819579366666630e+03 1.100000003666666615e+01 1.564827043150000391e+05 1.452980902565399992e+04 6.208616861829601703e+02 1.285769246166666562e+04 -1.244698864666666668e+04 -2.684820470166666564e+04 3.465506189073582846e+03 6.594430228274849703e+00 1.123892642683333110e+00 1.157702854866666719e+07 9.072041649166665971e+06 4.681861125849999894e+01
       dtu_10mw_rwt_11.0_37345.dat 3.725083067269780557e+00 7.951917777000001575e-01 1.312100250700000288e+03 1.100000006383333151e+01 1.531265019633333141e+05 1.506469046233133122e+04 6.145396699441999999e+02 1.309591530566666734e+04 -1.281845215666666627e+04 -2.630009703883333350e+04 3.543563384595833213e+03 5.897714896300439769e+00 1.043137267749999930e+00 1.192211197733333334e+07 9.507533672499999404e+06 4.691701539166666635e+01
       dtu_10mw_rwt_11.0_41193.dat 2.361167599057771849e+00 7.657419929833333416e-01 1.322969497749999846e+03 1.099999992566666762e+01 1.535754056933333050e+05 1.370517540143083534e+04 -2.488270693798947946e+02 1.222431739750000088e+04 -1.202228866583333547e+04 -2.645940889500000048e+04 3.331870136845218440e+03 6.860879354361914650e+00 1.152360855233333314e+00 1.118142426700000092e+07 8.619315084666667506e+06 4.689149633499999936e+01
       dtu_10mw_rwt_11.0_43724.dat 3.212316465343743044e+00 7.827866091999999831e-01 1.316917267416666618e+03 1.099999998883333419e+01 1.526322321283333586e+05 1.452086068662085199e+04 -4.506258412498449388e+02 1.271938769316666549e+04 -1.255040922466666780e+04 -2.644690634000000136e+04 3.446260134899016066e+03 6.423334906941168043e+00 1.103459395916666530e+00 1.167246988533333316e+07 9.172269422000000253e+06 4.681320363333333745e+01
       dtu_10mw_rwt_11.0_59287.dat 1.979943598011360884e+00 7.789097674499999568e-01 1.380402586949999886e+03 1.099999994900000111e+01 1.609393948899999959e+05 1.448226552270413595e+04 6.828617586240499122e+02 1.248817136800000117e+04 -1.227972037166666814e+04 -2.745777293000000282e+04 3.401419728313666383e+03 6.780796960487498914e+00 1.143498089316666855e+00 1.142085802700000070e+07 8.941359598999999464e+06 4.680263930433333286e+01
       dtu_10mw_rwt_12.0_23697.dat 5.853472758256389241e+00 8.062073638166665779e-01 1.209247373283333218e+03 1.199999970500000046e+01 1.414670411583333043e+05 1.579943492887799948e+04 5.531797534489332975e+02 1.331728639333333194e+04 -1.308930091333333439e+04 -2.421436277816666188e+04 3.594530070871900080e+03 4.628630943816433252e+00 8.977871415833333923e-01 1.217378574833333306e+07 9.818807771666666493e+06 4.724202541166667402e+01
       dtu_10mw_rwt_12.0_28003.dat 4.855971875606900134e+00 8.089857466833332289e-01 1.287341942333333236e+03 1.200000000900000074e+01 1.499089544916666637e+05 1.528160840952536637e+04 4.371552844399151638e+01 1.338629985166666484e+04 -1.309512375666666594e+04 -2.568163468033333265e+04 3.629715403518283438e+03 5.218655798561137260e+00 9.661330426930001547e-01 1.217945956666666642e+07 9.852030805666666478e+06 4.696468278633332716e+01
       dtu_10mw_rwt_12.0_29989.dat 6.500240537141496411e+00 8.070451865499999045e-01 1.173615460733333293e+03 1.200000007100000055e+01 1.367508506233333319e+05 1.547693221491674740e+04 -1.257170490963503084e+02 1.348208135166666580e+04 -1.313816127333333498e+04 -2.357907826516666319e+04 3.606977901059333362e+03 4.335476390134000546e+00 8.634458777833333709e-01 1.221962820833333395e+07 9.864640447833333164e+06 4.726164065900000111e+01
       dtu_10mw_rwt_12.0_40278.dat 5.861399919599603159e+00 8.080408055000001255e-01 1.224279138500000045e+03 1.200000009699999914e+01 1.428245030533333193e+05 1.556333344181390203e+04 9.348095501712691657e+01 1.342332354166666664e+04 -1.311292285500000071e+04 -2.448437721833333489e+04 3.602507445025133620e+03 4.692846117523973071e+00 9.035615371666666507e-01 1.219604380833333358e+07 9.855988779999999329e+06 4.715219139166666196e+01
       dtu_10mw_rwt_12.0_56645.dat 6.685948589032907563e+00 8.081652974500000974e-01 1.161618315300000177e+03 1.200000000133333167e+01 1.365544531716666825e+05 1.629071526848536450e+04 1.147980365288233315e+03 1.347638647333333029e+04 -1.311981997500000216e+04 -2.332268895983333277e+04 3.579870725623499766e+03 4.167164106906500187e+00 8.429071560333333268e-01 1.220252838499999978e+07 9.862370639499999583e+06 4.726098669333332936e+01
        dtu_10mw_rwt_12.0_6007.dat 6.181299539848366997e+00 7.997493389666666674e-01 1.173995516916666702e+03 1.200000000283333357e+01 1.376602526466666604e+05 1.593191922779909692e+04 7.704412678550414739e+02 1.323869888333333074e+04 -1.302164164849999906e+04 -2.357955083133333028e+04 3.541100455147749472e+03 4.557081676899749745e+00 8.868619502049999159e-01 1.211075904949999973e+07 9.702846786833332852e+06 4.730383193666666131e+01
       dtu_10mw_rwt_13.0_24246.dat 8.496372230930075986e+00 8.092350882166666759e-01 1.064390864433333491e+03 1.300000018050000072e+01 1.249845657966666477e+05 1.614333334719200138e+04 2.948964517729316412e+02 1.346530311166666615e+04 -1.318384675666666772e+04 -2.135083327091666797e+04 3.593050000710683889e+03 3.283810583889193335e+00 7.363410834220334156e-01 1.226191740000000037e+07 9.921413249166667461e+06 4.759350781999999924e+01
        dtu_10mw_rwt_13.0_3219.dat 9.312334420499999155e+00 8.103196440166667847e-01 1.015318224966666548e+03 1.300000006099999794e+01 1.187335566366666608e+05 1.605178590177666774e+04 -4.112759562407749740e+02 1.350163294833333566e+04 -1.327207997333333151e+04 -2.041186626416666331e+04 3.603616608324231493e+03 2.816018320697003308e+00 6.834356732128916700e-01 1.234380052166666649e+07 1.000000125466666743e+07 4.771174320500000476e+01
       dtu_10mw_rwt_13.0_59662.dat 9.763325784916666805e+00 8.101966946500001043e-01 9.891804622666666091e+02 1.300000006033333300e+01 1.161551299483333278e+05 1.640180888222473732e+04 -1.267494182752031548e+02 1.338631337833333419e+04 -1.327655503166666676e+04 -1.966939914403333387e+04 3.642210038833466569e+03 2.452936152680716297e+00 6.381787275620549593e-01 1.234753782499999925e+07 1.000000345316666737e+07 4.779330770999999345e+01
       dtu_10mw_rwt_13.0_63909.dat 8.381108942908836568e+00 8.099828208000000584e-01 1.063878072183333416e+03 1.299999988133333240e+01 1.262655533250000008e+05 1.706025197976455456e+04 1.673133126753059742e+03 1.346326660666666612e+04 -1.327460176666666666e+04 -2.124406887466666740e+04 3.577695677723600056e+03 3.221833548407172287e+00 7.298758162601600707e-01 1.234595712166666612e+07 9.996138413166666403e+06 4.767712994166667073e+01
       dtu_10mw_rwt_13.0_64836.dat 8.613617412667259998e+00 8.101543259666665886e-01 1.060064691483333490e+03 1.300000001449999765e+01 1.244001269933333242e+05 1.613832129990010799e+04 1.896606821694065559e+02 1.359496494333333430e+04 -1.327098035333333428e+04 -2.118648836816666517e+04 3.595458012211548066e+03 3.132784923985627135e+00 7.204681312783333125e-01 1.234307286500000022e+07 9.997139410499999300e+06 4.760922446833333055e+01
        dtu_10mw_rwt_13.0_6610.dat 9.030149454166666700e+00 8.103334353999999129e-01 1.017490534349999962e+03 1.299999996466666552e+01 1.189764318683333258e+05 1.651308967873383153e+04 -2.065327757906000556e+02 1.353408321999999862e+04 -1.327166743666666662e+04 -2.049900904283333148e+04 3.598037966003991642e+03 2.957641190949866772e+00 7.003464498241214198e-01 1.234350266666666605e+07 1.000000199966666661e+07 4.761666558166667329e+01
       dtu_10mw_rwt_14.0_17103.dat 1.070334489936086619e+01 8.093724615333333094e-01 9.497238931499999808e+02 1.399999987533333012e+01 1.130290465283333324e+05 1.730212259160993199e+04 1.201562203576165530e+03 1.353431021833333398e+04 -1.321362393000000156e+04 -1.894366430954166935e+04 3.592418872084061604e+03 2.180678528672390204e+00 6.026091684246256408e-01 1.228965971499999985e+07 9.943942211333332583e+06 4.794610786833332838e+01
       dtu_10mw_rwt_14.0_33723.dat 1.043843530100000017e+01 8.103370514000000080e-01 9.688300616000000218e+02 1.400000011483333218e+01 1.138746261849999864e+05 1.642295337673919857e+04 -1.330488307789516398e+02 1.358378657999999996e+04 -1.327082799166666518e+04 -1.927739975916666663e+04 3.571159655842488519e+03 2.265582848234798163e+00 6.157017510779416725e-01 1.234287242999999970e+07 9.999998902166666463e+06 4.780989181166666668e+01
       dtu_10mw_rwt_14.0_34311.dat 1.004461667566666705e+01 8.102334117999999696e-01 9.725673914333333414e+02 1.400000002883333217e+01 1.156129277149999980e+05 1.756135899675313340e+04 1.330417298558016455e+03 1.356042118833333370e+04 -1.327477161999999953e+04 -1.945197991633333004e+04 3.613496881623629633e+03 2.391110648165641894e+00 6.311972833895782564e-01 1.234633509833333269e+07 1.000000302733333409e+07 4.790158002166666762e+01
       dtu_10mw_rwt_14.0_46217.dat 1.015653131133333531e+01 8.103272946333333060e-01 9.818589156333332539e+02 1.399999994949999937e+01 1.157676415433333459e+05 1.666549092491166448e+04 2.712453492265177033e+02 1.364488310666666621e+04 -1.327134496000000036e+04 -1.953145982233333052e+04 3.653027724897703592e+03 2.379595246567311140e+00 6.300558175308632602e-01 1.234348268500000052e+07 1.000000222399999946e+07 4.781122970666666561e+01
        dtu_10mw_rwt_14.0_7720.dat 1.059978775149999741e+01 8.102356542166665454e-01 9.476099793333332855e+02 1.399999973333333436e+01 1.121089028149999940e+05 1.688572718251885090e+04 5.338011552798832327e+02 1.354256090333333486e+04 -1.327504564999999820e+04 -1.885873637600000438e+04 3.626827517061557046e+03 2.108488426653150061e+00 5.969191120729562261e-01 1.234658118166666664e+07 1.000000435583333299e+07 4.795799838666667370e+01
        dtu_10mw_rwt_14.0_8754.dat 1.009772955799999927e+01 8.101390873833331785e-01 9.842207641500000364e+02 1.399999997366666626e+01 1.147594183733333484e+05 1.601434656440865001e+04 -9.069148780757334407e+02 1.376351983166666469e+04 -1.327626776000000064e+04 -1.964225286653500007e+04 3.589411097928533309e+03 2.464734877436768112e+00 6.396488405924498633e-01 1.234850434666666575e+07 1.000000016316666640e+07 4.771657358499999901e+01
       dtu_10mw_rwt_15.0_10279.dat 1.277431375049999751e+01 8.102804439500000955e-01 8.451070199833334300e+02 1.499999983583333041e+01 1.012276032950000081e+05 1.838525459747915011e+04 1.263760142379833496e+03 1.374490489833333231e+04 -1.327461658833333422e+04 -1.671949304499999926e+04 3.621404886308183904e+03 1.099733478334019798e+00 4.725005853067666961e-01 1.234676839333333261e+07 9.999999448666667566e+06 4.827252494166667418e+01
       dtu_10mw_rwt_15.0_22297.dat 1.230520480316666720e+01 8.102407825333333147e-01 8.640878902000000608e+02 1.499999992183333397e+01 1.034307743933333404e+05 1.791922007535573357e+04 1.194469975494366963e+03 1.361252716333333228e+04 -1.327652964166666607e+04 -1.711597796530733103e+04 3.646099552890656469e+03 1.324458230755216626e+00 4.998303651536608050e-01 1.234813523166666739e+07 1.000000545216666721e+07 4.824268575166667716e+01
       dtu_10mw_rwt_15.0_25148.dat 1.269332264799999876e+01 8.102459934333332559e-01 8.643287417500001766e+02 1.499999989749999862e+01 1.035329297649999935e+05 1.777243997492700873e+04 1.064097600491016692e+03 1.356153724999999940e+04 -1.327534527333333244e+04 -1.710017740433333165e+04 3.597225038101933478e+03 1.263603680872766644e+00 4.928443955466117465e-01 1.234683491333333403e+07 1.000000256049999967e+07 4.825261503000000118e+01
       dtu_10mw_rwt_15.0_33167.dat 1.303682360783333216e+01 8.102853964500000838e-01 8.373403630166667426e+02 1.500000009683333069e+01 9.859486638333332667e+04 1.671656754584785085e+04 -8.066313308923332670e+02 1.356230249666666714e+04 -1.327474502833333645e+04 -1.652652340926133547e+04 3.600189997554849469e+03 1.088938830282073278e+00 4.714072642965166371e-01 1.234645827500000037e+07 1.000000057766666636e+07 4.818736122666666688e+01
       dtu_10mw_rwt_15.0_41424.dat 1.192481486466666674e+01 8.102603965333334823e-01 8.851177567333332945e+02 1.500000003633333456e+01 1.050933922383333411e+05 1.720014637014833352e+04 3.760329462003167578e+02 1.350754545666666854e+04 -1.327528982166666538e+04 -1.747078788992966656e+04 3.569055265392250476e+03 1.462154081993276344e+00 5.172320707999733536e-01 1.234666144833333418e+07 1.000000711600000039e+07 4.816737466500000409e+01
       dtu_10mw_rwt_15.0_57600.dat 1.331189380166666858e+01 8.103245616333333290e-01 8.344604678166667782e+02 1.500000002550000033e+01 9.890719947666666121e+04 1.725519973169821606e+04 -1.635034484823999890e+02 1.362548222666666516e+04 -1.327264573666666547e+04 -1.653038669645000118e+04 3.557771477010382569e+03 1.048197023451090004e+00 4.666549778791166947e-01 1.234460136833333410e+07 1.000000384600000083e+07 4.824379167999999396e+01
       dtu_10mw_rwt_16.0_19655.dat 1.415602827333333380e+01 8.102898326999998790e-01 8.023847782666666717e+02 1.599999985150000015e+01 9.555205123833334073e+04 1.729526889547766405e+04 -2.621290767327898834e+02 1.359034561333333477e+04 -1.327485224166666922e+04 -1.567213745131333235e+04 3.634524839221816819e+03 5.914567736720783842e-01 4.101728283674833109e-01 1.234655438666666672e+07 1.000000043333333358e+07 4.836230940999999461e+01
       dtu_10mw_rwt_16.0_45772.dat 1.416543152333333389e+01 8.102135317000001002e-01 7.918043450833332599e+02 1.600000013133333354e+01 9.658708248500000627e+04 1.912891085477950037e+04 2.180001518505209788e+03 1.365922344666666868e+04 -1.327720557833333442e+04 -1.545667519920883205e+04 3.616909381323833259e+03 5.081267601805949941e-01 3.990788632339900555e-01 1.234882902999999933e+07 9.999999391833333299e+06 4.846010565833332606e+01
       dtu_10mw_rwt_16.0_55975.dat 1.330803532199999673e+01 8.101878210333333108e-01 8.302546582666666382e+02 1.599999988383333438e+01 9.988225442333333194e+04 1.769683291193531841e+04 9.427477134549166067e+02 1.353928734666666605e+04 -1.327849841500000002e+04 -1.620574063513416695e+04 3.607572198254173600e+03 8.468820013131282964e-01 4.408993331412683347e-01 1.234974906333333254e+07 1.000000173766666651e+07 4.834823566333333389e+01
        dtu_10mw_rwt_16.0_5616.dat 1.420552334099999925e+01 8.102986669833333044e-01 7.994777089333334743e+02 1.599999992433333595e+01 9.618258375833333412e+04 1.826035482870153282e+04 8.305519021242466806e+02 1.363740497166666501e+04 -1.327352132833333417e+04 -1.569424158266500126e+04 3.643463595336024810e+03 6.416273736670382588e-01 4.163152509428399983e-01 1.234546099333333410e+07 9.999996030333332717e+06 4.838103285833334155e+01
       dtu_10mw_rwt_16.0_56353.dat 1.360404550066666829e+01 8.102693946833332550e-01 8.201093567833333964e+02 1.600000003499999934e+01 9.833102321666665375e+04 1.782402305137892836e+04 5.546587555140257564e+02 1.363387944333333144e+04 -1.327561532166666620e+04 -1.595185598842666514e+04 3.535847799604710872e+03 7.480751924449816626e-01 4.291984193927571023e-01 1.234736140833333321e+07 1.000000201616666652e+07 4.836167818166666876e+01
        dtu_10mw_rwt_16.0_7031.dat 1.379999679883333386e+01 8.103602521499998490e-01 8.149733237833333988e+02 1.600000018650000300e+01 9.845213014333332831e+04 1.829558352192773600e+04 1.310668127404166853e+03 1.358536995833333276e+04 -1.327189813333333404e+04 -1.593512442871500207e+04 3.575390092208900114e+03 6.989536604741950487e-01 4.231197532759899405e-01 1.234365817166666687e+07 1.000000439033333398e+07 4.846106219333333343e+01
       dtu_10mw_rwt_17.0_20390.dat 1.560875493816666548e+01 8.102908447166665695e-01 7.437467544500000258e+02 1.700000003933333304e+01 9.012744207166666456e+04 1.916025416662693533e+04 9.056295868319733700e+02 1.368336116333333302e+04 -1.327556129666666857e+04 -1.431261591210888400e+04 3.571009180369516798e+03 4.393929681010167593e-02 3.414702736130449945e-01 1.234736722333333269e+07 1.000000533033333346e+07 4.855821243833334222e+01
       dtu_10mw_rwt_17.0_37683.dat 1.596978303449999892e+01 8.102944353333332295e-01 7.408172317500000190e+02 1.700000002000000165e+01 8.947144218166667270e+04 1.845863448025408434e+04 4.082743302377116379e+02 1.372822601666666742e+04 -1.327451038666666682e+04 -1.436971267290949982e+04 3.625998399285566848e+03 3.597835554239833811e-02 3.405909629855644605e-01 1.234663337500000000e+07 9.999996727333333343e+06 4.860486377166667182e+01
       dtu_10mw_rwt_17.0_45521.dat 1.528070964166666634e+01 8.102332241833333226e-01 7.537635554500001263e+02 1.700000019666666518e+01 9.347003799333331699e+04 1.984539033735883640e+04 2.932210106123516653e+03 1.355371797666666680e+04 -1.327818724166666470e+04 -1.442631442323554984e+04 3.573754999811650123e+03 -5.322335500021662183e-03 3.353202181182908803e-01 1.234929494999999925e+07 1.000000330966666713e+07 4.877595194999999961e+01
       dtu_10mw_rwt_17.0_49865.dat 1.482469216666666689e+01 8.103199304500000588e-01 7.772356797166667093e+02 1.699999986833333665e+01 9.356479010666668182e+04 1.823825180593205368e+04 5.465323165903499785e+02 1.373679667333333418e+04 -1.327390722166666455e+04 -1.495587708949216358e+04 3.589968364878863667e+03 2.434142120039700374e-01 3.664718991875600129e-01 1.234601935666666739e+07 1.000000418066666648e+07 4.848450576166666792e+01
       dtu_10mw_rwt_17.0_60465.dat 1.528288726000000075e+01 8.102718847833333404e-01 7.665922319000000016e+02 1.699999998999999917e+01 9.343028664833334915e+04 1.875081127708176791e+04 1.379954801228473343e+03 1.353137684833333515e+04 -1.327554243500000302e+04 -1.476018351467966568e+04 3.613433812852181291e+03 1.611945166687517306e-01 3.564194466723135668e-01 1.234684233833333291e+07 1.000000158083333261e+07 4.858312916833333617e+01
        dtu_10mw_rwt_17.0_7334.dat 1.511233724783333443e+01 8.102072178166666028e-01 7.674257656000000907e+02 1.700000003483333444e+01 9.310915997333332780e+04 1.833862852990346801e+04 8.802033097742666996e+02 1.350744945000000189e+04 -1.327764334333333136e+04 -1.462194829553639647e+04 3.529466735869865715e+03 1.479228777531099992e-01 3.542373178562350788e-01 1.234879629499999993e+07 1.000000256066666730e+07 4.854141279500000650e+01
       dtu_10mw_rwt_18.0_25103.dat 1.714052286333333086e+01 8.102166009333333641e-01 6.995239041166665857e+02 1.800000000000000000e+01 8.638771400733332848e+04 1.939507189780076806e+04 1.570857031150066405e+03 1.365333628500000123e+04 -1.327861143833332972e+04 -1.321515418208016672e+04 3.564896068248633128e+03 -5.591219557465200163e-01 2.661440543304017803e-01 1.235010644500000030e+07 9.999999550000000745e+06 4.885463068999999336e+01
       dtu_10mw_rwt_18.0_27317.dat 1.687821219666667005e+01 8.102116798833333133e-01 7.134111368666666522e+02 1.800000026116666518e+01 8.719821085666667204e+04 1.915240487749738168e+04 9.062141582291000077e+02 1.375466133666666792e+04 -1.327882694333333347e+04 -1.341762395659454887e+04 3.596667674685833390e+03 -4.880820230083250388e-01 2.750309011302666251e-01 1.235064332666666619e+07 9.999999184000000358e+06 4.878722447166666143e+01
       dtu_10mw_rwt_18.0_28016.dat 1.681902278283333629e+01 8.100978478333332733e-01 7.209732736999999361e+02 1.800000004666667053e+01 8.911583860000000277e+04 1.966127418806531932e+04 1.888286900448550114e+03 1.357693706166666561e+04 -1.328152280000000064e+04 -1.364155630470699907e+04 3.598658010720500442e+03 -3.929848272294833023e-01 2.867484379707241349e-01 1.235246468666666746e+07 1.000000072783333249e+07 4.881909306333334087e+01
       dtu_10mw_rwt_18.0_34558.dat 1.658343335833333398e+01 8.102859899166665603e-01 7.099957257333333018e+02 1.800000003333333254e+01 8.698676160783332307e+04 1.913976515294403362e+04 1.061779467140561565e+03 1.370306056216666730e+04 -1.327636796833333392e+04 -1.342974787391503378e+04 3.571718369260833697e+03 -4.213676768310782861e-01 2.830559996662721511e-01 1.234818848000000045e+07 1.000000333283333294e+07 4.876838510166666651e+01
       dtu_10mw_rwt_18.0_46192.dat 1.699052400666666429e+01 8.102745371999999779e-01 7.081171427833334064e+02 1.800000013666666732e+01 8.718247135500000149e+04 1.978607767781700386e+04 1.529639594009580151e+03 1.375609095999999954e+04 -1.327609668500000043e+04 -1.340515760628399767e+04 3.611452154508000149e+03 -5.117342014897116043e-01 2.720166345076899805e-01 1.234810671333333291e+07 9.999997138833332807e+06 4.883726946833333216e+01
        dtu_10mw_rwt_18.0_8966.dat 1.696154991166666548e+01 8.102600686500001093e-01 7.128212061833332882e+02 1.799999997833333154e+01 8.778978208166666445e+04 1.912119066284291694e+04 1.390652211637583378e+03 1.359061976666666669e+04 -1.327795192333333216e+04 -1.348322558475191545e+04 3.600980635213583810e+03 -4.633951738050833269e-01 2.781754791538244009e-01 1.234921353833333403e+07 1.000000386033333279e+07 4.883466353666666748e+01
       dtu_10mw_rwt_19.0_17843.dat 1.853995966333333101e+01 8.102430641000001321e-01 6.634498019166667291e+02 1.900000002666666887e+01 8.385638069333332533e+04 2.074964568229942961e+04 2.702158073900634918e+03 1.365273669833333224e+04 -1.327847775333333266e+04 -1.226592043340364580e+04 3.572022477637859538e+03 -1.090431823418068547e+00 1.994697037799180173e-01 1.234982660166666657e+07 1.000000132650000043e+07 4.907305976833333716e+01
       dtu_10mw_rwt_19.0_20935.dat 1.827606867166666760e+01 8.101951098166665366e-01 6.639593415499999765e+02 1.899999994333333575e+01 8.294486875168664847e+04 2.118474318113566915e+04 2.037228266925310436e+03 1.387641132499999912e+04 -1.327946130000000267e+04 -1.225324390358083474e+04 3.547685651057899577e+03 -1.049700147206249934e+00 2.038295660286124911e-01 1.235151454833333381e+07 1.000000021050000004e+07 4.893865534999999767e+01
       dtu_10mw_rwt_19.0_33144.dat 1.883487910333333559e+01 8.102817082833332352e-01 6.482410210833332940e+02 1.899999993999999859e+01 8.215351027378001891e+04 2.118507764369779761e+04 2.663778585803866918e+03 1.371490987999999925e+04 -1.327717415500000061e+04 -1.195411589596661361e+04 3.572036723958516632e+03 -1.150129992984179506e+00 1.914248262476450080e-01 1.234878975166666694e+07 1.000000746649999917e+07 4.905455986166666804e+01
       dtu_10mw_rwt_19.0_51363.dat 1.802452406333333457e+01 8.102712297666668784e-01 6.748389402666666683e+02 1.899999977833333276e+01 8.514673103999998420e+04 2.044410222814771623e+04 2.762690946255163453e+03 1.359666830666666829e+04 -1.327814645333333283e+04 -1.246194521502198586e+04 3.573859957219983244e+03 -9.632531355963699360e-01 2.150577779189441485e-01 1.234946268999999948e+07 9.999994514166666195e+06 4.907013479666667166e+01
       dtu_10mw_rwt_19.0_56307.dat 1.819747814999999846e+01 8.102845279666665013e-01 6.736654779833332896e+02 1.899999993833333889e+01 8.479776794433333271e+04 2.058643510543744196e+04 2.487459876640366474e+03 1.369461378166666509e+04 -1.327577650500000163e+04 -1.251035686216316753e+04 3.582061926020916417e+03 -9.556941128684182107e-01 2.162035453743614000e-01 1.234747849166666716e+07 1.000000234116666578e+07 4.900392499000000157e+01
       dtu_10mw_rwt_19.0_63447.dat 1.798458622833333465e+01 8.102826366333334418e-01 6.848741844833333516e+02 1.900000005833333105e+01 8.625835229166666977e+04 2.087745107933870167e+04 2.738417358578916719e+03 1.372533487333333505e+04 -1.327670722500000011e+04 -1.258634797161443203e+04 3.556333240780972119e+03 -1.016607536975168369e+00 2.085637739377834698e-01 1.234840594500000030e+07 1.000000145316666737e+07 4.899192541833332371e+01
       dtu_10mw_rwt_20.0_20852.dat 1.896893554666666759e+01 8.102433548666665430e-01 6.566980772333332652e+02 2.000000016500000299e+01 8.279134158233330527e+04 2.033587286264613431e+04 1.935400801837771951e+03 1.370923397166666655e+04 -1.327853145666666751e+04 -1.172740384168724995e+04 3.500003426942616898e+03 -1.350741730648666428e+00 1.663525318372160167e-01 1.235011561500000022e+07 1.000000251050000079e+07 4.907098869833333765e+01
       dtu_10mw_rwt_20.0_25497.dat 1.926024537666666703e+01 8.102423256666668738e-01 6.483772213499998998e+02 1.999999991500000007e+01 8.184688538166666694e+04 2.051167275928217714e+04 1.943510661389403140e+03 1.371291612500000156e+04 -1.327945803666666689e+04 -1.174802465133254918e+04 3.553341440865599907e+03 -1.313742126663946408e+00 1.710164880614466754e-01 1.235098278500000015e+07 9.999999775666667148e+06 4.913944302833333211e+01
       dtu_10mw_rwt_20.0_29025.dat 1.990079210166666712e+01 8.101459104833333980e-01 6.323180597333333708e+02 2.000000003499999579e+01 8.032611883350000426e+04 2.120188588508274552e+04 2.255905897545233074e+03 1.382346511833333352e+04 -1.328275565333333179e+04 -1.136345024031042703e+04 3.515866510874950563e+03 -1.472152780449599963e+00 1.508466358794903206e-01 1.235434448000000045e+07 1.000000388666666672e+07 4.914877539499998704e+01
       dtu_10mw_rwt_20.0_43745.dat 1.966570399500000121e+01 8.102993687499998599e-01 6.488814896500000486e+02 1.999999988500000114e+01 8.145107643833332986e+04 2.008390167835603279e+04 1.257861499632133246e+03 1.366003442833333429e+04 -1.327621957166666834e+04 -1.152023730105750110e+04 3.496802167523333537e+03 -1.522916775684003410e+00 1.448738288773786520e-01 1.234782794166666642e+07 9.999999238333333284e+06 4.909044383833333569e+01
       dtu_10mw_rwt_20.0_51504.dat 2.051433641500000249e+01 8.101766810499998472e-01 6.163833148833333553e+02 1.999999990166666919e+01 7.758219448602000193e+04 2.063204638402503406e+04 1.043700262038316396e+03 1.380750449499999922e+04 -1.328177971833333140e+04 -1.105914807695211857e+04 3.581390875447033523e+03 -1.683155979217756393e+00 1.242771108646900102e-01 1.235343351999999955e+07 1.000000652600000054e+07 4.911128925666666589e+01
       dtu_10mw_rwt_20.0_54726.dat 1.943281204166666498e+01 8.101802039333333427e-01 6.493316773500000636e+02 2.000000008166666277e+01 8.203971655333331728e+04 2.057304084873716420e+04 1.811409182830600002e+03 1.366328249333333224e+04 -1.328093053000000145e+04 -1.172204046842631760e+04 3.547174228599934850e+03 -1.324777241311593245e+00 1.697534029936579869e-01 1.235216152999999933e+07 1.000000241899999976e+07 4.904691039999999447e+01
       dtu_10mw_rwt_21.0_25181.dat 2.093871082666666794e+01 8.101880267500000121e-01 6.083006597166667007e+02 2.100000003833333295e+01 7.786082593266667391e+04 2.121905351542418430e+04 1.869596326848064791e+03 1.377781390833333535e+04 -1.328271078333333207e+04 -1.060530408461810111e+04 3.552302032330918337e+03 -1.985645539486503131e+00 8.615446916689166457e-02 1.235412835500000045e+07 1.000000888483333401e+07 4.925730159166667477e+01
        dtu_10mw_rwt_21.0_3963.dat 2.055731003000000001e+01 8.101753132333332497e-01 5.997994945166666412e+02 2.100000006666666508e+01 7.745475518118833133e+04 2.178181670714433494e+04 2.701573208427999816e+03 1.372318993233333458e+04 -1.328319437999999900e+04 -1.051711374478933067e+04 3.538609443085250405e+03 -1.889873636523775158e+00 9.762546229448033908e-02 1.235444595833333395e+07 1.000000649133333378e+07 4.932821373499999851e+01
       dtu_10mw_rwt_21.0_42162.dat 2.070211436166666275e+01 8.102678092499999707e-01 6.193429200166667670e+02 2.100000010833333519e+01 7.974152071666666598e+04 2.155256399441599933e+04 2.578825881982595547e+03 1.373666657833333375e+04 -1.327772163333333083e+04 -1.084772949640133447e+04 3.505279627919866925e+03 -1.791619358128435424e+00 1.107452556814661621e-01 1.234928244166666642e+07 1.000000318600000069e+07 4.923707384833333123e+01
        dtu_10mw_rwt_21.0_5160.dat 2.112308079499999636e+01 8.102340640500000912e-01 6.030909576499999503e+02 2.099999991333333327e+01 7.688138349297165405e+04 2.088956491494079819e+04 1.516651333271850262e+03 1.371586990999999762e+04 -1.328002449833333412e+04 -1.056557118371383331e+04 3.477144648279399462e+03 -1.819683187664044910e+00 1.070329315552291521e-01 1.235144557499999925e+07 1.000000645250000060e+07 4.921249768166666172e+01
       dtu_10mw_rwt_21.0_57341.dat 2.046676800666666551e+01 8.101250873333333269e-01 6.103104330333331973e+02 2.099999992833333451e+01 7.950147808012500172e+04 2.246809380856099597e+04 3.605657361989666697e+03 1.377797867833333476e+04 -1.328495112666666682e+04 -1.065662747680826760e+04 3.484467861465289843e+03 -1.814302328259866703e+00 1.072668601637050134e-01 1.235617270333333313e+07 1.000000343300000019e+07 4.930466818833333065e+01
       dtu_10mw_rwt_21.0_61500.dat 2.130650898500000068e+01 8.101908946333333805e-01 5.952803245000000061e+02 2.099999986366666604e+01 7.637174619263998466e+04 2.131259502426531617e+04 1.848342252126439917e+03 1.367196589666666659e+04 -1.328210290500000156e+04 -1.029088858677203280e+04 3.470228597037161308e+03 -2.025049472514079962e+00 8.088236685424533834e-02 1.235322857333333418e+07 1.000000865866666660e+07 4.926006954333333709e+01
       dtu_10mw_rwt_22.0_29503.dat 2.218424328833333448e+01 8.102905673333333780e-01 5.829324412333331793e+02 2.200000010500000158e+01 7.780507466016167018e+04 2.334917005279383011e+04 4.126630250918939055e+03 1.372168275333333258e+04 -1.327775734833333445e+04 -9.788699650756341725e+03 3.436018852338826491e+03 -2.283685324449167720e+00 4.797145182973566041e-02 1.234922402999999933e+07 1.000000238499999978e+07 4.946847096500000873e+01
       dtu_10mw_rwt_22.0_40013.dat 2.146618717166666812e+01 8.102069548999999427e-01 6.000044128666664847e+02 2.200000005166666384e+01 7.877917291416667285e+04 2.200826276646072074e+04 3.339996933010268094e+03 1.365727300333333369e+04 -1.328213850333333176e+04 -1.018827690835896465e+04 3.488462538526749995e+03 -2.204105795234266640e+00 5.801804726596831996e-02 1.235313618166666664e+07 1.000000481699999981e+07 4.940413690000000457e+01
       dtu_10mw_rwt_22.0_40231.dat 2.235386581999999933e+01 8.102943275666667500e-01 5.794498001333333832e+02 2.199999985166666860e+01 7.644138263576666941e+04 2.252395059907099858e+04 3.169758880235133347e+03 1.365603596666666454e+04 -1.327782854833333113e+04 -9.840902446034984678e+03 3.467196514339766509e+03 -2.301230957436641411e+00 4.579229416811533837e-02 1.234911511666666716e+07 1.000000434016666748e+07 4.938157410499999855e+01
       dtu_10mw_rwt_22.0_41304.dat 2.206305878499999196e+01 8.102725388000001638e-01 5.918725702333333629e+02 2.200000011999999927e+01 7.732365493599999172e+04 2.202541164051986198e+04 2.672803115023250484e+03 1.367857405500000095e+04 -1.327875974000000133e+04 -1.016019075716939187e+04 3.514534074628816597e+03 -2.130992729115916529e+00 6.747087073606250485e-02 1.235015158500000089e+07 9.999995573833333328e+06 4.938850288666666444e+01
       dtu_10mw_rwt_22.0_47014.dat 2.193263191499999820e+01 8.102585845666666620e-01 5.890454693333333580e+02 2.200000002666666887e+01 7.655863436132500647e+04 2.181752022713701808e+04 2.314527183361683001e+03 1.387778505400000176e+04 -1.328026699499999995e+04 -9.879134504186566119e+03 3.491905797949049884e+03 -2.362455997167696609e+00 3.813421000091016255e-02 1.235216157499999925e+07 1.000000412500000000e+07 4.939897072499999808e+01
       dtu_10mw_rwt_22.0_52742.dat 2.188472975166666501e+01 8.102055975333333215e-01 5.867733695833334195e+02 2.199999999333333278e+01 7.711486448630999075e+04 2.303367673818473122e+04 3.368857309116587203e+03 1.392758836833333407e+04 -1.328150740999999834e+04 -1.020933913063832915e+04 3.535522646026716757e+03 -2.090928624006024972e+00 7.225833443714667348e-02 1.235340943999999948e+07 1.000000227716666646e+07 4.937483538666666050e+01
       dtu_10mw_rwt_23.0_18883.dat 2.356476967166666725e+01 8.100691553666667932e-01 5.580959191999999121e+02 2.300000008833332998e+01 7.514258776417667104e+04 2.361369636530508069e+04 3.423225333910578684e+03 1.377453784783333322e+04 -1.328716911000000073e+04 -9.072562962445517769e+03 3.419034315344000333e+03 -2.688984236624670121e+00 -2.891522363396163958e-03 1.235809465833333321e+07 1.000000740383333340e+07 4.950220828999999867e+01
       dtu_10mw_rwt_23.0_31026.dat 2.303343038166666545e+01 8.101846239000000116e-01 5.708468483666666771e+02 2.299999999333333278e+01 7.525777500206817058e+04 2.152214008520876087e+04 2.210238638937321866e+03 1.365279088833333481e+04 -1.328332705999999962e+04 -9.228260383720749815e+03 3.411137639820433378e+03 -2.633884539997026319e+00 3.737729252871671484e-03 1.235427885166666657e+07 1.000000334283333272e+07 4.947926860333334531e+01
       dtu_10mw_rwt_23.0_36127.dat 2.245643584500000145e+01 8.101478755000000032e-01 5.726722027333332790e+02 2.300000024833332901e+01 7.663846763439799543e+04 2.410917209516882940e+04 3.992187104147700666e+03 1.386224691333333431e+04 -1.328625306166666633e+04 -9.245030630288350949e+03 3.382874882492551478e+03 -2.617404029339443383e+00 5.580428465957835808e-03 1.235748517333333381e+07 1.000000436766666733e+07 4.953923850500000015e+01
       dtu_10mw_rwt_23.0_49683.dat 2.297572932166666249e+01 8.101835910166665933e-01 5.586533945333333122e+02 2.299999982500000328e+01 7.615975182509502338e+04 2.388573466795880449e+04 4.640295541185384536e+03 1.366044157166666810e+04 -1.328450807333333250e+04 -9.100072915225182442e+03 3.399868345780800610e+03 -2.588869691468993040e+00 9.229850599764000130e-03 1.235524338499999978e+07 1.000001009950000048e+07 4.958504317166666198e+01
       dtu_10mw_rwt_23.0_49834.dat 2.312691408999999965e+01 8.101554342499998063e-01 5.674940968500001190e+02 2.299999984333333103e+01 7.621222357813667622e+04 2.392350392151874621e+04 3.932638370877979014e+03 1.379631667166666739e+04 -1.328602214500000082e+04 -9.341891848681567353e+03 3.467031726274677112e+03 -2.580592626132486522e+00 1.057035338426633338e-02 1.235700376666666754e+07 1.000000622766666673e+07 4.955426690999999551e+01
       dtu_10mw_rwt_23.0_57680.dat 2.352089867166666792e+01 8.103407766499999276e-01 5.630025920999999016e+02 2.299999997166666788e+01 7.555115834901166090e+04 2.308578689056213261e+04 3.362610643140933007e+03 1.365572020333333421e+04 -1.327657824833333507e+04 -9.235102896776757916e+03 3.459966162555333085e+03 -2.636942967938421756e+00 3.192454781990837487e-03 1.234792455499999970e+07 1.000000654716666602e+07 4.949630620333332587e+01
       dtu_10mw_rwt_24.0_11244.dat 2.410685940666666482e+01 8.100541224666666373e-01 5.506948859833333927e+02 2.399999990166666564e+01 7.531918903496167331e+04 2.394216905417768066e+04 4.107108582427769761e+03 1.370189848333333612e+04 -1.329001034000000072e+04 -8.803565637874100503e+03 3.449677242571950046e+03 -2.811519098588450394e+00 -1.917033134798949712e-02 1.236036681666666642e+07 1.000001637733333372e+07 4.962295467166666896e+01
       dtu_10mw_rwt_24.0_11250.dat 2.436020368666666869e+01 8.100831701166667509e-01 5.470679107666667278e+02 2.400000008166666632e+01 7.303665743047832802e+04 2.253662312866227876e+04 2.122243450212211883e+03 1.383004448333333312e+04 -1.328913017833333470e+04 -8.793322183216083431e+03 3.495340227157666959e+03 -2.844562696940141855e+00 -2.303191259045166833e-02 1.236019403999999911e+07 1.000000452933333255e+07 4.952060139500000702e+01
         dtu_10mw_rwt_24.0_377.dat 2.431848770333333221e+01 8.101721497499999591e-01 5.456625058500000023e+02 2.399999991333333327e+01 7.452491971769666998e+04 2.413601503335428060e+04 4.002680571413571670e+03 1.373140556499999911e+04 -1.328443196500000158e+04 -8.612442725404816883e+03 3.439631508832333566e+03 -3.014169361400983682e+00 -4.430871319652966711e-02 1.235545027166666649e+07 1.000000773783333413e+07 4.967147493333333585e+01
       dtu_10mw_rwt_24.0_44891.dat 2.451264493000000044e+01 8.100984579833333532e-01 5.363033894583332994e+02 2.400000007666666590e+01 7.435929159999999683e+04 2.394808423422661872e+04 4.430610384085044643e+03 1.357804262083333197e+04 -1.329038773666666566e+04 -8.544328160462633605e+03 3.464018989397299720e+03 -3.016227669930533040e+00 -4.438588081218049208e-02 1.236041305666666664e+07 1.000000460466666706e+07 4.970596351000000368e+01
       dtu_10mw_rwt_24.0_50518.dat 2.460383006666666716e+01 8.102241487499999284e-01 5.502658521500000006e+02 2.399999997666667184e+01 7.475098531031583843e+04 2.323685695083556857e+04 3.266050484397916534e+03 1.369156475666666665e+04 -1.328171727333333365e+04 -8.714281937364932674e+03 3.436721217666766734e+03 -2.965475707069588296e+00 -3.827295579434666917e-02 1.235276174833333306e+07 1.000000060616666637e+07 4.963915623666666477e+01
       dtu_10mw_rwt_24.0_60394.dat 2.371915532333333587e+01 8.100976893833333747e-01 5.466595620666666946e+02 2.399999997000000462e+01 7.507111329100499279e+04 2.426054323516466684e+04 4.637338961507972272e+03 1.376663132566666718e+04 -1.328845574333333388e+04 -8.548258785194617303e+03 3.348306791999216784e+03 -2.940537454522751837e+00 -3.510813812191400374e-02 1.235926591333333403e+07 1.000000631750000082e+07 4.971932885000000368e+01
