Statistics: std. Generated: 10/11/2021 11:32:51. No. files: 120.
                              File                       4                      10                      13                      15                      17                      18                      20                      21                      25                      26                      27                      61                      64                      70                     100                     108
       dtu_10mw_rwt_05.0_21716.dat 0.000000000000000000e+00 5.282889130082354945e-02 1.082492264860761679e+02 1.293509866273870657e+00 1.916593279713611264e+04 7.175775516508315377e+03 2.950647990147328528e+03 9.395321083363486423e+02 8.711309750062609965e+02 2.589414851637299762e+03 8.647851496000432235e+03 2.871783857262212969e+00 2.821938671575852653e-01 8.103361775504314573e+05 4.653944660450252704e+05 2.085199148495674848e+01
       dtu_10mw_rwt_05.0_40322.dat 0.000000000000000000e+00 3.698609512671015287e-02 7.486771072601239041e+01 1.335267946172738585e+00 1.091471737084107917e+04 3.337999206062284429e+03 1.845520169195278640e+03 6.263013265139474015e+02 5.778848920780659455e+02 1.753241599409768241e+03 8.556392663070755589e+03 2.334478267065951851e+00 2.299869672397438780e-01 5.375926813528423663e+05 2.892201469018894713e+05 2.081642271329114990e+01
       dtu_10mw_rwt_05.0_43619.dat 0.000000000000000000e+00 4.408742682102228388e-02 9.768518754840361851e+01 1.326964790652972237e+00 1.829025561615288098e+04 5.425653202283269820e+03 2.995829495955246784e+03 8.379448759455552818e+02 7.568774678575601911e+02 2.616649432320356482e+03 8.677173683874079870e+03 3.319442136193407666e+00 3.155334956484990849e-01 7.042129391838855809e+05 4.176562625538845896e+05 2.086183816353149467e+01
       dtu_10mw_rwt_05.0_47165.dat 0.000000000000000000e+00 2.385882643887961285e-02 5.261186654684964026e+01 1.301390140116690075e+00 1.145956329046170322e+04 3.580624727612315382e+03 2.404801944438943337e+03 4.430937984775658265e+02 3.601263126151022789e+02 1.668649677482352445e+03 8.540728932043264649e+03 3.134766145797071690e+00 3.078039740847274830e-01 3.352301022247006767e+05 1.736484376647988684e+05 2.082632563629017142e+01
       dtu_10mw_rwt_05.0_47952.dat 0.000000000000000000e+00 4.853455982788777712e-02 1.023128844038663914e+02 1.350118822108427707e+00 1.785568051952838869e+04 5.748914806504323678e+03 2.580110214552209982e+03 7.855129120325382246e+02 8.362665670841994370e+02 2.477391796631434318e+03 8.519570107592700879e+03 2.819771256101922141e+00 2.739257114696804774e-01 7.775006593048640061e+05 4.669752382689311053e+05 2.083106947646815854e+01
       dtu_10mw_rwt_05.0_50292.dat 0.000000000000000000e+00 3.766717043340972459e-02 7.626468551637488247e+01 1.362469641672822585e+00 1.145877202827203837e+04 3.280181904552696324e+03 1.952316164409381145e+03 6.371785640122792529e+02 5.781084995821948951e+02 1.945621820136150745e+03 8.621325755319496238e+03 2.778049660351400441e+00 2.708611975145269191e-01 5.378956508083763765e+05 2.847182176162854303e+05 2.087915168482139094e+01
       dtu_10mw_rwt_06.0_14324.dat 0.000000000000000000e+00 3.080208688698684444e-02 8.015938293071403109e+01 1.429649627771920617e+00 1.966966195680170858e+04 9.992679700753702491e+03 3.253170978447159996e+03 6.295751112583966460e+02 5.743419597873622706e+02 2.291206274694594867e+03 8.525003532386670486e+03 2.679110135050421615e+00 2.680239802032250984e-01 5.342149584375229897e+05 3.435647103143541026e+05 2.088649192865225501e+01
       dtu_10mw_rwt_06.0_26862.dat 0.000000000000000000e+00 5.700858404648175004e-02 1.347016397907050305e+02 1.430626697338678310e+00 2.354027394807737801e+04 8.543597815822586199e+03 2.867916562846465240e+03 1.100180414857924688e+03 1.061898239875099989e+03 2.970973441799641478e+03 8.573008209833855290e+03 2.578663808675621727e+00 2.562493702425718833e-01 9.876776239713408286e+05 6.381817792426750530e+05 2.093225422305298622e+01
       dtu_10mw_rwt_06.0_47824.dat 0.000000000000000000e+00 4.741726348596012053e-02 1.025953817600405245e+02 1.436294790522225417e+00 1.842115402007764351e+04 5.695460075649533792e+03 2.479883733611973639e+03 8.068741328693162131e+02 7.857051487730200279e+02 2.453167332693851677e+03 8.646931322401687794e+03 2.738737448890145032e+00 2.816431203256632432e-01 7.308015119173424318e+05 4.211221255240762839e+05 2.093207402099588421e+01
       dtu_10mw_rwt_06.0_51321.dat 0.000000000000000000e+00 3.945048462330967565e-02 1.041965357023370728e+02 1.444142174725534744e+00 1.893122983316200771e+04 9.214623711491714857e+03 2.941943699688777087e+03 7.793968504321264845e+02 7.828100577531226918e+02 2.653705591458414801e+03 8.476964969627868413e+03 2.913572484091326409e+00 2.860067106175752660e-01 7.278221148161037127e+05 4.982069401317999582e+05 2.097234751580338497e+01
       dtu_10mw_rwt_06.0_52263.dat 0.000000000000000000e+00 3.931457242960587767e-02 9.889504321925480212e+01 1.415254483171593858e+00 2.252534838275720176e+04 1.329534858519853697e+04 2.492248870772942155e+03 8.345921081442022569e+02 7.874239943960627670e+02 2.517252539253793202e+03 8.676350513542027329e+03 2.201275895952456541e+00 2.199510872738447975e-01 7.322532037154013524e+05 5.034479670077539049e+05 2.103673823535956089e+01
       dtu_10mw_rwt_06.0_55769.dat 0.000000000000000000e+00 4.412585055603578110e-02 1.128449009803454715e+02 1.418422923079620368e+00 2.914004137206487940e+04 1.762983185967546160e+04 3.267593016229698151e+03 1.040061330130350825e+03 8.563099783266883378e+02 3.035943134243481836e+03 8.712574220285341653e+03 2.829383591541014376e+00 2.769012314056536472e-01 7.966505656777661061e+05 5.339163691662584897e+05 2.104908388888100745e+01
        dtu_10mw_rwt_07.0_2336.dat 0.000000000000000000e+00 7.897343081819706290e-02 2.342333799866284494e+02 1.558884829030344532e+00 4.442524287786286004e+04 1.933434203761325261e+04 4.760711756794347821e+03 2.016775782869334762e+03 1.932596059609828899e+03 5.338927534424806254e+03 8.581161647507040470e+03 2.724282383306029676e+00 2.713756427293262941e-01 1.797536981994626578e+06 1.534624347367769806e+06 2.132939063464512230e+01
       dtu_10mw_rwt_07.0_40743.dat 0.000000000000000000e+00 4.833417399428930478e-02 1.450938083025477567e+02 1.537594033000972304e+00 2.988036373460871982e+04 2.464946492968665916e+04 3.539401132303977192e+03 1.312641567468167523e+03 1.135155972886499740e+03 3.545407033136803875e+03 8.639144176609763235e+03 2.125586666171142891e+00 2.165605571548103181e-01 1.055884358920432394e+06 8.540350209617585642e+05 2.124153440984421692e+01
       dtu_10mw_rwt_07.0_45626.dat 0.000000000000000000e+00 5.118539789812633078e-02 1.464022532628915485e+02 1.563906481172070206e+00 3.017117260978045306e+04 1.843635387996405552e+04 3.327906668941320277e+03 1.205526423363698541e+03 1.145482605684225291e+03 3.325051963626150155e+03 8.539041676820863358e+03 1.964223790366534272e+00 1.947467832488970207e-01 1.065300401383481687e+06 8.214285912409994053e+05 2.133184286519966477e+01
       dtu_10mw_rwt_07.0_52870.dat 0.000000000000000000e+00 4.575888376198575247e-02 1.344695502486000009e+02 1.531593802677064575e+00 3.810326870356436120e+04 3.037113214767940008e+04 4.596715443790296376e+03 1.337709756612203137e+03 1.084476780497991285e+03 3.771175818113577861e+03 8.513443000437524461e+03 2.553151108967114169e+00 2.581966085651555831e-01 1.008702391459367820e+06 8.200982639805176295e+05 2.116855511111842247e+01
       dtu_10mw_rwt_07.0_52899.dat 0.000000000000000000e+00 6.163897180858773223e-02 1.696365041166742174e+02 1.540366506727300244e+00 3.580445645244885236e+04 2.414376150166062871e+04 3.076404631306971623e+03 1.418706174007397749e+03 1.337870196130417071e+03 3.836894776211768658e+03 8.664449195641673214e+03 2.436765829326279942e+00 2.412710008849885679e-01 1.244158508473938098e+06 9.318434577345430152e+05 2.116265172191852528e+01
        dtu_10mw_rwt_07.0_8564.dat 0.000000000000000000e+00 6.976751176848323965e-02 1.969741445779104936e+02 1.549669641633155681e+00 3.560014897407454555e+04 3.140249239365473477e+04 3.297150353974156587e+03 1.734550775046281615e+03 1.572698097093470778e+03 4.260550993753818148e+03 8.559391958985017482e+03 2.207929321807292400e+00 2.185629216966422372e-01 1.462556396702095168e+06 1.145943204278186429e+06 2.116185360471619248e+01
       dtu_10mw_rwt_08.0_15536.dat 0.000000000000000000e+00 6.709412659699977299e-02 2.160770242037013134e+02 1.647230742309639062e+00 4.099170546215461945e+04 1.718429396393212301e+04 4.671152939912771217e+03 1.746792946758041580e+03 1.718095137206635854e+03 4.795780901294521755e+03 8.529293573834145718e+03 2.067493082143194272e+00 2.075258976919508447e-01 1.597759501916434383e+06 1.422871401222386165e+06 2.148616098393103258e+01
       dtu_10mw_rwt_08.0_22441.dat 0.000000000000000000e+00 5.914436781190109127e-02 1.917100028557864277e+02 1.634756649633577918e+00 3.871181508327632037e+04 1.943237542939568448e+04 4.158710120586920311e+03 1.669857645769031478e+03 1.516162803155728170e+03 4.269103258288498182e+03 8.708526272582106685e+03 1.934278679244177068e+00 1.943306708271011762e-01 1.410405316955840681e+06 1.246847720654561650e+06 2.142205442988511521e+01
       dtu_10mw_rwt_08.0_32293.dat 0.000000000000000000e+00 5.852638969512580919e-02 1.810920823982727939e+02 1.625097835087166764e+00 3.988217615732349077e+04 1.930123998759747701e+04 3.625871850421461204e+03 1.477255800806895195e+03 1.434803718791510391e+03 4.167334809036026854e+03 8.739618335087039668e+03 2.146553476558027640e+00 2.141188008839557955e-01 1.334457180545187555e+06 1.134555439805618254e+06 2.148776034020501768e+01
       dtu_10mw_rwt_08.0_41120.dat 0.000000000000000000e+00 6.726842449484816966e-02 2.221385523661259072e+02 1.638448800042241693e+00 3.953040303670104913e+04 2.269634162508830195e+04 3.729489272035597878e+03 1.953806371051441374e+03 1.799145386154881407e+03 5.051566151044303297e+03 8.987780463230683381e+03 2.103374715533508965e+00 2.129500707570484430e-01 1.673492827339333482e+06 1.553542757664898876e+06 2.130675028999725740e+01
       dtu_10mw_rwt_08.0_46290.dat 0.000000000000000000e+00 5.027595207958098639e-02 1.604244943027763952e+02 1.647338310938403660e+00 3.485506874017134396e+04 2.157005840843501574e+04 3.914372659549260334e+03 1.395662799363486101e+03 1.235841224099949159e+03 4.046668138641710811e+03 8.745931415877432300e+03 2.358040759117538077e+00 2.364069329827023780e-01 1.149669080246138619e+06 9.753437391013759188e+05 2.136302122753235011e+01
       dtu_10mw_rwt_08.0_60415.dat 0.000000000000000000e+00 5.144776071596197931e-02 1.679637492265549952e+02 1.631727010263459565e+00 3.057693856986470564e+04 2.439269335048856374e+04 3.066332382285618678e+03 1.500064857130736755e+03 1.320711891261193387e+03 3.831038554439031941e+03 8.728780657828192489e+03 1.796653737888052493e+00 1.823490344634613181e-01 1.228596349255225156e+06 1.083891243828974664e+06 2.138018963032981290e+01
       dtu_10mw_rwt_09.0_26343.dat 3.905085433642263570e-01 7.697899707714170314e-02 2.412279369026682332e+02 1.736976780024456657e+00 3.816839505611478671e+04 1.380693118759561003e+04 4.200622506831418832e+03 2.101760954240305637e+03 1.856566869394824607e+03 5.399936054318079186e+03 8.831567589341342682e+03 2.052291620518978288e+00 2.083461770928049239e-01 1.727348752029967494e+06 1.856638333668367006e+06 2.165280575842781019e+01
       dtu_10mw_rwt_09.0_34715.dat 0.000000000000000000e+00 5.152129315805350357e-02 1.846917041795155683e+02 1.755770479080745794e+00 3.119770503689560792e+04 1.379776618332010003e+04 3.729169219582008282e+03 1.547586462518351254e+03 1.447174750859165215e+03 4.533474904751862596e+03 8.897586117990624189e+03 1.954245315461160981e+00 1.969464335925178999e-01 1.346114330453155562e+06 1.303803326330067124e+06 2.155702293745475018e+01
        dtu_10mw_rwt_09.0_5751.dat 2.583486584245020534e-01 8.064925558192813371e-02 2.578257461812958127e+02 1.746453023114303393e+00 3.786507062130916893e+04 1.620419254881836605e+04 5.005527183986677301e+03 2.033249032113554449e+03 1.886860230698508076e+03 5.961749315373742320e+03 8.671518835014046999e+03 2.034130528857986064e+00 2.078480966310734535e-01 1.754884318972281180e+06 1.900806775628294563e+06 2.163839497456904226e+01
       dtu_10mw_rwt_09.0_59920.dat 3.778874486093151686e-01 6.914619621571835295e-02 2.251105142007225197e+02 1.736987719004237318e+00 3.304909078590343415e+04 1.157096150108235997e+04 4.138007868792229601e+03 1.777120871720979721e+03 1.696045719589939154e+03 5.026434461262659170e+03 8.677733710856922698e+03 1.857930372514453143e+00 1.898326092449093561e-01 1.577571189508549869e+06 1.694261463129896671e+06 2.156551650383692120e+01
        dtu_10mw_rwt_09.0_8821.dat 4.041174903734413501e-03 6.147553540014844692e-02 2.154166519162154998e+02 1.733195506153936583e+00 3.566845359159477084e+04 1.319087772275834504e+04 4.136958813598958841e+03 1.761504528492227337e+03 1.608481214733718389e+03 4.985531846497254264e+03 8.856030451120615908e+03 2.022105591673420300e+00 2.055362358272007639e-01 1.496280200610190630e+06 1.471826426451358246e+06 2.164636273127375432e+01
        dtu_10mw_rwt_09.0_9468.dat 0.000000000000000000e+00 6.569832737799773115e-02 2.283353840723811743e+02 1.738606462324780111e+00 3.520925822552834143e+04 8.730948060294051174e+03 4.481029134549661649e+03 1.826953609071652409e+03 1.704895430092009292e+03 5.326926293021311722e+03 8.822995233603855013e+03 2.092615314553230910e+00 2.148770156957233723e-01 1.585859497880418319e+06 1.568761573226627894e+06 2.151421865022473057e+01
       dtu_10mw_rwt_10.0_13708.dat 1.781114802600042069e+00 5.588708398759681395e-02 1.665448331157795110e+02 1.851374306480289667e+00 2.560836425198669895e+04 6.812789198216582008e+03 5.401222701234984015e+03 1.475889828041872079e+03 1.257102796491784147e+03 4.857919442386062656e+03 9.138349403424143020e+03 2.112385929273930874e+00 2.247556546550489587e-01 1.169137367248114431e+06 1.430471461672185920e+06 2.190988654378440614e+01
        dtu_10mw_rwt_10.0_2246.dat 1.784182975452943909e+00 7.866184843390391923e-02 2.201370629085072324e+02 1.865065053169464138e+00 3.220036182761477176e+04 9.822861990104211145e+03 5.136246150694082644e+03 1.986102174585354533e+03 1.919823101262311184e+03 5.254335106799037931e+03 8.956340137603476251e+03 2.250277248758044468e+00 2.398203292537434139e-01 1.785191355717429193e+06 2.035220939851772273e+06 2.163647834209245246e+01
       dtu_10mw_rwt_10.0_25797.dat 1.036390259010572468e+00 7.716422851979627684e-02 2.436668253858537128e+02 1.850035348449150963e+00 3.441247884938359493e+04 1.029595849981092033e+04 5.930192724640788583e+03 1.911615664997887052e+03 1.790123818735202349e+03 6.098792458067771804e+03 8.860992630530252427e+03 2.184916278771463993e+00 2.266528305708275515e-01 1.664774817971322685e+06 1.899692930316857295e+06 2.183594539200777973e+01
       dtu_10mw_rwt_10.0_25824.dat 1.593317660025823645e+00 6.939583043361749470e-02 1.889036036349548908e+02 1.836350583657168301e+00 2.952607787978200940e+04 1.108090279338644905e+04 4.321781282849160561e+03 1.800135332758618461e+03 1.731025640472842269e+03 4.911579970498741204e+03 8.774483690155702789e+03 2.290137574087482975e+00 2.421541813390792608e-01 1.609679219824821455e+06 1.827387159213417908e+06 2.167509028201098786e+01
       dtu_10mw_rwt_10.0_53407.dat 1.419047429585246434e+00 6.610344674502600937e-02 2.005060228689171424e+02 1.846356160369408084e+00 3.025484806768504495e+04 1.090120225161014241e+04 5.263735696622285104e+03 1.551323662425875455e+03 1.539791770049805564e+03 5.298467219452282734e+03 8.703319279675897633e+03 2.124860497891218891e+00 2.242479695393111427e-01 1.431865048815207789e+06 1.655356356551636709e+06 2.193808192633705900e+01
        dtu_10mw_rwt_10.0_7055.dat 1.466099441980127871e+00 7.731483439364532362e-02 2.321672158979437484e+02 1.870838009332864926e+00 3.798473643567368708e+04 1.748688729471678744e+04 6.216647502272011479e+03 1.864624595045489286e+03 1.868501910492867182e+03 5.826179046630173616e+03 8.931197972091422344e+03 2.499632435018102061e+00 2.579312278406343251e-01 1.736967509576092474e+06 1.983413234739774140e+06 2.181227970160702156e+01
        dtu_10mw_rwt_11.0_1633.dat 2.437877386500026944e+00 6.019649900948855631e-02 1.964896157887772290e+02 1.955801769243455501e+00 3.148156506793973676e+04 1.464349363519197141e+04 6.445292388046918859e+03 1.564375717841589221e+03 1.431548159991657712e+03 5.892120879155113471e+03 9.027200477433572814e+03 2.615175740347375655e+00 2.829350488485581905e-01 1.330562895050146617e+06 1.600270867885617772e+06 2.165083655221981829e+01
       dtu_10mw_rwt_11.0_25765.dat 2.812834469618735511e+00 4.975997678247446460e-02 1.742929401507464036e+02 1.942781616850030479e+00 2.533419716210593833e+04 1.331796404747694760e+04 4.858564603688781062e+03 1.276870345909151638e+03 1.186607437233260043e+03 5.061201728612556508e+03 9.092366892685282437e+03 2.465730158018443863e+00 2.730807696225232006e-01 1.102820201929021161e+06 1.339875993617907632e+06 2.173152125184502026e+01
       dtu_10mw_rwt_11.0_37345.dat 3.097517969926707693e+00 3.799329808102936551e-02 2.016902121703784587e+02 1.937207213594956290e+00 2.847567530803663249e+04 6.423839196134536905e+03 6.260827807186573409e+03 1.140717374304076429e+03 9.110336123475406112e+02 6.004089259213065816e+03 8.974223684890232107e+03 2.735751471592688944e+00 3.068675921895561709e-01 8.439714781419393839e+05 1.014643835911852191e+06 2.164732428841923451e+01
       dtu_10mw_rwt_11.0_41193.dat 3.179986322104158880e+00 5.463210192187801378e-02 1.871556127113844639e+02 1.931102981254572581e+00 2.652695141834802052e+04 7.226534315385593800e+03 5.128167484596947361e+03 1.308031714654309098e+03 1.240010892803074512e+03 4.986649080914461592e+03 8.849025795186846153e+03 2.644700674237396409e+00 2.917222612624116307e-01 1.152710363107583020e+06 1.419697007173325168e+06 2.170694680550410993e+01
       dtu_10mw_rwt_11.0_43724.dat 3.047725155574862566e+00 4.332531947534423028e-02 1.645149782317681115e+02 1.941466419711707303e+00 2.359467041700017216e+04 6.414589851535429261e+03 4.821879185759090433e+03 1.160477749778010093e+03 9.797822124010377820e+02 4.708116466788724210e+03 8.785805381301497619e+03 2.556123739889176516e+00 2.811922872148071018e-01 9.097388970977608114e+05 1.145340625629525399e+06 2.170853452076615397e+01
       dtu_10mw_rwt_11.0_59287.dat 2.503580237565818489e+00 4.858735770003314025e-02 1.864466727695451311e+02 1.935526720741936435e+00 2.836192115318170909e+04 9.818954280511998149e+03 6.199679900558537156e+03 1.308660921692794773e+03 1.137541598283020221e+03 5.582949286494210355e+03 8.838035927975717641e+03 2.565663642343328110e+00 2.763793019886399693e-01 1.057350813611610094e+06 1.278197435104552191e+06 2.176766927497383364e+01
       dtu_10mw_rwt_12.0_23697.dat 2.903186349767326035e+00 1.824149091537258932e-02 1.859288703800762903e+02 2.048925274162572308e+00 2.494634050142235355e+04 9.031367560271039110e+03 5.094631500811495243e+03 7.904008112925104115e+02 5.065922089460441384e+02 5.428101032487898919e+03 8.871884317442427346e+03 2.391563302780630451e+00 2.722208259166879474e-01 4.660483603948450182e+05 5.054537357774806442e+05 2.150943348192858551e+01
       dtu_10mw_rwt_12.0_28003.dat 3.481798562945675801e+00 1.337168260908155014e-02 2.456666468742993175e+02 2.037932803980867291e+00 3.057908971111250139e+04 8.605492509224513924e+03 6.434939133269521335e+03 7.745888489023136572e+02 4.898005868843844723e+02 6.319856897772438060e+03 9.001464294753641298e+03 2.608566285493969517e+00 2.971897805026739170e-01 4.500814407480185619e+05 3.699266811138087651e+05 2.165279538128941184e+01
       dtu_10mw_rwt_12.0_29989.dat 3.180427635501261729e+00 1.723530505736357160e-02 2.007053553538951292e+02 2.051713774939940560e+00 2.615025003002771700e+04 8.706573510213102054e+03 5.573620278691311796e+03 7.058850890445315827e+02 4.744175418730972069e+02 5.546068936523659431e+03 9.061274291364579767e+03 2.352278214510597820e+00 2.683092578387047400e-01 4.319409595366669819e+05 4.536305902067868738e+05 2.142346713133462899e+01
       dtu_10mw_rwt_12.0_40278.dat 3.805667324282331787e+00 1.471074812356835092e-02 2.506230304844417560e+02 2.057973181668938611e+00 3.380318970140244346e+04 1.050056477733232350e+04 5.771146256599735352e+03 7.454976252868214033e+02 4.408481558834238854e+02 6.258454842745977658e+03 8.995030448249026449e+03 2.690968023374542550e+00 3.070672846148385648e-01 4.029892418299317942e+05 3.885717507175583742e+05 2.159038903133789589e+01
       dtu_10mw_rwt_12.0_56645.dat 3.173434778580844551e+00 1.378183989566246145e-02 2.004115990825832796e+02 2.052394202434456805e+00 2.738421590364123767e+04 9.680874680685745261e+03 5.470267291886774728e+03 6.825307341121687159e+02 4.819357176562375571e+02 5.813544083144850447e+03 9.042403163102128019e+03 2.439616862220569615e+00 2.787882847918499163e-01 4.401177607642358053e+05 4.028400006246972480e+05 2.141956295341139693e+01
        dtu_10mw_rwt_12.0_6007.dat 3.582572918550781083e+00 3.220098419715513444e-02 2.056852996534013016e+02 2.084677245739215756e+00 2.834495518994237136e+04 9.095277763107713326e+03 5.499371676341704188e+03 8.554673552122507090e+02 7.659591981293265235e+02 5.791047369060750498e+03 8.855780252800977905e+03 2.768608535860840547e+00 3.146888164154020839e-01 7.076057899829572998e+05 8.381912938013100065e+05 2.142619752151281531e+01
       dtu_10mw_rwt_13.0_24246.dat 3.655878090195767705e+00 1.353455965380974055e-02 2.275776331018852261e+02 2.150343337733852778e+00 2.950196023080164377e+04 1.178773810749797121e+04 5.711390973124926859e+03 8.233246648863076871e+02 4.218975272308204012e+02 6.371587719840260434e+03 8.953222084745148095e+03 2.680140238136822006e+00 3.110386452221352571e-01 3.787137460619035992e+05 3.041865128608453670e+05 2.127389584462305550e+01
        dtu_10mw_rwt_13.0_3219.dat 1.992315695031526612e+00 1.237449715427765828e-02 1.360455703342882146e+02 2.148073860561777071e+00 2.119414061484610647e+04 1.873407433223527914e+04 5.124328902459224992e+03 6.502203446544671124e+02 2.331223478282007591e+02 4.703498043458327629e+03 8.908754694668381489e+03 1.915335627841942445e+00 2.232345590918714262e-01 1.925860398286815907e+05 8.156970592637005211e+03 2.123014611196896340e+01
       dtu_10mw_rwt_13.0_59662.dat 2.595827487328317140e+00 1.574025186336752008e-02 1.863700911868784260e+02 2.162525545093165302e+00 2.758035027950524454e+04 2.494915155061508267e+04 7.178712668446986754e+03 8.829902218106307146e+02 2.978452547095818090e+02 5.851492430605752816e+03 8.774260956054336930e+03 2.289412101752966500e+00 2.657776571657936016e-01 2.450589864334082813e+05 1.081258375184395845e+04 2.118320210595279462e+01
       dtu_10mw_rwt_13.0_63909.dat 2.958721949200571633e+00 1.603844871097120928e-02 1.993266811449110492e+02 2.163451801603062385e+00 2.771146864666110196e+04 8.513617484137350402e+03 6.155666401895711715e+03 7.773427838353459265e+02 2.891421506656294014e+02 6.278681777940794746e+03 8.865718418790002033e+03 2.540650513748584416e+00 2.942577551970229632e-01 2.477200718309853110e+05 4.888650142923190288e+04 2.124892936442855884e+01
       dtu_10mw_rwt_13.0_64836.dat 2.762753702523283561e+00 1.312218688290735062e-02 1.821886285066646565e+02 2.153466828802771627e+00 2.499813071420599226e+04 1.839293349023302653e+04 5.030727360489717285e+03 7.249968478575361814e+02 2.432732848766488871e+02 5.390578191412751039e+03 9.016057099875421045e+03 2.235436181095653563e+00 2.607590346075630561e-01 2.031264409250023018e+05 3.790129285359743517e+04 2.125281102416646917e+01
        dtu_10mw_rwt_13.0_6610.dat 1.480807595605327265e+00 1.218801962466121123e-02 1.200429725650036517e+02 2.158194467399474625e+00 2.104001324904418652e+04 1.497908160618487091e+04 6.258088697681296253e+03 7.980985863328111236e+02 2.359034994087540156e+02 5.202529098320786943e+03 8.998063814905823165e+03 2.007886992122818182e+00 2.310234561515023821e-01 1.886115354351960705e+05 9.253917589396029143e+03 2.124027705337416094e+01
       dtu_10mw_rwt_14.0_17103.dat 3.874164530721173616e+00 1.693367087036319607e-02 2.386345303184435807e+02 2.255884366619416603e+00 3.089151121621524362e+04 9.684460825798165388e+03 6.507953507529366107e+03 8.021754480443075863e+02 4.288028597362916230e+02 6.889846838040850344e+03 9.042298090058982780e+03 2.804952818689248062e+00 3.289968123321682092e-01 3.739012657471026178e+05 2.704566221583663719e+05 2.106725739584118173e+01
       dtu_10mw_rwt_14.0_33723.dat 2.666552601660380439e+00 1.099827314613638363e-02 1.531099551230206544e+02 2.254780152602316345e+00 2.189785344198486928e+04 1.079632541130778372e+04 4.637810409543179958e+03 5.835335192313893913e+02 2.091186421618915858e+02 5.019406844144898059e+03 9.005918606936951619e+03 2.090588404224699381e+00 2.469195653693629644e-01 1.693541961429608054e+05 7.886679648818969326e+03 2.116917809458734823e+01
       dtu_10mw_rwt_14.0_34311.dat 2.003744026301034875e+00 1.473721111552275635e-02 1.320382671468898366e+02 2.260645431873385736e+00 2.017437034451750515e+04 1.007477470621470275e+04 5.362227011511195087e+03 7.816196406803127275e+02 2.762749691893487807e+02 5.474476980977779931e+03 8.956892274958579947e+03 2.092983738835692886e+00 2.462207439835830125e-01 2.278357812027638138e+05 9.638110537786242276e+03 2.107999236370055485e+01
       dtu_10mw_rwt_14.0_46217.dat 2.608809294782154176e+00 1.203708378122061995e-02 1.476316942739624380e+02 2.269690382630246805e+00 2.059840633675924619e+04 6.756688867274845506e+03 4.716610556730049211e+03 5.352548341963996563e+02 2.237340603914948645e+02 5.027688889278719216e+03 9.073541402357275729e+03 2.012323438431793843e+00 2.383290301678091805e-01 1.844788390367779939e+05 7.943505641748527523e+03 2.115726353832933171e+01
        dtu_10mw_rwt_14.0_7720.dat 2.015775900726498371e+00 1.532036360248837346e-02 1.266899961119114550e+02 2.267417551081199356e+00 2.157954079127024670e+04 9.123985903581698949e+03 6.340776734347462479e+03 6.446433084024972686e+02 2.817384529371360600e+02 5.178694046552263899e+03 8.957969507007990615e+03 2.053461769676895532e+00 2.412069653756871990e-01 2.358849011743587616e+05 9.373037057523881231e+03 2.102196830563708474e+01
        dtu_10mw_rwt_14.0_8754.dat 2.972871646707412108e+00 1.607121652458666505e-02 1.726625357334454520e+02 2.270867364249052667e+00 2.467753828143020655e+04 1.302440215638326299e+04 5.753765490977263653e+03 6.344035248597995178e+02 2.872430396822797434e+02 5.531182223886105021e+03 9.293136826817519250e+03 2.281960034481301580e+00 2.702569323498758558e-01 2.470760284894236538e+05 8.487110250749463376e+03 2.116743997885811268e+01
       dtu_10mw_rwt_15.0_10279.dat 1.677864980055229438e+00 1.656727857710569088e-02 1.185660471827857947e+02 2.373267932991689921e+00 2.103558706904748396e+04 1.217622141898159680e+04 6.231056577655976980e+03 7.283126314112456612e+02 3.133046784781982979e+02 5.574619609486341687e+03 9.268065062608267908e+03 2.152839730969196896e+00 2.549699310324089474e-01 2.575498233501341019e+05 1.149825123048565547e+04 2.084441927800382288e+01
       dtu_10mw_rwt_15.0_22297.dat 2.465478189339148418e+00 1.777983036620076757e-02 1.528711629792988163e+02 2.364298723093204657e+00 2.389673972049812073e+04 1.131112688999032252e+04 7.595362946902496333e+03 8.761334250201201712e+02 3.451750920786988672e+02 6.256646535127184507e+03 9.168528572571420227e+03 2.404086561239345610e+00 2.838924985891465580e-01 2.756625133339007152e+05 1.367363562744787851e+04 2.087566347436827030e+01
       dtu_10mw_rwt_15.0_25148.dat 2.509145923455686766e+00 1.594474593592270367e-02 1.337702405322105221e+02 2.364429078277472396e+00 1.983015767266935291e+04 1.221612201051045849e+04 4.972428322295963881e+03 6.150793198583719459e+02 2.907950297746827459e+02 5.084847487729452041e+03 8.953625667727605105e+03 2.073488653797589176e+00 2.473123932946553749e-01 2.449109814049297129e+05 9.822731682624735186e+03 2.086424737722400380e+01
       dtu_10mw_rwt_15.0_33167.dat 1.999997912267993172e+00 1.623137064045457323e-02 1.233461404656316489e+02 2.354070155514497387e+00 2.296397623569676580e+04 1.312648311903494869e+04 6.846601940650556571e+03 9.125172550960886610e+02 3.214294672479213091e+02 5.557004400796320624e+03 9.128197864548506914e+03 2.096734541724738499e+00 2.467778541567113848e-01 2.527358333745422133e+05 1.323520928960454876e+04 2.091374802342474837e+01
       dtu_10mw_rwt_15.0_41424.dat 2.040316730839066395e+00 1.602128701534601130e-02 1.372160686457607426e+02 2.364529919663090229e+00 2.308355384977890571e+04 1.711920097752074071e+04 6.152895588876968759e+03 8.701053049911209882e+02 3.015553689732089424e+02 5.631218616598384870e+03 8.995204864857685607e+03 2.152915499589650228e+00 2.542479325369080279e-01 2.459560872600411822e+05 1.133669670462008980e+04 2.095062762315373561e+01
       dtu_10mw_rwt_15.0_57600.dat 1.942447882774475776e+00 1.407011070234824753e-02 1.126920015080690263e+02 2.374912556762593052e+00 1.897568125879400759e+04 1.752526078937332568e+04 5.873381667236664725e+03 7.048036466894699288e+02 2.701965001768601269e+02 4.812704537243812410e+03 9.100554556950221013e+03 1.928497602299248381e+00 2.285433372618426717e-01 2.180008789178635343e+05 1.065275842594852656e+04 2.085796414076485306e+01
       dtu_10mw_rwt_16.0_19655.dat 1.536046264794874494e+00 1.656807121832262752e-02 1.055148891525886370e+02 2.480107819674332248e+00 1.919025790901856817e+04 1.051065314871982446e+04 5.359385712121351389e+03 6.705169345244685246e+02 3.111439191697441515e+02 4.728396473401146068e+03 9.070404328173473914e+03 1.854187837551253937e+00 2.191956820901162784e-01 2.577173503952676256e+05 1.160384656836784598e+04 2.081893557972102116e+01
       dtu_10mw_rwt_16.0_45772.dat 1.747427681529228227e+00 1.824535114417172657e-02 1.189895999893364689e+02 2.471141965588767420e+00 2.233419211556524533e+04 1.879987644840278881e+04 6.564645602849517672e+03 8.034264992880517866e+02 3.399702907349143857e+02 5.836716851157522797e+03 9.132366434875526465e+03 2.195554157939321183e+00 2.598189998206796858e-01 2.817590778583583888e+05 1.256937691528369396e+04 2.070701470823333068e+01
       dtu_10mw_rwt_16.0_55975.dat 2.450012906061757256e+00 1.891542434656712582e-02 1.443793808108904386e+02 2.456012084640744497e+00 2.368419629500420342e+04 1.245480203989637448e+04 6.876158964412200476e+03 8.152818563770199489e+02 3.550926841520690687e+02 5.785585001528578687e+03 9.017209662352453961e+03 2.279323556040943721e+00 2.693002644059086514e-01 2.930679889930934878e+05 1.337075260698444072e+04 2.083657494025968404e+01
        dtu_10mw_rwt_16.0_5616.dat 1.683565198245134953e+00 1.502436878601282749e-02 1.038339964111691103e+02 2.478587068912983860e+00 1.811126789058631766e+04 1.099366897899661853e+04 5.416574584889648577e+03 7.312722773389191389e+02 2.834152645940855564e+02 4.980819358179280243e+03 9.129435150202010846e+03 1.883680716478576489e+00 2.237712819218949656e-01 2.300650402034461440e+05 1.131333680964255655e+04 2.076807247619791497e+01
       dtu_10mw_rwt_16.0_56353.dat 1.899696864495130422e+00 1.731730227940950564e-02 1.178867009013755904e+02 2.474496558186928485e+00 1.990552327761537890e+04 1.021935998996633498e+04 5.832548213237464552e+03 7.001044567677669193e+02 3.188676389508347029e+02 5.227709964453798420e+03 9.144414379515068504e+03 2.082420660703310666e+00 2.483901476849405821e-01 2.682015639449490118e+05 1.111483623211510167e+04 2.085515378779572515e+01
        dtu_10mw_rwt_16.0_7031.dat 2.099014929804805973e+00 1.342258579625042747e-02 1.123326556803786787e+02 2.483319157764312557e+00 1.966643311874665233e+04 1.232411202285472427e+04 5.522235476829274376e+03 6.940409528807826973e+02 2.611820718933739158e+02 5.309861150840590199e+03 9.046948489427279128e+03 2.039821077848957387e+00 2.430042198900768946e-01 2.076605972315335530e+05 1.091925594145375908e+04 2.073970830998796089e+01
       dtu_10mw_rwt_17.0_20390.dat 1.773873819516967876e+00 1.772718240910374152e-02 1.203522968244694056e+02 2.564384526932272479e+00 2.195927331700296418e+04 2.004069100232608980e+04 6.899649592020287855e+03 9.038568667514305162e+02 3.478025234890990873e+02 5.827254722817432594e+03 9.252888675636066182e+03 2.183517954174229114e+00 2.584049621650124084e-01 2.744848762391536147e+05 1.507034675914525724e+04 2.067632736291512074e+01
       dtu_10mw_rwt_17.0_37683.dat 2.174682636504286393e+00 1.680233434329542544e-02 1.164692293537768535e+02 2.585114565763575456e+00 1.983401210321365215e+04 1.198111896571505531e+04 6.155393432534888234e+03 7.586438074771758693e+02 3.186151737940047042e+02 5.572496954735536747e+03 9.312425257382865311e+03 2.147550658155009451e+00 2.575050940768704999e-01 2.598310169647625298e+05 1.301355441656837502e+04 2.061400037342034963e+01
       dtu_10mw_rwt_17.0_45521.dat 1.598857203491253598e+00 1.923676562752581198e-02 1.120256648576652054e+02 2.571052157618447964e+00 2.084124585254846897e+04 1.497576596082097603e+04 6.382052472632341050e+03 7.717766854113345971e+02 3.646377693095687391e+02 5.744121942023832162e+03 8.972038018495766664e+03 2.192172833221016859e+00 2.611807327158862657e-01 2.981131050376084750e+05 1.421161807440564553e+04 2.055155034839468087e+01
       dtu_10mw_rwt_17.0_49865.dat 2.119334170158551967e+00 1.647884009300248573e-02 1.212029712925378959e+02 2.580803967728648729e+00 2.116404829717803659e+04 1.002614246981291217e+04 6.014473397265703170e+03 7.275035500494825556e+02 3.124403714060453012e+02 5.472241797776277963e+03 9.270385818993641806e+03 2.092589316936669164e+00 2.487369972318101696e-01 2.531764098917053198e+05 1.281834175164737098e+04 2.074383467663852443e+01
       dtu_10mw_rwt_17.0_60465.dat 2.052689978082196998e+00 1.666310929968479321e-02 1.013689151713480499e+02 2.576280278970890958e+00 1.936051109621546129e+04 1.169400689346199761e+04 5.148004679958698944e+03 6.949007464390150517e+02 3.037030156613048462e+02 5.076488567621010588e+03 8.911754505765635258e+03 1.928305538688564136e+00 2.314846088942868474e-01 2.554998868322623312e+05 1.086537240008977460e+04 2.066527950952373871e+01
        dtu_10mw_rwt_17.0_7334.dat 2.332288847970981571e+00 1.818737076208852554e-02 1.304981729311512595e+02 2.580579212297783087e+00 2.354782137630397483e+04 1.390647335362932427e+04 6.855051713036621550e+03 7.324916762951627334e+02 3.424691131640274762e+02 5.602531515907782705e+03 8.961710966672253562e+03 2.165247890405155307e+00 2.577913743205187957e-01 2.786354278648708714e+05 1.369174032703608646e+04 2.073695355286862707e+01
       dtu_10mw_rwt_18.0_25103.dat 1.533691142222340487e+00 2.013201895209665998e-02 1.132063581191316644e+02 2.693529778822329135e+00 2.145536370398946019e+04 1.643237103913579995e+04 6.452743133960819250e+03 8.354276025835904420e+02 3.767120456020281836e+02 5.747427033364308954e+03 9.197242303350514703e+03 2.100692988154990282e+00 2.499440413094528579e-01 3.085702862044486101e+05 1.525744435920271280e+04 2.050473667373302433e+01
       dtu_10mw_rwt_18.0_27317.dat 2.223387233677085018e+00 2.058275356329926711e-02 1.250113778027071021e+02 2.687229043455450217e+00 2.172502685420381385e+04 1.546133593539044523e+04 6.336187996618197758e+03 8.033236825297426549e+02 3.806772383481709312e+02 5.570410027066067414e+03 9.368919743810962245e+03 2.119430806725752348e+00 2.527130863847110165e-01 3.183428425169944530e+05 1.448753917190484390e+04 2.054259421432749022e+01
       dtu_10mw_rwt_18.0_28016.dat 2.605343474261557102e+00 2.075815206398308813e-02 1.264686982658944601e+02 2.676910855479937457e+00 1.964899233376525081e+04 1.191275720370867748e+04 5.845810949834586609e+03 6.966070839518737330e+02 3.762410392706959215e+02 5.412431097972288626e+03 9.024263212475627370e+03 2.137126168029430229e+00 2.576795078397393080e-01 3.214760199148636893e+05 1.273730669236077847e+04 2.049664357079493016e+01
       dtu_10mw_rwt_18.0_34558.dat 1.553526200901588217e+00 1.894169159718269574e-02 1.224390756103478566e+02 2.693911356440791494e+00 2.426441902321623274e+04 1.661341716533036015e+04 7.941696696736510603e+03 9.426919544132672399e+02 3.761254044763160209e+02 6.044601228170206923e+03 9.337197702760531683e+03 2.293073201606131484e+00 2.720295642753031706e-01 2.924790969829404494e+05 1.737772980638980516e+04 2.051344579979383198e+01
       dtu_10mw_rwt_18.0_46192.dat 2.087182577418662976e+00 1.854538931178356664e-02 1.116362405500595685e+02 2.693406133927691570e+00 2.114306894658415695e+04 1.593651046177953685e+04 6.324720096179695247e+03 7.495761559565589778e+02 3.478993079903687544e+02 5.779342288396967888e+03 9.383948645644833960e+03 2.110410916724846153e+00 2.525933024029611285e-01 2.865913443236981402e+05 1.389071757633103698e+04 2.052560322996666642e+01
        dtu_10mw_rwt_18.0_8966.dat 2.312690174476467408e+00 1.958514944831509647e-02 1.147581855132366542e+02 2.684659905434919835e+00 2.313829939810308133e+04 1.917562936118383368e+04 6.689662374485591499e+03 7.688265376600101035e+02 3.674224123988184942e+02 5.516216180615232588e+03 9.100133370676774575e+03 2.069567417538276555e+00 2.472289209597034465e-01 3.053008754112575552e+05 1.423621364634899146e+04 2.054143963420143137e+01
       dtu_10mw_rwt_19.0_17843.dat 1.839231903135732038e+00 2.020100322940318605e-02 1.066265320181389598e+02 2.797322926998954795e+00 2.134529848072937966e+04 1.513602932382062318e+04 6.807898533643865449e+03 7.248980730323854687e+02 3.781424723788012443e+02 5.774169438980052291e+03 9.167143112846086296e+03 2.127416408601431108e+00 2.560477932087972253e-01 3.119281134880033205e+05 1.523347557744886763e+04 2.036014755718237978e+01
       dtu_10mw_rwt_19.0_20935.dat 2.157388857437628538e+00 2.133167196404187754e-02 1.286951081759088993e+02 2.797982441239639240e+00 2.637869859193840239e+04 2.290181655906798915e+04 7.937569727832555145e+03 9.329997142283829135e+02 4.093863577400245504e+02 6.719381464613072239e+03 9.630956398031898061e+03 2.439157541522351202e+00 2.922292650491213895e-01 3.310793967598195886e+05 1.736974447933407282e+04 2.040447513188281192e+01
       dtu_10mw_rwt_19.0_33144.dat 1.595850922023836382e+00 1.962831872753627999e-02 1.158550208708543749e+02 2.783477885525467599e+00 2.324338947022450520e+04 1.062901736488800452e+04 7.687741392927026936e+03 9.300553593740457927e+02 3.818088009434425203e+02 6.473805639890983002e+03 9.383047142941037237e+03 2.339476486534103117e+00 2.805697543536669336e-01 3.024964272981390823e+05 1.765962550394858044e+04 2.038574098608728491e+01
       dtu_10mw_rwt_19.0_51363.dat 1.750835874700697570e+00 2.019031089905603052e-02 1.115170958345897105e+02 2.790488260799016018e+00 2.216849947086325483e+04 1.594266084007116660e+04 6.850738572530298370e+03 8.608331719951312380e+02 3.782025195884975233e+02 6.062220803804831121e+03 9.118215619341799538e+03 2.263853302539104995e+00 2.730961991310141279e-01 3.145967933201119304e+05 1.492244842088475525e+04 2.041756352749337822e+01
       dtu_10mw_rwt_19.0_56307.dat 2.020972993085074609e+00 1.791918521908435549e-02 1.095119703919707632e+02 2.800799575566085053e+00 2.137744251854299728e+04 1.745213831668595230e+04 6.232061875388223598e+03 9.085321064740817292e+02 3.394372281220072978e+02 5.958492152276137858e+03 9.262708281239834832e+03 2.173064765994955128e+00 2.609813453904501479e-01 2.752602062968024984e+05 1.446118818944713530e+04 2.041686969464130641e+01
       dtu_10mw_rwt_19.0_63447.dat 2.197414409184085038e+00 1.920953042323518198e-02 1.013291595047211331e+02 2.777403390597501076e+00 2.048140674785714145e+04 1.849411499022047792e+04 5.898928832770054214e+03 7.765702760814272096e+02 3.534835514819598643e+02 5.631677578972484298e+03 9.197934345031133489e+03 2.092284638867910385e+00 2.532578749445741351e-01 2.965299014216896612e+05 1.331770769426830884e+04 2.041951298442996787e+01
       dtu_10mw_rwt_20.0_20852.dat 2.159229419027330010e+00 2.065881748116373332e-02 1.148067048125165144e+02 2.889171811347928553e+00 2.266395269705093961e+04 1.325279651743153227e+04 7.165889070223148337e+03 7.687996232420334763e+02 3.896480781420735866e+02 5.847319666789148869e+03 9.307910007933820452e+03 2.269050421235211168e+00 2.734811694610017052e-01 3.178026330308458419e+05 1.662928932493477623e+04 2.037002670807331484e+01
       dtu_10mw_rwt_20.0_25497.dat 1.486130723283214827e+00 2.166170367778216116e-02 1.043666444185752198e+02 2.877901154420264618e+00 2.085230755738837979e+04 1.590771156522534147e+04 6.771725066088845779e+03 8.855632169844328700e+02 4.028247230898471116e+02 5.859476431436913117e+03 9.327061551664250146e+03 2.207602260412361517e+00 2.659297776639508171e-01 3.343080950582518126e+05 1.578083921774571718e+04 2.032704509510525170e+01
       dtu_10mw_rwt_20.0_29025.dat 2.028099787388131237e+00 2.369320488387623505e-02 1.184451508912261488e+02 2.898147682196595465e+00 2.230872557230786697e+04 1.784007011588313981e+04 7.535272588361401176e+03 9.332013653703592126e+02 4.416789193502143007e+02 6.202407781199630335e+03 9.505970595029139076e+03 2.288404313254592370e+00 2.763336098553755282e-01 3.695201774543075589e+05 1.731675161562224093e+04 2.023368628806449365e+01
       dtu_10mw_rwt_20.0_43745.dat 2.553087879109636305e+00 1.863335615066003675e-02 1.081666472896898057e+02 2.878731594890271417e+00 1.956663903157857203e+04 1.247386824519727270e+04 5.885969282502763235e+03 7.195478156473386662e+02 3.481540797383392487e+02 5.231081297362036821e+03 9.174790343122012928e+03 2.007059944340900959e+00 2.427225455286295130e-01 2.879084720371445292e+05 1.418435222289679405e+04 2.037070467748296210e+01
       dtu_10mw_rwt_20.0_51504.dat 1.805615566173425890e+00 2.333876479062793607e-02 1.257780274979711947e+02 2.900209926167786278e+00 2.623930644749269049e+04 1.782715935715374144e+04 7.199575549255197984e+03 9.962739508841406177e+02 4.492037001292627565e+02 6.311041702287058797e+03 9.646541165527854901e+03 2.333502184067851370e+00 2.789058730391655305e-01 3.599913973797284416e+05 2.023377619331903043e+04 2.029339006609090390e+01
       dtu_10mw_rwt_20.0_54726.dat 1.782810540667225441e+00 2.196813662697357297e-02 1.048998552690390937e+02 2.880273614135960170e+00 2.049298995466238921e+04 1.254322268421358240e+04 5.545823255618079202e+03 7.723681897686599314e+02 4.035498954919772814e+02 5.490253371265484020e+03 9.167679424272140750e+03 2.092869512368443097e+00 2.519436955161932779e-01 3.383440066348534310e+05 1.559535015931903763e+04 2.038998260860014966e+01
       dtu_10mw_rwt_21.0_25181.dat 1.783198695487816510e+00 2.423022886095866843e-02 1.179308959353450916e+02 2.985440926592837219e+00 2.344824890619246071e+04 1.546041237654479482e+04 7.331070239502669210e+03 9.093887645146005525e+02 4.597467455930344613e+02 6.090145876590810985e+03 9.504196431633750763e+03 2.272133026956202784e+00 2.733612884055193759e-01 3.764914574787772726e+05 1.942403191516640800e+04 2.023378113101659181e+01
        dtu_10mw_rwt_21.0_3963.dat 1.610290706330816501e+00 2.429151394124742791e-02 1.449535050382088457e+02 2.988309833235390567e+00 3.016547105747296519e+04 1.648483012470085305e+04 9.154598124889735118e+03 1.109526241632889651e+03 4.934499353136873765e+02 7.340114832538618430e+03 9.578304955031724603e+03 2.736665408316490744e+00 3.245385043625161892e-01 3.763054597641809378e+05 2.561017632477224470e+04 2.025055924124897189e+01
       dtu_10mw_rwt_21.0_42162.dat 1.544158907961518334e+00 2.001690301082557216e-02 9.646985243160349910e+01 2.985312118499976908e+00 1.994078026625118946e+04 1.996028266193703166e+04 6.525908272352454333e+03 8.624471430351497929e+02 3.768269607503319776e+02 5.759211485461163647e+03 9.339998536636063363e+03 2.166722344243819265e+00 2.622612890907202732e-01 3.077943345929847565e+05 1.631954445818685781e+04 2.022986770357739772e+01
        dtu_10mw_rwt_21.0_5160.dat 1.485904571506080352e+00 2.203257604445701262e-02 1.187177281275414913e+02 3.024146734371365497e+00 2.756016882370859457e+04 2.185742002436154507e+04 7.993755918242948610e+03 1.037293641016334959e+03 4.361815212060972158e+02 6.300454143823272716e+03 9.506252181014102462e+03 2.316262423543230753e+00 2.767056134299122894e-01 3.401562375836815918e+05 2.145263043273661242e+04 2.024911899105060087e+01
       dtu_10mw_rwt_21.0_57341.dat 1.917626863773753021e+00 2.541678983857074275e-02 1.322070118252464397e+02 3.000434293062671731e+00 2.846216296610459540e+04 1.593963485510250575e+04 7.762048048557104266e+03 1.038522600723845471e+03 4.800419203625838236e+02 6.959533880745317219e+03 9.532248649192029916e+03 2.568294635013738780e+00 3.090723925505108327e-01 3.927623294048942043e+05 2.111383049222738555e+04 2.017108985255813636e+01
       dtu_10mw_rwt_21.0_61500.dat 1.757390436427480385e+00 2.322889382182883808e-02 1.258485432721291630e+02 2.996736854762667157e+00 2.761362296436509860e+04 2.269664989328139200e+04 8.101373576167766259e+03 1.067584359900719619e+03 4.534038678074191466e+02 6.654354499414787824e+03 9.390247264568870378e+03 2.385069066625262746e+00 2.867696309114326492e-01 3.586904647193240235e+05 2.139870471720562637e+04 2.020780569064988796e+01
       dtu_10mw_rwt_22.0_29503.dat 2.336176274896071714e+00 2.045246958164546186e-02 1.140135470537899636e+02 3.104163491141130216e+00 2.361192640506501994e+04 1.686709107836033945e+04 7.221396640223772920e+03 9.422993444503463252e+02 4.025376879577058276e+02 6.639208315706441681e+03 9.373511464216826425e+03 2.491677961733457014e+00 3.021703845840007507e-01 3.133478498451187625e+05 1.952878767252185571e+04 2.009082023714992360e+01
       dtu_10mw_rwt_22.0_40013.dat 2.073928348954691803e+00 2.344003968372848287e-02 1.159916031936010796e+02 3.113452362915241078e+00 2.438305618871266779e+04 1.774642731532779362e+04 7.687905948441942201e+03 8.365191947215039363e+02 4.421287982584863698e+02 6.395697884058411546e+03 9.265000659379089484e+03 2.372791693387714229e+00 2.874201892324038665e-01 3.638249668023352278e+05 1.888184760980355713e+04 2.016190224331113612e+01
       dtu_10mw_rwt_22.0_40231.dat 1.454660512378768367e+00 2.028487773201423025e-02 1.122004296528247949e+02 3.098172873996943189e+00 2.595327076492065316e+04 1.953570527668556679e+04 7.252828333657356779e+03 9.986524721685710801e+02 4.073418243525036928e+02 6.426608886828807044e+03 9.324871332818398514e+03 2.338828499045125575e+00 2.811496361195351401e-01 3.129438439557802631e+05 2.045061464254689054e+04 2.011292878428253417e+01
       dtu_10mw_rwt_22.0_41304.dat 2.011651945004939712e+00 2.112874959587831072e-02 1.042282014864847639e+02 3.114420250785794764e+00 2.185705208647298059e+04 1.730028695540153058e+04 6.835884277169814595e+03 8.641579289200308267e+02 4.067714713953430987e+02 6.009541466487556136e+03 9.281013229962220066e+03 2.252959024579482605e+00 2.731162436041034702e-01 3.270118366932423087e+05 1.834021235238881491e+04 2.015111026341116229e+01
       dtu_10mw_rwt_22.0_47014.dat 1.951297268960643594e+00 2.315362213514871384e-02 1.229271643065718962e+02 3.113807583860258799e+00 2.391576356341559222e+04 2.287282465877689174e+04 7.283396004759766583e+03 1.009332902622940537e+03 4.530928890229574222e+02 6.491327176741807307e+03 9.743509601238396499e+03 2.412131457673409862e+00 2.915519219758557212e-01 3.605550159619926126e+05 2.108200718450945715e+04 2.015107204589319778e+01
       dtu_10mw_rwt_22.0_52742.dat 1.927777427063613436e+00 2.376630331529609036e-02 1.110246045826952042e+02 3.102563676345526211e+00 2.449506949297621031e+04 1.706672161675379175e+04 6.990450938581508126e+03 1.050109903265941057e+03 4.487856672404158189e+02 6.840118697942755716e+03 9.766283347937376675e+03 2.464428142760317630e+00 2.991285150699140027e-01 3.690200624580634758e+05 1.861811757194709935e+04 2.006825868208897390e+01
       dtu_10mw_rwt_23.0_18883.dat 1.960268432398317939e+00 2.647682816062429945e-02 1.198697007670405412e+02 3.204029144342660285e+00 2.664079608360144994e+04 2.162551081905441606e+04 7.742698243696700047e+03 1.087583180659186837e+03 5.061714557836516519e+02 6.906290978707140312e+03 9.523751257154273844e+03 2.503250493740710070e+00 3.004094564164404013e-01 4.086469653131333762e+05 2.245147651874115036e+04 2.006450357010106345e+01
       dtu_10mw_rwt_23.0_31026.dat 2.303546099825394489e+00 2.425674955324219617e-02 1.203777721699943868e+02 3.215892985194262810e+00 2.679244951724372731e+04 1.916658383205861173e+04 8.391222368048558565e+03 1.048256550724174758e+03 4.723168094994676380e+02 6.631892102302760577e+03 9.342003086290098508e+03 2.477631448485010157e+00 2.979018144198278817e-01 3.778749708226888906e+05 2.222328859816053591e+04 2.009699780765961918e+01
       dtu_10mw_rwt_23.0_36127.dat 1.902089571477546315e+00 2.690130144726272585e-02 1.318456253362203938e+02 3.215469480717619177e+00 2.916202156013317290e+04 1.634168767017307619e+04 8.448656678384313636e+03 1.039643353242418016e+03 5.152808139292848182e+02 7.130102293840045604e+03 9.662727313536925067e+03 2.560022844042892931e+00 3.088545288488254159e-01 4.209861037075174390e+05 2.240905064195017985e+04 2.005741804158850172e+01
       dtu_10mw_rwt_23.0_49683.dat 1.814134927408398212e+00 2.530026462840226018e-02 1.227825231636499836e+02 3.228032497248151778e+00 2.734694113888380889e+04 2.258569217178156759e+04 8.765540428726804748e+03 1.139622707550016230e+03 4.914809509992779226e+02 7.478990986534248805e+03 9.403867994860793260e+03 2.669140437171184654e+00 3.223033259727808297e-01 3.930370799355218187e+05 2.287015155127820981e+04 2.002431255803612586e+01
       dtu_10mw_rwt_23.0_49834.dat 1.924675205393576505e+00 2.655966811422556806e-02 1.194699913787235062e+02 3.201361921317963155e+00 2.525708388765998825e+04 1.982190795431851438e+04 7.872111854664985913e+03 9.722102035439089605e+02 5.027646198869795171e+02 6.793429678821762536e+03 9.565823083765537376e+03 2.432449583626102640e+00 2.945630031903589963e-01 4.143902758742602891e+05 2.167708286331061026e+04 2.003125769315641236e+01
       dtu_10mw_rwt_23.0_57680.dat 1.829358915089856152e+00 1.961718209276240577e-02 1.074975561190409223e+02 3.207378860743120175e+00 2.366646809385905726e+04 1.843540965294590205e+04 7.201370085534443206e+03 9.091767830041776506e+02 3.920137948708331805e+02 6.244808394704858983e+03 9.192689248148824845e+03 2.273949506545597465e+00 2.757665245472694093e-01 3.027776351343539427e+05 2.037208568138296323e+04 2.006802571760994525e+01
       dtu_10mw_rwt_24.0_11244.dat 1.544054040184857479e+00 2.844330287794771470e-02 1.248179374701879567e+02 3.322162720532940039e+00 2.569319195158172442e+04 1.713635638048934197e+04 7.745699482854812231e+03 1.009755683300189730e+03 5.337421442092468169e+02 6.928220839063894346e+03 9.393342040664339947e+03 2.547387943761100004e+00 3.085200764551105368e-01 4.386662990803674329e+05 2.317148660918456517e+04 1.998874058601190384e+01
       dtu_10mw_rwt_24.0_11250.dat 1.929184858165508887e+00 2.852130122045177379e-02 1.343971342857554134e+02 3.308599574804395260e+00 2.790818933132878374e+04 2.264835074815786356e+04 9.208527722136821467e+03 1.001642826014626053e+03 5.562640636461262602e+02 6.902337723410566468e+03 9.715982214116958858e+03 2.608251194936188622e+00 3.134406454559595101e-01 4.439891821555398055e+05 2.629816925912916486e+04 2.003143669977620078e+01
         dtu_10mw_rwt_24.0_377.dat 2.049164124774324858e+00 2.542380584839974353e-02 1.300420386207879346e+02 3.320845958962463929e+00 2.608159617155719388e+04 2.176976377806280288e+04 8.502428876843077887e+03 9.908204174194219149e+02 4.950948300542083302e+02 6.945714301886905560e+03 9.491615668535165241e+03 2.544446252703427724e+00 3.055500019443016524e-01 3.916368610587188159e+05 2.393056298176598648e+04 1.999285409591399443e+01
       dtu_10mw_rwt_24.0_44891.dat 1.869532595538956787e+00 2.898958234352128766e-02 1.313457653213933156e+02 3.321444318603328227e+00 3.095640522218621845e+04 2.499040206127825149e+04 9.633737884072928864e+03 1.137013079065478223e+03 5.615398895717714822e+02 7.448370129232883301e+03 9.302828662720230568e+03 2.731669691108879583e+00 3.276513219539588517e-01 4.514803248066558735e+05 2.601909991878488654e+04 1.993796281905145307e+01
       dtu_10mw_rwt_24.0_50518.dat 2.252700856279115982e+00 2.335733692286979385e-02 1.122207971731000384e+02 3.322352459187766449e+00 2.508311264258438678e+04 2.028233616863190036e+04 7.119916142990346088e+03 8.896015208495921343e+02 4.546692133027027580e+02 6.230772526853110321e+03 9.312589772675926724e+03 2.285299465257288443e+00 2.770475463726959076e-01 3.608638992879587458e+05 2.155331562824836874e+04 1.997282366550163957e+01
       dtu_10mw_rwt_24.0_60394.dat 1.779518218765216542e+00 2.796119364512121910e-02 1.278793236738598722e+02 3.331465281684022006e+00 2.827114856327261441e+04 2.002476789491203090e+04 8.714875401412551582e+03 1.275664562785661474e+03 5.338486345510440287e+02 7.703917362931716525e+03 9.700883844259731632e+03 2.745949634054773547e+00 3.319028251227275073e-01 4.344157324093659408e+05 2.373004176778583860e+04 1.994919625597004043e+01
