Statistics: del4. Generated: 10/11/2021 11:32:51. No. files: 120.
                              File                       4                      10                      13                      15                      17                      18                      20                      21                      25                      26                      27                      61                      64                      70                     100                     108
       dtu_10mw_rwt_05.0_21716.dat nan 4.034722824016548359e-02 1.030733391766860336e+02 1.563220102314379689e+00 3.709121214577995852e+04 1.736025726015604960e+04 6.494677296135759207e+03 9.432106064709032580e+02 6.540621429259870183e+02 3.960796141933397394e+03 1.249772147358089569e+04 6.469043324908012593e+00 5.865233811387737806e-01 6.048134655841332860e+05 3.413986522112201783e+05 4.259420354374719153e+01
       dtu_10mw_rwt_05.0_40322.dat nan 2.391076540056119581e-02 6.687349078027783378e+01 1.452688745611511179e+00 1.619840828735697687e+04 7.494846194511125759e+03 3.701581494715732788e+03 5.377005701743594273e+02 3.767732054496522665e+02 2.643126146095766671e+03 1.206455159399946024e+04 5.196068737576614360e+00 4.910841199596823192e-01 3.486913967113262624e+05 1.882299877281030931e+05 4.181041763382947352e+01
       dtu_10mw_rwt_05.0_43619.dat nan 3.300016088717187823e-02 9.286761283616765184e+01 1.571728589621913308e+00 3.796716470121636667e+04 1.302482673321550101e+04 6.421463056944518030e+03 8.665498285469118400e+02 5.718928017663621404e+02 4.512969185091966210e+03 1.257747328926591945e+04 7.190925243501049557e+00 6.421201382360810506e-01 5.359239635292865569e+05 3.195372660827771178e+05 4.269077827682658466e+01
       dtu_10mw_rwt_05.0_47165.dat nan 1.840641160446805646e-02 6.956650026898938677e+01 1.508560433433922432e+00 2.273883970231147396e+04 7.780276388286109977e+03 5.028480792454816765e+03 5.386307403746180853e+02 2.799569159420236133e+02 3.304909682087703004e+03 1.197309396017402833e+04 7.331167699145860972e+00 6.768460507773413903e-01 2.573821110387206136e+05 1.321919123044796579e+05 4.133413377826262547e+01
       dtu_10mw_rwt_05.0_47952.dat nan 3.576981839951362541e-02 9.642172226028093007e+01 1.521087912799070407e+00 3.571935684918182233e+04 1.574767727543028741e+04 5.143909539655276603e+03 8.195651365298481323e+02 6.362314150725366062e+02 4.186632881351127253e+03 1.216416586593706779e+04 6.800976451269704626e+00 6.186050680353585296e-01 5.849488602177703287e+05 3.625142873066519969e+05 4.224477061674687661e+01
       dtu_10mw_rwt_05.0_50292.dat nan 2.561778491181808046e-02 6.629720694099717093e+01 1.275553621043673314e+00 1.899787283897367888e+04 7.389678635151702110e+03 4.054142349400065996e+03 5.805949006129628742e+02 3.946323615151956119e+02 3.071357999745097914e+03 1.219044625067089692e+04 6.028891959181315485e+00 5.569059456925943286e-01 3.670751994304620894e+05 1.945443906219977653e+05 4.202686176161115128e+01
       dtu_10mw_rwt_06.0_14324.dat nan 2.859631187246464146e-02 1.023674952636319802e+02 1.580792360887379289e+00 4.381353509286438202e+04 2.458669533080581095e+04 6.709249639555330759e+03 9.206892774770029746e+02 5.446652752552986385e+02 4.679307172043137143e+03 1.276919157504374562e+04 6.260728068010585012e+00 5.936871357011839212e-01 4.981592435109966900e+05 3.256459122833614238e+05 4.378112389271154115e+01
       dtu_10mw_rwt_06.0_26862.dat nan 4.073069385171566859e-02 1.169159646094778253e+02 1.687348806288475833e+00 4.429718905533250654e+04 1.972652055994941838e+04 5.527621314346979489e+03 9.860860835668955815e+02 7.526187730077529068e+02 4.107270506495128757e+03 1.267074014845081365e+04 5.708881727016132501e+00 5.390250115764729788e-01 6.950253369550140342e+05 4.446023750738009694e+05 4.385924191075778822e+01
       dtu_10mw_rwt_06.0_47824.dat nan 3.534864554088224670e-02 1.029243049685068030e+02 1.667752268351589739e+00 3.512755301269083429e+04 1.343902841230479498e+04 5.144133323335218847e+03 7.499794685910388807e+02 5.853610698739713598e+02 3.703835255117518500e+03 1.258549024951290812e+04 6.156746549512774003e+00 5.971132821538251978e-01 5.409841854085705709e+05 3.132413426222564885e+05 4.329651068160782756e+01
       dtu_10mw_rwt_06.0_51321.dat nan 3.573369098570492591e-02 1.142222176115534467e+02 1.755772140901281864e+00 3.804975857632459520e+04 2.576639064808062903e+04 6.155755006172669709e+03 9.671417676147226530e+02 7.098049920306872309e+02 4.627316752369540154e+03 1.270510767297782331e+04 6.307838426837034440e+00 5.863800356362159905e-01 6.550970090196257224e+05 4.547919642457535374e+05 4.404525924327272435e+01
       dtu_10mw_rwt_06.0_52263.dat nan 2.801434286161006565e-02 9.451019356898085277e+01 1.583251108042323052e+00 4.988489663602460496e+04 3.778052198530980240e+04 5.956734269262039561e+03 1.084371600293978418e+03 5.572523062565255714e+02 3.918812943003637884e+03 1.310869449036598598e+04 4.857913677065522684e+00 4.669298473740147726e-01 5.125817477654984687e+05 3.499131609806725173e+05 4.476997069159445886e+01
       dtu_10mw_rwt_06.0_55769.dat nan 3.646984833952532368e-02 1.228626980844868797e+02 1.687107823457071998e+00 6.494452596709579666e+04 4.288875962534540304e+04 7.139801440175006974e+03 1.345120619347828324e+03 7.180729605922201699e+02 5.362804152082115252e+03 1.329585081017968150e+04 6.526275077853646245e+00 5.952442838326134078e-01 6.592676685852857772e+05 4.467593065728103393e+05 4.488691249800127991e+01
        dtu_10mw_rwt_07.0_2336.dat nan 6.280417276327167342e-02 2.337946482210595605e+02 2.189586819720296784e+00 8.762057046767776774e+04 4.556229067877861235e+04 1.191671464430845845e+04 2.041173886705325685e+03 1.519040454543447822e+03 8.375511546995236131e+03 1.398868875907211986e+04 6.948372923227221776e+00 6.451717268587805476e-01 1.389397339568965137e+06 1.175546149022890488e+06 4.792951065944009059e+01
       dtu_10mw_rwt_07.0_40743.dat nan 3.800403166740170396e-02 1.491927307007643719e+02 1.912324839308534141e+00 6.168735359640898969e+04 5.989786733285554510e+04 7.491971531719112136e+03 1.580901839372575068e+03 8.945988128716047640e+02 5.701210698041330943e+03 1.382874872421284090e+04 5.112419786504626806e+00 4.944277457894106220e-01 8.260999574653612217e+05 6.640912830274703447e+05 4.723010378045670876e+01
       dtu_10mw_rwt_07.0_45626.dat nan 4.029267311684146119e-02 1.454996254740995028e+02 2.062783094137176310e+00 5.993550900266880490e+04 4.119468919978025224e+04 6.972967185381138734e+03 1.375990820513490689e+03 8.860931413078196783e+02 5.308790203173818554e+03 1.351826183832764764e+04 4.642720579050112484e+00 4.367690317277687639e-01 8.127989312668456696e+05 6.117690867289175512e+05 4.743770920601074437e+01
       dtu_10mw_rwt_07.0_52870.dat nan 3.926865604133695370e-02 1.626787908020266400e+02 1.962914935840036623e+00 7.946084780819444859e+04 6.747648080961283995e+04 9.272277163274085979e+03 1.972243765253448373e+03 9.530209967109029776e+02 7.311383407359814555e+03 1.366401747878095921e+04 6.110897043703099385e+00 5.889282003800457854e-01 8.690015737214635592e+05 7.036004011809696676e+05 4.727320406498744632e+01
       dtu_10mw_rwt_07.0_52899.dat nan 3.804294504197616722e-02 1.480995892438456281e+02 1.850143112059850603e+00 7.916007243458800076e+04 5.328927843383091385e+04 7.210045430452234541e+03 1.522378905676261184e+03 8.487916084290843628e+02 5.486240171787496365e+03 1.372436067725725115e+04 5.825052831644399909e+00 5.478874830382608474e-01 7.805983938368717209e+05 5.903860808926136233e+05 4.630586925376903906e+01
        dtu_10mw_rwt_07.0_8564.dat nan 5.029798557786040875e-02 1.619731892389858388e+02 1.494686606996818989e+00 6.310752536241849884e+04 7.432702559845885844e+04 7.138848496624806103e+03 2.004900959343178101e+03 1.099390037426887829e+03 5.594130605737339465e+03 1.343654726208157081e+04 5.279879822375269427e+00 4.877904613250262367e-01 1.023734145822321065e+06 7.781868591220633825e+05 4.670230655732648728e+01
       dtu_10mw_rwt_08.0_15536.dat nan 5.870677169293938430e-02 2.272506611340678546e+02 1.905593351337966590e+00 7.941884795636461058e+04 4.686817404741790233e+04 1.020526452789263385e+04 1.973764856113433325e+03 1.501368516357868884e+03 7.988418966983390419e+03 1.410697893604686215e+04 5.280486582260373041e+00 5.025723952047803644e-01 1.376049822403894272e+06 1.267159794191600289e+06 4.907671560781486875e+01
       dtu_10mw_rwt_08.0_22441.dat nan 4.506835870609060546e-02 1.823272176602095556e+02 1.887235547942545777e+00 8.207738758307797252e+04 4.416413429903934593e+04 8.927582642359691818e+03 1.707614735286533914e+03 1.175131495874612256e+03 6.913243170539651146e+03 1.433056507808469905e+04 4.796875035361417794e+00 4.581885331928223781e-01 1.080059604502208764e+06 9.684626055880864151e+05 4.869048592204605796e+01
       dtu_10mw_rwt_08.0_32293.dat nan 4.917577146953976824e-02 1.981849317803378199e+02 2.161668795570572232e+00 8.099644617069067317e+04 4.975021910955909698e+04 8.814896160341771974e+03 1.663486572980576057e+03 1.219518553033528633e+03 6.806640159384906838e+03 1.432963093531156483e+04 5.406610363716346512e+00 5.076902468716811834e-01 1.116773775256834924e+06 9.514200085001992993e+05 4.882508694397121474e+01
       dtu_10mw_rwt_08.0_41120.dat nan 4.937427652304979264e-02 1.972181846336040110e+02 2.026937054485581147e+00 7.454470599819046038e+04 5.494206786370657210e+04 8.940349347992143521e+03 1.897484360364719350e+03 1.297545149463608368e+03 7.523798086325249642e+03 1.484122132951070853e+04 5.063460726864079220e+00 4.864538501429063189e-01 1.184694805126202991e+06 1.116476770245208638e+06 4.878471119365052289e+01
       dtu_10mw_rwt_08.0_46290.dat nan 5.093036726738846970e-02 1.953967586580621116e+02 2.157707973903726373e+00 7.165394060025758517e+04 5.344497682054902543e+04 8.939693136529685944e+03 1.771654729857233406e+03 1.269231264736275989e+03 7.087906147805542787e+03 1.422018253141937021e+04 5.820108194950854852e+00 5.544432835145618466e-01 1.168943112800742965e+06 9.873032238931563916e+05 4.817009072754228072e+01
       dtu_10mw_rwt_08.0_60415.dat nan 4.044915987257257511e-02 1.645167808780969949e+02 1.843286617612607481e+00 5.939885105106185074e+04 5.790957511634835828e+04 6.546677472617021522e+03 1.602880690251137821e+03 1.023910116790652751e+03 6.055107375104356834e+03 1.409417765850838623e+04 4.201726791105606651e+00 4.065217226211726431e-01 9.475458480060577858e+05 8.188167648397947196e+05 4.860423224854503843e+01
       dtu_10mw_rwt_09.0_26343.dat 4.984223192106203570e-01 5.606719753785898569e-02 2.281081278058195210e+02 2.345540152789480803e+00 6.682689813124867214e+04 3.177824153604315507e+04 9.558547798351975871e+03 1.854311324033943720e+03 1.431976744331103873e+03 8.171784717874093985e+03 1.507773842984342627e+04 4.860312188969794889e+00 4.658185644034159578e-01 1.317630604661674937e+06 1.310754208571316674e+06 5.082266786934162184e+01
       dtu_10mw_rwt_09.0_34715.dat nan 4.499043170373255573e-02 2.035986011165022092e+02 2.473300675020063011e+00 5.663316987498741946e+04 3.381830974772439367e+04 8.822280349729884620e+03 1.788050529237810224e+03 1.278122963078569910e+03 7.894404321039821298e+03 1.497205191643566468e+04 4.840443940552474622e+00 4.638855901370827484e-01 1.165361517369283829e+06 1.130916082209113985e+06 5.030660035565890809e+01
        dtu_10mw_rwt_09.0_5751.dat 4.518183982467318671e-01 6.255736225930676186e-02 2.341369219870103962e+02 2.200135324438766027e+00 6.195103060670645209e+04 4.252044543059566786e+04 9.707964749761535131e+03 1.874750894557997526e+03 1.576977073397607683e+03 8.787295771648290611e+03 1.483111916655773166e+04 4.934078811826330124e+00 4.798179508912057689e-01 1.448323664072879823e+06 1.501620019574702019e+06 5.119519261429821455e+01
       dtu_10mw_rwt_09.0_59920.dat 5.695412163987964016e-01 5.167518372346794481e-02 2.030019264912652943e+02 2.038008985853096089e+00 5.241468897184020898e+04 2.852530106291239645e+04 8.988469514096348576e+03 1.670120412014576459e+03 1.329913115195121236e+03 8.299004324022576839e+03 1.466423297820508742e+04 4.436911831109250137e+00 4.345315557767599479e-01 1.214606391862552846e+06 1.265195929274060065e+06 5.077724133917510585e+01
        dtu_10mw_rwt_09.0_8821.dat 2.954477851155656171e-02 5.787611622038865006e-02 2.411121454104129782e+02 2.232920416675323150e+00 6.862712713668541983e+04 3.074875609315336987e+04 9.656030267666736108e+03 2.010940922048811444e+03 1.377582067879794977e+03 8.622943727629981367e+03 1.517120767019464256e+04 4.984132438749851346e+00 4.857034546431738820e-01 1.258214896865281044e+06 1.282039730185503373e+06 5.066058396330441127e+01
        dtu_10mw_rwt_09.0_9468.dat nan 5.869303858686903547e-02 2.336495776691483002e+02 2.288819843315330171e+00 6.054685312609093671e+04 2.008377463400933630e+04 9.454093852137784779e+03 1.735128844934691188e+03 1.352851098978372875e+03 8.849226991971832831e+03 1.489597874852488712e+04 5.130210002309802952e+00 4.994304465841915008e-01 1.231749328843066003e+06 1.278247449711718829e+06 5.031440728736618695e+01
       dtu_10mw_rwt_10.0_13708.dat 1.598944874545466632e+00 4.636272262555363871e-02 2.423155571916446718e+02 2.396679012241639928e+00 4.985179944938278641e+04 1.604429549106098057e+04 1.147232542869020290e+04 1.675228576925498146e+03 1.184140135555654069e+03 9.784539184787814520e+03 1.628059956740432608e+04 4.633260944620496424e+00 4.539630837990358270e-01 1.063694124813728966e+06 1.157802155845319619e+06 5.321564424674553351e+01
        dtu_10mw_rwt_10.0_2246.dat 1.613071191661634707e+00 5.035133258332438744e-02 2.409886695578939850e+02 2.638713985184125921e+00 5.222372497523215134e+04 2.236474574352859781e+04 1.115231924947901098e+04 1.745558118026564898e+03 1.328157109753520672e+03 9.741321082321439462e+03 1.579578036296367463e+04 4.972317888152296916e+00 4.885530454442600368e-01 1.202821143337213667e+06 1.241453917583049508e+06 5.188207328900958260e+01
       dtu_10mw_rwt_10.0_25797.dat 1.164263025673694329e+00 5.691186706074854301e-02 2.654839531595064273e+02 2.752620290978289752e+00 5.714562974481662968e+04 2.614677487043589281e+04 1.281901409727838472e+04 1.986789480397757870e+03 1.457881023101756000e+03 1.111175277130070390e+04 1.599410809993023395e+04 5.597419418411506697e+00 5.387731719510829853e-01 1.330457017313997261e+06 1.391319903346043313e+06 5.283682640393431740e+01
       dtu_10mw_rwt_10.0_25824.dat 1.375399062169161635e+00 5.186370671817853995e-02 2.289525625106463735e+02 2.601907024007875879e+00 5.481870709013320447e+04 2.719870488415454383e+04 9.885450686311434765e+03 1.709334434388792488e+03 1.288611762744919361e+03 8.801222129198067705e+03 1.516702134475142884e+04 5.051027909832860097e+00 4.985672166505124014e-01 1.190593977873133961e+06 1.252360940700846259e+06 5.153125703222666942e+01
       dtu_10mw_rwt_10.0_53407.dat 1.516514306030537940e+00 5.510136814829552643e-02 2.618436156283946161e+02 2.644120374440677601e+00 6.036670063196864066e+04 2.506208778264784632e+04 1.207818854181999268e+04 1.818020622536650762e+03 1.415874136962221201e+03 1.007713926275011909e+04 1.569730248656706499e+04 5.061481735084313982e+00 4.988088402202870975e-01 1.299604011679602321e+06 1.333010169370180694e+06 5.340762122032462855e+01
        dtu_10mw_rwt_10.0_7055.dat 1.680534168936674622e+00 5.964129755756981260e-02 2.913113443383900858e+02 2.480838056343215747e+00 7.441126757621963043e+04 4.350356824633316864e+04 1.375709045885984779e+04 2.119825531945266448e+03 1.505721993153053972e+03 1.108109755002201200e+04 1.596139167380848448e+04 6.091071446792911459e+00 5.834776826321843579e-01 1.364207862081005238e+06 1.411595109929336701e+06 5.216130335338603885e+01
        dtu_10mw_rwt_11.0_1633.dat 1.947710756227144957e+00 4.946040232743088849e-02 2.979996670578064482e+02 2.784413059121859657e+00 6.485720965435863036e+04 3.394691067222155834e+04 1.493168878260318343e+04 1.995817806764676106e+03 1.298105903997688756e+03 1.268183326311291967e+04 1.646634570339183483e+04 5.733032589194315243e+00 5.760541831601906360e-01 1.155215446630721446e+06 1.228862480329986662e+06 5.282313483024180556e+01
       dtu_10mw_rwt_11.0_25765.dat 2.303294559401667385e+00 4.005961950785084241e-02 2.453986914411822511e+02 2.480728376547331582e+00 4.609798515313168900e+04 2.860153253637719536e+04 1.088278787758336694e+04 1.528079689015194617e+03 1.011412488363869215e+03 9.971476579926091290e+03 1.612736923309378835e+04 4.466683133191962973e+00 4.549494164657685857e-01 9.232204657306685112e+05 9.617861625819001347e+05 5.309336795869138115e+01
       dtu_10mw_rwt_11.0_37345.dat 2.355361714820305430e+00 3.583176703481482511e-02 2.775051677288193446e+02 2.529315168663715419e+00 4.822637908303600125e+04 1.455091435457731677e+04 1.240349165298095068e+04 1.558259528156636861e+03 9.461190983778399186e+02 1.204676164423565388e+04 1.638775175545185630e+04 5.124549607357852032e+00 5.318622223241900038e-01 8.234468722715004114e+05 8.527552171264819335e+05 5.318709599902986440e+01
       dtu_10mw_rwt_11.0_41193.dat 1.957961205648155456e+00 4.453887800274630021e-02 2.369835093820825023e+02 2.475232627787804063e+00 4.732032574550178106e+04 1.664209546575797503e+04 1.093285347723266568e+04 1.537941066877470121e+03 1.067604578189231688e+03 9.286501291812277486e+03 1.586765064752549370e+04 4.528094412680350622e+00 4.471922548559427724e-01 9.713173705489055719e+05 1.043095679738884210e+06 5.285821154942856026e+01
       dtu_10mw_rwt_11.0_43724.dat 2.098749613955069648e+00 3.895920498797772469e-02 2.373496626425574050e+02 2.279173167022279678e+00 4.342955981507746037e+04 1.555267082052724072e+04 1.142380019709901717e+04 1.408178328036596668e+03 9.264101847499692894e+02 8.957319210104653394e+03 1.579883453526813173e+04 4.225745625267539829e+00 4.222000122282881795e-01 8.108468318738137605e+05 9.109075457314683590e+05 5.320908221710764252e+01
       dtu_10mw_rwt_11.0_59287.dat 1.908792933531518576e+00 4.927755563217145474e-02 2.772071165872389429e+02 2.659773500137497582e+00 5.480717463196336030e+04 2.260357404536103058e+04 1.383232558050353873e+04 1.844280349935670074e+03 1.291871179186998233e+03 1.154960625826434261e+04 1.602135889150797993e+04 5.529103313778056972e+00 5.486441703113945634e-01 1.147029428304093191e+06 1.178370507942086551e+06 5.328665945090767764e+01
       dtu_10mw_rwt_12.0_23697.dat 2.248448655835865395e+00 2.441429140002052481e-02 2.551337391352430473e+02 2.667545016108203271e+00 4.311517385415997705e+04 2.202157762257321883e+04 1.150366332001328556e+04 1.346478029084405080e+03 6.223831163735241034e+02 1.056672030131858992e+04 1.603267344920382493e+04 4.362541568433184302e+00 4.575635674767126737e-01 5.182180634927878273e+05 5.103919746255547507e+05 5.298527521802161289e+01
       dtu_10mw_rwt_12.0_28003.dat 2.298533883346298268e+00 2.126370973712640722e-02 2.799127647522834081e+02 2.951004828329459428e+00 5.011588073676404019e+04 1.975378758769647175e+04 1.404629782250112112e+04 1.462816684189853959e+03 6.880726352508964965e+02 1.134439221626547987e+04 1.643647688499047217e+04 5.031134180022860392e+00 5.219307833917224970e-01 5.537080533878889401e+05 4.229565816827518283e+05 5.348638234627221522e+01
       dtu_10mw_rwt_12.0_29989.dat 2.406814484248555264e+00 2.518971840965337355e-02 2.456267222278049189e+02 2.603680983214418987e+00 4.407682703862303606e+04 1.990259504911014301e+04 1.232486885264818739e+04 1.309745025371302063e+03 6.805488767401860741e+02 1.056162285810465255e+04 1.640918256757843119e+04 4.409522778012484601e+00 4.627098639593993368e-01 5.506625523582235910e+05 5.487499525889111683e+05 5.276893249198883495e+01
       dtu_10mw_rwt_12.0_40278.dat 2.297426798037697004e+00 2.161334984778236906e-02 2.599412090299945817e+02 2.600180946791723624e+00 4.562003486639342736e+04 2.436938322623601925e+04 1.226735702136451437e+04 1.371971013651410431e+03 5.917767671213199492e+02 1.024930665110263180e+04 1.644439137783101251e+04 4.523502093966835780e+00 4.664371622857741428e-01 4.612049913456651848e+05 4.186368601237461553e+05 5.322495012127514258e+01
       dtu_10mw_rwt_12.0_56645.dat 2.577658414518480878e+00 2.146624654942788993e-02 2.701038601140189144e+02 2.621953860408209991e+00 4.579886195695550850e+04 2.330790753559331279e+04 1.185003939793689460e+04 1.291182805895711681e+03 5.832991762559963718e+02 1.099114033059422582e+04 1.636177781545745893e+04 4.453417282088949491e+00 4.735244217391839650e-01 4.339496974583215779e+05 3.949414205496157520e+05 5.276282633032124636e+01
        dtu_10mw_rwt_12.0_6007.dat 2.608404338852904125e+00 3.903454838866479704e-02 2.847834243169223782e+02 2.994131831835038948e+00 4.946760206331321388e+04 2.198841565157731748e+04 1.281186525356260427e+04 1.439511271775931164e+03 9.674545970793459446e+02 1.098650883774188515e+04 1.604544885455429721e+04 4.824052907387414990e+00 5.018453950470491698e-01 8.541538685636752052e+05 8.599543465052421670e+05 5.258246629224569801e+01
       dtu_10mw_rwt_13.0_24246.dat 2.835352169272748135e+00 2.112688745115619271e-02 2.907785583281085451e+02 2.789098544326793050e+00 4.916806859112431266e+04 2.681746038614926147e+04 1.307553530650096218e+04 1.491421478564469908e+03 6.524461842866196548e+02 1.180423004824469899e+04 1.636823729921916492e+04 4.864180425379153405e+00 5.157160487655140235e-01 4.589956770218139864e+05 3.497325499091042439e+05 5.241945358799912924e+01
        dtu_10mw_rwt_13.0_3219.dat 1.951869484476183692e+00 2.024102380578803734e-02 2.420180969203316295e+02 2.945971172817423600e+00 4.704670508324058756e+04 4.023185014930085163e+04 1.222963464291953642e+04 1.459973790616306360e+03 5.466757748964587336e+02 1.044408982477471363e+04 1.621086641413850521e+04 4.306264221663428593e+00 4.634062942026551113e-01 3.304118925667810254e+05 3.435135434868183074e+04 5.227392689272452486e+01
       dtu_10mw_rwt_13.0_59662.dat 2.885617188525730015e+00 2.572587834952009059e-02 3.228241927118048693e+02 3.213171211905836433e+00 5.770241861901537050e+04 5.930232058914809022e+04 1.567068793795484635e+04 1.928536863652835564e+03 7.081734396129877496e+02 1.234242550994375415e+04 1.622686591834552564e+04 5.407300678011987216e+00 5.707032410940290346e-01 4.255456316216847626e+05 4.491643983817809203e+04 5.216793944957260010e+01
       dtu_10mw_rwt_13.0_63909.dat 3.267494703126529565e+00 2.490942474084617206e-02 3.076259539252328068e+02 3.153300398857569409e+00 5.361885342784802924e+04 2.000649434981151717e+04 1.491181498349966387e+04 1.486806681750370899e+03 6.108632527320819463e+02 1.268531837440608797e+04 1.645096120790178247e+04 5.302463648824971010e+00 5.630257414276638173e-01 3.969671162320352159e+05 1.698690019614063494e+05 5.234837228424938615e+01
       dtu_10mw_rwt_13.0_64836.dat 2.969605348287911006e+00 1.950675978110997730e-02 2.825568746937919968e+02 2.923017542198536489e+00 4.612608573961697402e+04 4.087995359984549577e+04 1.200839242102438766e+04 1.548828413707859681e+03 5.377564377179066923e+02 1.067648280023519328e+04 1.633107959287442100e+04 4.415238436399816280e+00 4.733304094550344621e-01 3.194777295966080274e+05 1.609021592680780741e+05 5.237311892576622796e+01
        dtu_10mw_rwt_13.0_6610.dat 1.905996022968514003e+00 2.051213972657018464e-02 2.595068782763959803e+02 3.005581986541512318e+00 4.806283104094611917e+04 3.459457186977953825e+04 1.530655930085738692e+04 1.670777000626501376e+03 5.910849077722606353e+02 1.205349567533962363e+04 1.674824160813148046e+04 5.015269899062363201e+00 5.392597632233815386e-01 3.329833634950130363e+05 3.817504374654669664e+04 5.235254894262379821e+01
       dtu_10mw_rwt_14.0_17103.dat 3.247284441209309591e+00 2.616891949309943510e-02 3.128401186477831288e+02 3.146448973555370010e+00 5.353526708279039303e+04 2.226724863771495075e+04 1.524933872067257107e+04 1.513757178828096585e+03 7.908996735401482283e+02 1.330638632754195896e+04 1.687241079199406158e+04 5.511631899359546338e+00 5.896149368269539837e-01 4.861940707648916868e+05 3.423134362783936085e+05 5.182164280349474694e+01
       dtu_10mw_rwt_14.0_33723.dat 2.275622300964622813e+00 1.707309343124041243e-02 2.209300165291231508e+02 2.865292048818237625e+00 4.194843920524675195e+04 2.454138276583814149e+04 1.079361069675545150e+04 1.207120502457458770e+03 5.036188560726154151e+02 9.845003328657867314e+03 1.612345052518922057e+04 4.113318014113548138e+00 4.484254366752145060e-01 2.782217706520348438e+05 3.282524307456022507e+04 5.211128971779490371e+01
       dtu_10mw_rwt_14.0_34311.dat 2.091283616718022653e+00 2.227398730772250923e-02 2.290613993345103268e+02 3.369020502104400627e+00 4.338644825173870049e+04 2.251941086965853174e+04 1.220389378355487861e+04 1.338840938591295071e+03 6.258899964855861526e+02 1.172320041985309763e+04 1.629621939835535886e+04 4.682652995766870774e+00 5.112841658050261140e-01 3.614254467310284381e+05 4.013038222933017096e+04 5.184692551824488049e+01
       dtu_10mw_rwt_14.0_46217.dat 2.103442371259259147e+00 1.912734989672021380e-02 2.027877424367367212e+02 2.937436731832724135e+00 3.943307112839871115e+04 1.627868534982946585e+04 1.051394725569447110e+04 1.097712736976304541e+03 5.208005795178708013e+02 9.932304416653931185e+03 1.648007098309920184e+04 3.927523973666163570e+00 4.293485130819951201e-01 3.011891869790774072e+05 3.367216838526901120e+04 5.209484507723633584e+01
        dtu_10mw_rwt_14.0_7720.dat 2.249071397776539971e+00 2.190615504872710922e-02 2.457721424469927172e+02 3.097705964967699899e+00 4.847675551407382591e+04 2.130912386097565104e+04 1.465901855661889022e+04 1.370262518493190328e+03 6.087447297303511959e+02 1.133743040226495395e+04 1.644089035809590496e+04 4.780117498148917399e+00 5.249158636594124516e-01 3.488974240235932521e+05 3.976143422038089921e+04 5.176130904378464948e+01
        dtu_10mw_rwt_14.0_8754.dat 2.655933863277092133e+00 2.412895077386106868e-02 2.606189636861984695e+02 3.013616580938990097e+00 4.813827843824586307e+04 2.980577428320788749e+04 1.329202334970672382e+04 1.385251625411737677e+03 5.904152254753538500e+02 1.102500763028602523e+04 1.677519571434962563e+04 4.519810672301474597e+00 4.965970140301060320e-01 3.825148974570914288e+05 3.561179480149597657e+04 5.211585115359192599e+01
       dtu_10mw_rwt_15.0_10279.dat 1.869615261855038790e+00 2.656417301066736972e-02 2.665320527028512743e+02 3.456938016438143357e+00 5.063505287949780904e+04 2.850620135810358261e+04 1.329569634673534529e+04 1.444644041454917442e+03 7.298450261470287614e+02 1.212872418084000128e+04 1.705021586138508064e+04 5.169011170628362350e+00 5.661983700907941008e-01 4.310022500440392760e+05 4.847244947909755865e+04 5.125398236269326446e+01
       dtu_10mw_rwt_15.0_22297.dat 2.156473375965847428e+00 2.923138915871244248e-02 2.870865645533545489e+02 3.680013476249544002e+00 5.534459414728424599e+04 2.699152925760103972e+04 1.691564104446046986e+04 1.629978353307068573e+03 8.434372914783065198e+02 1.408336170667109945e+04 1.737451698065857636e+04 5.703961202118324358e+00 6.214194976274751703e-01 4.685309058125573210e+05 5.628905592565534607e+04 5.131532775238409272e+01
       dtu_10mw_rwt_15.0_25148.dat 2.489269430075671252e+00 2.326633888514666529e-02 2.205929003432809452e+02 2.895431285551579581e+00 4.142644951961979677e+04 2.852597438502823206e+04 1.217125631448044624e+04 1.298728066091696064e+03 6.224903372648212780e+02 1.046932225994976579e+04 1.633335411559363092e+04 4.338586220766851298e+00 4.781999601407965761e-01 3.674144462913931347e+05 4.174654629674275202e+04 5.130553002102578120e+01
       dtu_10mw_rwt_15.0_33167.dat 1.897368911627598687e+00 2.822090991431760662e-02 2.550087826721182864e+02 3.419214102433632885e+00 5.666217373123753350e+04 3.071575736897252864e+04 1.610330935447092270e+04 1.689220086946784022e+03 8.219817486626417349e+02 1.247900258658522216e+04 1.716226939531032986e+04 4.935286359894071495e+00 5.330745491009969417e-01 4.505812620448758244e+05 5.463921261910234898e+04 5.143026567481958722e+01
       dtu_10mw_rwt_15.0_41424.dat 2.054427713526924659e+00 2.634759000759219830e-02 2.776749595570705651e+02 3.351510056345086142e+00 5.433767200934536231e+04 3.786765494736621622e+04 1.429185801397224532e+04 1.626830104872825359e+03 7.305209553810327634e+02 1.248950629682860927e+04 1.686284404661225199e+04 5.066554713009484345e+00 5.549638629785297317e-01 4.202797844424602808e+05 4.758999313651883131e+04 5.152250095085032910e+01
       dtu_10mw_rwt_15.0_57600.dat 2.056029762575053432e+00 2.190935996131906927e-02 2.250534533263697483e+02 3.406121230981865367e+00 4.432897545656124566e+04 3.835413842086771183e+04 1.337612478131168064e+04 1.497035151230350493e+03 6.382635684165516068e+02 1.076921364815828747e+04 1.665037254571644371e+04 4.532358486020267030e+00 4.978691067161628014e-01 3.551562174957754323e+05 4.430962034146532824e+04 5.128262571869279185e+01
       dtu_10mw_rwt_16.0_19655.dat 1.742168577887656333e+00 2.710250973891699389e-02 2.361512566089289180e+02 3.717691711987891168e+00 4.697973985084676679e+04 2.422919298111390890e+04 1.338164025767807470e+04 1.330044500888735001e+03 7.254952783531118712e+02 1.085008151826269932e+04 1.681194904033055718e+04 4.534894758174749185e+00 4.956712053035243759e-01 4.394414180285737384e+05 4.940683665753675450e+04 5.116987278140885564e+01
       dtu_10mw_rwt_16.0_45772.dat 2.021369197721075928e+00 2.951620764655663379e-02 2.750334154457899558e+02 3.655233432350024181e+00 5.601753861523697560e+04 4.112113289419023931e+04 1.510694798204360450e+04 1.743499183339925821e+03 7.791536523377994854e+02 1.306710541985516284e+04 1.723114020156004699e+04 5.320608778880973055e+00 5.749736170024591919e-01 4.702592064002123661e+05 5.268872092597018491e+04 5.087178131067071263e+01
       dtu_10mw_rwt_16.0_55975.dat 2.494986892610029372e+00 2.972455592295291521e-02 2.856292208766955696e+02 3.598790349895802709e+00 5.346215597501618322e+04 2.874248637272695123e+04 1.595027761530278985e+04 1.685867718341502041e+03 8.348720441708513818e+02 1.291953398975625896e+04 1.705297706405524514e+04 5.597581465062654082e+00 6.068646039953928817e-01 4.769249166061465512e+05 5.682671904147125315e+04 5.121820600052220129e+01
        dtu_10mw_rwt_16.0_5616.dat 1.824063501984224178e+00 2.298252608767356250e-02 2.270841774650115781e+02 3.550809186302986475e+00 4.398897266026801663e+04 2.494736229902319246e+04 1.259908153430420316e+04 1.425644915961386687e+03 6.807824193832618676e+02 1.104763317921121961e+04 1.689059116871661536e+04 4.603892198412491865e+00 5.047356263057977133e-01 3.666396550200225320e+05 4.758453229813713551e+04 5.107027412630515784e+01
       dtu_10mw_rwt_16.0_56353.dat 1.929074671947121900e+00 2.834427901779503628e-02 2.464987999191836536e+02 3.397452140069808113e+00 4.781861910405526578e+04 2.421527590145546128e+04 1.310863348934623355e+04 1.405233037824018311e+03 7.262677069510012871e+02 1.132827751226265900e+04 1.691645033119527216e+04 4.850970518695332245e+00 5.370751032380850498e-01 4.529192492127938312e+05 4.831221953370668780e+04 5.125346949540679020e+01
        dtu_10mw_rwt_16.0_7031.dat 1.976812038728075871e+00 2.137676798186157953e-02 2.274409803141372208e+02 3.398844793912486839e+00 4.491659779105555208e+04 2.924649614899332664e+04 1.297090564947578423e+04 1.451457261339123306e+03 6.621840999632720468e+02 1.215430398213485751e+04 1.672767010666638816e+04 4.758091745012416496e+00 5.221122007177194657e-01 3.474467073991171783e+05 4.626587906168826885e+04 5.103111510176854893e+01
       dtu_10mw_rwt_17.0_20390.dat 2.038558163968445136e+00 3.025339326697228104e-02 2.709168977112633456e+02 3.991208946738431962e+00 5.346148037138290238e+04 4.679323235022417066e+04 1.706119187102633805e+04 1.891898948028114546e+03 9.022372779935250264e+02 1.344815476507835047e+04 1.777204288740608536e+04 5.530038720155102894e+00 6.064440455192320334e-01 4.890792326451807749e+05 6.449291741269377235e+04 5.082717351073495138e+01
       dtu_10mw_rwt_17.0_37683.dat 1.983818240831997537e+00 2.664073630805845194e-02 2.356523563602984837e+02 3.454438974070947577e+00 4.737940171082344023e+04 2.866836077781995846e+04 1.354401432889251373e+04 1.507912597457015636e+03 7.747049425744245355e+02 1.236767501829566027e+04 1.749965072888781651e+04 5.022555420623353584e+00 5.596852344472037499e-01 4.220896876037673210e+05 5.644232349627758231e+04 5.063860701109923923e+01
       dtu_10mw_rwt_17.0_45521.dat 1.854372656576785072e+00 2.974982248068346741e-02 2.564025478410760002e+02 4.090351074606236814e+00 5.031928788659584097e+04 3.501362854185990727e+04 1.495757129977496879e+04 1.637566790590791470e+03 8.692741528444375945e+02 1.304110010391776632e+04 1.697996752052907323e+04 5.387665427580885513e+00 5.941003755877226622e-01 4.787355869383421377e+05 6.095330806235443015e+04 5.048198718854676770e+01
       dtu_10mw_rwt_17.0_49865.dat 1.823897755996214176e+00 2.724330134403506187e-02 2.629800346467135341e+02 3.689357809597116677e+00 5.236215222003040981e+04 2.341284792661650499e+04 1.427197395455358856e+04 1.402996708947842308e+03 7.858318987641284821e+02 1.226315677396394858e+04 1.744907253228198169e+04 5.121148322686431165e+00 5.668987693306221098e-01 4.339463200128524331e+05 5.533396478401567583e+04 5.096550165116428133e+01
       dtu_10mw_rwt_17.0_60465.dat 2.230801324638878480e+00 2.334953473361760581e-02 2.128135126390716891e+02 3.241834938553208367e+00 4.591749714729200787e+04 2.792751856365873755e+04 1.281798426780162117e+04 1.335967495963027886e+03 6.686328762483244645e+02 1.120073816080726647e+04 1.630217497920173628e+04 4.394085117461046686e+00 4.882756655897412257e-01 3.725672921061403467e+05 4.654839569134714839e+04 5.077898005866581599e+01
        dtu_10mw_rwt_17.0_7334.dat 2.218700982055222148e+00 2.989821132011724961e-02 2.630148284917325441e+02 3.835001778600469979e+00 5.586715752913659526e+04 3.252184028169344674e+04 1.555312846812222779e+04 1.521487883045665512e+03 8.363177038611739817e+02 1.221346901576396704e+04 1.683569514839525073e+04 5.022039036561177561e+00 5.514079746611230126e-01 4.763226544167123502e+05 5.895945701694365562e+04 5.095526779472226053e+01
       dtu_10mw_rwt_18.0_25103.dat 1.747985067848327523e+00 3.320697246044662654e-02 2.731997252312138471e+02 4.133771352460425597e+00 5.384215012858442788e+04 3.711287864589371748e+04 1.576223286680105230e+04 1.736398211113937123e+03 9.149976738889390617e+02 1.354851726770002097e+04 1.760630300942994290e+04 5.324790181851864368e+00 5.868903807377636728e-01 5.186601418969867518e+05 6.648080177414696664e+04 5.035762216862795526e+01
       dtu_10mw_rwt_18.0_27317.dat 2.172160633881106140e+00 3.411054783171497962e-02 2.734412427538836710e+02 4.038272390891181729e+00 5.298672130597069918e+04 3.573079367917827767e+04 1.489989151260261860e+04 1.663547265874238747e+03 9.027320408572901442e+02 1.254500504050301788e+04 1.770469349807525941e+04 5.281379934440941781e+00 5.776262326860913676e-01 5.422862282926244661e+05 6.401197425166310859e+04 5.050036433284289217e+01
       dtu_10mw_rwt_18.0_28016.dat 2.883596772759110305e+00 2.932833819377578602e-02 2.411292875947173684e+02 3.850881518137962978e+00 4.528251551722594741e+04 3.034948975586632878e+04 1.306166344700347872e+04 1.345405551522602082e+03 7.740338574554294837e+02 1.167401308769973002e+04 1.665971772819932812e+04 4.746980849660308088e+00 5.314442014996945129e-01 4.599444238476650789e+05 5.497543605671238765e+04 5.030103948154624049e+01
       dtu_10mw_rwt_18.0_34558.dat 1.848344862071624295e+00 3.299350398849622973e-02 2.971601633245522862e+02 4.165037532998845826e+00 6.096920652306272677e+04 4.114397695391952584e+04 1.744180260221824574e+04 1.901559205906206898e+03 1.019664826744692050e+03 1.438725814158053618e+04 1.794553397975333428e+04 5.948323206176873157e+00 6.528351943098401611e-01 5.215437325073126704e+05 7.469777341977733886e+04 5.040733913198690175e+01
       dtu_10mw_rwt_18.0_46192.dat 1.901460305716330845e+00 2.971331355180845124e-02 2.473585456292321396e+02 4.113520800185667348e+00 5.065980920146247081e+04 3.745077105998675688e+04 1.485639050007140213e+04 1.572622674493480417e+03 8.251954261793815704e+02 1.301261429621080606e+04 1.772226715011485066e+04 5.173082831064304443e+00 5.707786974986470696e-01 4.712634457394666970e+05 5.989526289831625036e+04 5.043662797348604698e+01
        dtu_10mw_rwt_18.0_8966.dat 2.084687813914286814e+00 3.080373353486057578e-02 2.492073605523511048e+02 3.866787975653363851e+00 5.527419011650184984e+04 4.293182574108966946e+04 1.561696738370259845e+04 1.665699775559288810e+03 8.506715578729523486e+02 1.292047119565073990e+04 1.705117645246722896e+04 5.012104520401872598e+00 5.531997038435969571e-01 4.919617639722274616e+05 6.122480697548027092e+04 5.042817887897754758e+01
       dtu_10mw_rwt_19.0_17843.dat 1.906527085005817579e+00 3.041405375935986657e-02 2.511769230259365600e+02 4.295731080901407317e+00 5.320307500954300485e+04 3.404891792842101131e+04 1.548338813721338920e+04 1.544248021132603981e+03 8.968470504539840249e+02 1.297185789491081596e+04 1.718172765907470603e+04 5.171906682588391924e+00 5.749086592337543378e-01 4.926756064362109173e+05 6.754427000537059212e+04 4.993233400218669971e+01
       dtu_10mw_rwt_19.0_20935.dat 2.259807617407622260e+00 3.533748675605926509e-02 2.991249613203046920e+02 4.237453831110213009e+00 6.532047937367599661e+04 5.312367325229343987e+04 1.748125374160692081e+04 1.958451921997944964e+03 1.021237522315658566e+03 1.556071903527679751e+04 1.842090791682211420e+04 5.959533843186001434e+00 6.598526283078844923e-01 5.735322478849155596e+05 7.532443823282614176e+04 5.011840215835521661e+01
       dtu_10mw_rwt_19.0_33144.dat 1.552930190511188968e+00 3.198831930251601341e-02 2.859109218230972260e+02 4.395268184685930279e+00 5.966223464345357206e+04 2.486495487321787732e+04 1.686533866183884675e+04 1.735024523059486228e+03 9.823716889687227649e+02 1.486540560717574408e+04 1.818731067196725053e+04 5.962582558259877707e+00 6.632142582465505587e-01 5.152630297102404293e+05 7.795813826192152919e+04 4.999630223126216322e+01
       dtu_10mw_rwt_19.0_51363.dat 1.901969157935291532e+00 3.235217735239027254e-02 2.581388153184255998e+02 3.823135860887848736e+00 5.516418646947870002e+04 3.763377213731907977e+04 1.560019329148940778e+04 1.663891954734048568e+03 8.665638121001912850e+02 1.365973902895430183e+04 1.743237150743667735e+04 5.495164553766353599e+00 6.198291979208860880e-01 5.176131227595111704e+05 6.506573620752589341e+04 5.009855259915912740e+01
       dtu_10mw_rwt_19.0_56307.dat 1.982602498080776821e+00 2.900853468493444151e-02 2.582986589916044977e+02 4.023228126653009440e+00 5.344251325733361591e+04 3.962866292456132942e+04 1.491813171188451633e+04 1.782311398219977718e+03 8.390697760581438160e+02 1.356641775804240024e+04 1.749139763912060880e+04 5.311995091031904259e+00 5.925214333490177454e-01 4.636210634393322398e+05 6.274770572616910067e+04 5.012898938549410133e+01
       dtu_10mw_rwt_19.0_63447.dat 2.105017322336650398e+00 2.789276017958846818e-02 2.277533183508969898e+02 3.903737168716917783e+00 5.046850646223055082e+04 4.191185462376163196e+04 1.403219252858254185e+04 1.631411187060802604e+03 7.939264804420341761e+02 1.253623169528762264e+04 1.708448718590356657e+04 4.926426869363098149e+00 5.538430485170354745e-01 4.426079472727650427e+05 5.804858580842195806e+04 5.007927083926991685e+01
       dtu_10mw_rwt_20.0_20852.dat 2.049761252537297906e+00 3.305897991887095377e-02 2.689212684260549509e+02 3.882033090566984868e+00 5.642867732359909132e+04 3.218171065134206583e+04 1.612110814822778775e+04 1.572420054313942956e+03 9.737569339719728987e+02 1.358581982330372557e+04 1.776890432871822122e+04 5.598758554944291532e+00 6.250825360550578136e-01 5.244685187272028998e+05 7.331044294884597184e+04 4.999232380306818158e+01
       dtu_10mw_rwt_20.0_25497.dat 1.780482149828261251e+00 3.441656590948531658e-02 2.485761949340264891e+02 4.259686758245972982e+00 5.181428163834941370e+04 3.641757617928679974e+04 1.575126215505709843e+04 1.699319554061850567e+03 9.463197588520899899e+02 1.367871216272832135e+04 1.754873140508135475e+04 5.596480795761940463e+00 6.207727561096579860e-01 5.554883875270207645e+05 6.748791655967535917e+04 4.989678993971342180e+01
       dtu_10mw_rwt_20.0_29025.dat 2.150483285038478520e+00 3.843209479081485108e-02 2.799679569251294424e+02 4.114947613046262553e+00 5.678062390968734690e+04 4.000071964654065960e+04 1.683442142475790024e+04 1.782441701848802722e+03 1.030568517027533744e+03 1.437712287986899173e+04 1.801086269368802823e+04 5.558385132410010421e+00 6.226053330177139244e-01 6.237291598745819647e+05 7.607931418886144820e+04 4.960802949093748282e+01
       dtu_10mw_rwt_20.0_43745.dat 2.142251271558702541e+00 2.866528753462120604e-02 2.397715884224040508e+02 3.880034858859001901e+00 4.898638231478996022e+04 2.831266196732508979e+04 1.336574073989502176e+04 1.415984559918772902e+03 8.124410691922045089e+02 1.179740459887185534e+04 1.709439507109073020e+04 4.806858256197725332e+00 5.406182293122281379e-01 4.565864364674433018e+05 6.242435430053476011e+04 5.000736317152771448e+01
       dtu_10mw_rwt_20.0_51504.dat 1.919763465698714366e+00 3.866202857495792261e-02 3.140445314848398084e+02 4.599539415508411722e+00 6.563009153013267496e+04 4.229727816130793508e+04 1.830996526826057743e+04 1.963590502941775640e+03 1.166937872974317315e+03 1.470756428298912942e+04 1.871189584161109815e+04 6.033076722116925694e+00 6.667286311080466987e-01 6.210447630191113567e+05 8.843645494488241093e+04 4.980252671239377094e+01
       dtu_10mw_rwt_20.0_54726.dat 2.013681456437959483e+00 3.456378345634002203e-02 2.491970605768549945e+02 4.027556657314843136e+00 5.242269415578108601e+04 2.987489972917476189e+04 1.406728344508269402e+04 1.540445947614131910e+03 9.349888094610008693e+02 1.269076287051942018e+04 1.731923254853500111e+04 5.051150993197790484e+00 5.655491680519455500e-01 5.494972371036211262e+05 6.845948264385430957e+04 5.002930362502898021e+01
       dtu_10mw_rwt_21.0_25181.dat 1.954586656834982783e+00 3.855316954893171083e-02 2.961407267165780013e+02 4.557916464994472783e+00 5.864798404624723480e+04 3.623592456194951956e+04 1.718480439293772724e+04 1.782876144712556425e+03 1.124463014023865526e+03 1.482606982318831433e+04 1.822813364138462930e+04 5.868420800937704129e+00 6.479445299083916865e-01 6.165749028732266743e+05 8.471646460205561016e+04 4.967115338269603342e+01
        dtu_10mw_rwt_21.0_3963.dat 1.822321030329001168e+00 4.314601985642799870e-02 3.731063653635138166e+02 5.303867584533056068e+00 7.589303247354087944e+04 3.904806371129367471e+04 2.209959048913666629e+04 2.321063638978382642e+03 1.391781830534875553e+03 1.788524326449217915e+04 1.897710447287200077e+04 7.445160446863773984e+00 8.076453080989823841e-01 6.862833739222163567e+05 1.123976737718591758e+05 4.967437309953488977e+01
       dtu_10mw_rwt_21.0_42162.dat 1.787183185316851386e+00 3.292570931411369084e-02 2.389268821523131692e+02 4.202919575129916652e+00 5.037077212322500418e+04 4.741735678780221497e+04 1.506129398446543200e+04 1.795293034159816898e+03 9.168013163772391181e+02 1.310750822664192310e+04 1.751541410012238339e+04 5.423277333923283372e+00 6.116083447030956632e-01 5.164604726190309739e+05 7.083930221797355625e+04 4.963589029854153978e+01
        dtu_10mw_rwt_21.0_5160.dat 1.759665403284457641e+00 3.590704146897760046e-02 3.114302319225183737e+02 5.154671083852437441e+00 7.010664613572941744e+04 5.025729444261665776e+04 1.970887548630588572e+04 2.149662287649663540e+03 1.188651469659363784e+03 1.512799580866418364e+04 1.896493962779524736e+04 6.079684149276675775e+00 6.687561119169412871e-01 5.828435064895068062e+05 9.437787308541867242e+04 4.969183844401680261e+01
       dtu_10mw_rwt_21.0_57341.dat 2.155937317512071960e+00 4.089644921262267779e-02 3.327242838595524290e+02 4.827834824165472938e+00 7.271222973072565219e+04 3.828426356055052020e+04 1.906349585402632147e+04 2.014676785649473231e+03 1.161490609422251509e+03 1.625210193892080315e+04 1.831690809741725388e+04 6.705129267271827231e+00 7.415214638604025188e-01 6.507024075962646166e+05 9.312969643156115490e+04 4.947606946106151327e+01
       dtu_10mw_rwt_21.0_61500.dat 1.943667563648347141e+00 3.905926713926254068e-02 3.282191725741698747e+02 4.858798496391581345e+00 7.076975597547779034e+04 5.106189793534493947e+04 1.961356137726582529e+04 2.178522675084221191e+03 1.195982918248963642e+03 1.559343976308591300e+04 1.863565678228663819e+04 6.075053132452446825e+00 6.714591102662167410e-01 6.263886546348237898e+05 9.492088252261510934e+04 4.955188630697585950e+01
       dtu_10mw_rwt_22.0_29503.dat 2.235095974185461465e+00 3.388525427734159767e-02 2.859124109289375610e+02 4.604753919982938370e+00 6.034099410420710046e+04 3.976458073435229016e+04 1.740411089074235133e+04 1.873073628747080420e+03 1.106448941049696487e+03 1.530132675993157136e+04 1.829248885525176229e+04 6.150266802973096247e+00 6.864802202751986160e-01 5.395159093784689903e+05 8.571154408300835348e+04 4.926364714420230229e+01
       dtu_10mw_rwt_22.0_40013.dat 1.854297123963206451e+00 3.990411819236307223e-02 2.825769002810698680e+02 4.636391804590878962e+00 6.166379062500302098e+04 4.028995263225416420e+04 1.761316829042880272e+04 1.818968909617198278e+03 1.087218296425091921e+03 1.498292837601127576e+04 1.801904916964409131e+04 5.767308783888537072e+00 6.452009912408872561e-01 6.312795464370757109e+05 8.367664174567218288e+04 4.943688128090435896e+01
       dtu_10mw_rwt_22.0_40231.dat 1.486554261876314342e+00 3.361931854013344018e-02 2.976060264331542839e+02 4.868010431538293936e+00 6.503929312708965153e+04 4.775576545085621910e+04 1.724468624725077461e+04 2.063291624594372934e+03 1.130500039053183400e+03 1.520774104053158044e+04 1.847272230974994818e+04 6.276147722700497589e+00 6.983670191178282805e-01 5.449009547428364167e+05 8.970396301575886901e+04 4.937406086017941220e+01
       dtu_10mw_rwt_22.0_41304.dat 1.770963907731502918e+00 3.567291930078943935e-02 2.584652178882202520e+02 4.374996106049404254e+00 5.468496219710684090e+04 4.040868893208838563e+04 1.537089650106471163e+04 1.788253570570481770e+03 1.051615837920926197e+03 1.415167882583891151e+04 1.760489191141875563e+04 5.584828525779199637e+00 6.281596711217987128e-01 5.802696278859052109e+05 7.944562326776863483e+04 4.942389731762840199e+01
       dtu_10mw_rwt_22.0_47014.dat 1.766183815638168175e+00 3.790641224618318539e-02 3.219058578256779697e+02 5.145040149140075236e+00 6.168999493567347236e+04 5.179383238753568730e+04 1.788532395839742821e+04 2.168955314201393321e+03 1.183987837082481974e+03 1.525787417619263033e+04 1.897641147337414077e+04 6.038589701403054733e+00 6.705150283184219129e-01 6.051541504139662720e+05 9.267943421974946978e+04 4.942316099976996213e+01
       dtu_10mw_rwt_22.0_52742.dat 2.059402028719803379e+00 3.833604581324592114e-02 2.739299538035629098e+02 4.604297204233557039e+00 6.452522822681618709e+04 3.964179401783081994e+04 1.713204763546085815e+04 1.882345666778135637e+03 1.085580667411992408e+03 1.567365954615380906e+04 1.870180297112090193e+04 6.004089541085013693e+00 6.744674266541864638e-01 6.165301147705714684e+05 8.246367534613845055e+04 4.924653616594347483e+01
       dtu_10mw_rwt_23.0_18883.dat 2.129290287784922686e+00 4.190101095598263575e-02 3.138849249030051851e+02 5.289795430214974559e+00 6.887593826635215373e+04 4.921082102798407141e+04 1.893707114874335457e+04 2.248689461005878911e+03 1.270755354072971159e+03 1.626424499002103039e+04 1.888539281497242337e+04 6.549791202727068828e+00 7.205255213042256468e-01 6.616687663990291767e+05 9.823012250728982326e+04 4.920211301377780444e+01
       dtu_10mw_rwt_23.0_31026.dat 2.055571853012472694e+00 4.071813647724591839e-02 2.992384353758448015e+02 4.940388641468754116e+00 6.829638456148721161e+04 4.514323101813687390e+04 1.981796667398808495e+04 1.993684437949410722e+03 1.240325489734280382e+03 1.580223662430240074e+04 1.822711907036536286e+04 6.229307891495968974e+00 6.930358671475868038e-01 6.512512706169825979e+05 9.780459958756469132e+04 4.927781815553960598e+01
       dtu_10mw_rwt_23.0_36127.dat 2.201449626715417107e+00 4.502112979819121452e-02 3.300326710023985015e+02 5.031919880059005479e+00 7.360957293458354252e+04 3.770537579792816541e+04 2.000510073283206657e+04 2.132673984263616603e+03 1.287377296140814224e+03 1.691051465855207789e+04 1.894856579100064482e+04 6.545705543293604656e+00 7.222429849788905010e-01 7.272495221079880139e+05 9.787073940541587945e+04 4.917589190924850584e+01
       dtu_10mw_rwt_23.0_49683.dat 1.883207467553914327e+00 4.189764854564227009e-02 3.196707631497328066e+02 4.972935006737197128e+00 6.988998344772082055e+04 5.147937633432112489e+04 2.073553273197353337e+04 2.319698167996323718e+03 1.273640116369396992e+03 1.738965746263850451e+04 1.901650366751490947e+04 6.839773619169180918e+00 7.578594684712879337e-01 6.717881664275282528e+05 9.961906511138190399e+04 4.912568608190164809e+01
       dtu_10mw_rwt_23.0_49834.dat 2.024789755682731229e+00 4.055032015095082210e-02 3.038901675061796936e+02 4.913040995224227103e+00 6.514309286462993623e+04 4.583099651946655649e+04 1.817497516482587525e+04 2.001057098064657566e+03 1.187893658684216007e+03 1.612051535093271013e+04 1.863345415173662695e+04 6.095116561064557459e+00 6.758275045603018283e-01 6.539619554445404792e+05 9.531158936087899201e+04 4.911739469229605248e+01
       dtu_10mw_rwt_23.0_57680.dat 1.678894728557022598e+00 3.422485071602638512e-02 2.894230465815450088e+02 4.443424471989996682e+00 6.151903099538949755e+04 4.281445756130474911e+04 1.716749952883259903e+04 1.824375421986571155e+03 1.090872094324956606e+03 1.459884052427609458e+04 1.774585836099308654e+04 5.701709686684132805e+00 6.400958748534706366e-01 5.455756377802105853e+05 8.973781617727744742e+04 4.920210005884011650e+01
       dtu_10mw_rwt_24.0_11244.dat 1.882777811694566150e+00 4.508011029653953561e-02 3.273602489380984366e+02 5.371395387397293497e+00 6.625634430433386296e+04 4.050290965842975129e+04 1.876821428329581977e+04 2.016174129826003082e+03 1.290492732233984498e+03 1.609809198928918340e+04 1.839231673907405275e+04 6.477545286256481738e+00 7.224433615760659233e-01 7.232441937637365190e+05 1.014804258326354466e+05 4.897212683855586590e+01
       dtu_10mw_rwt_24.0_11250.dat 2.297381854411125524e+00 4.638905849855500668e-02 3.451956972626813922e+02 5.504836351913258596e+00 7.138719013680673379e+04 5.363627623548718839e+04 2.146736852192516380e+04 2.169915972923355184e+03 1.444753454917362660e+03 1.639386347666530492e+04 1.918464028434828288e+04 6.982721069068206887e+00 7.608930350438657397e-01 7.505965684794326080e+05 1.167580735246496333e+05 4.917200482940287998e+01
         dtu_10mw_rwt_24.0_377.dat 1.892745065377962721e+00 4.409407353274428371e-02 3.338653512809427752e+02 4.681498499765154975e+00 6.560398407811835932e+04 5.033653643832757371e+04 1.911782424027901652e+04 2.113106216872223740e+03 1.310013251555482384e+03 1.636798725018750883e+04 1.865490622537762829e+04 6.838000628193612762e+00 7.463042062450422343e-01 7.030187229212202365e+05 1.035236324693803181e+05 4.904877231646050006e+01
       dtu_10mw_rwt_24.0_44891.dat 1.861937288312115690e+00 4.694501308406754531e-02 3.417573602028645041e+02 5.715651962595615920e+00 7.847872765194978274e+04 5.889542691335807467e+04 2.204649978370682584e+04 2.519482937421973929e+03 1.432861881050502006e+03 1.779915396316463739e+04 1.890894819013741289e+04 7.076466873065355045e+00 7.744792808338493151e-01 7.620234537709086435e+05 1.146448127975392563e+05 4.890478705552148853e+01
       dtu_10mw_rwt_24.0_50518.dat 2.058793883096502686e+00 3.759372229537034926e-02 2.858937402574747466e+02 4.794727626701600798e+00 6.472224980529241293e+04 5.014896855836945178e+04 1.743981829249944713e+04 1.909376547486582922e+03 1.196750017335843040e+03 1.457158189525446141e+04 1.801162734144826391e+04 5.785014968588518158e+00 6.463834972930110334e-01 6.075211351447436027e+05 9.583274138779933855e+04 4.894890028282173233e+01
       dtu_10mw_rwt_24.0_60394.dat 1.868073677522712694e+00 4.374580446310915444e-02 3.357993382429222606e+02 5.155950325931020650e+00 7.092712923107051756e+04 4.711109965486879082e+04 2.078297954453650891e+04 2.349333301802350434e+03 1.328494487129009713e+03 1.802576332315740001e+04 1.934755597165272775e+04 6.974014581766368792e+00 7.735082775908767028e-01 7.056075428208782105e+05 1.032846221775951417e+05 4.892242255477951574e+01
