Statistics: p01. Generated: 10/11/2021 11:32:51. No. files: 120.
                              File                       4                      10                      13                      15                      17                      18                      20                      21                      25                      26                      27                      61                      64                      70                     100                     108
       dtu_10mw_rwt_05.0_21716.dat 0.000000000000000000e+00 2.716299699999999984e-01 1.686138400000000104e+02 2.336768399999999968e+00 -1.001834500000000048e+03 -1.265453999999999905e+04 -1.373570000000000073e+04 1.599889300000000048e+03 -4.685500199999999495e+03 -1.483520100000000093e+04 -1.169189999999999964e+04 1.711650200000000011e+00 5.958253799999999600e-01 1.505059699999999953e+06 4.089189700000000303e+05 1.712127699999999919e+01
       dtu_10mw_rwt_05.0_40322.dat 0.000000000000000000e+00 2.990079700000000118e-01 2.143779399999999669e+02 1.790618400000000054e+00 6.514889600000000428e+03 -4.956806900000000496e+03 -1.186430499999999847e+04 1.855528999999999996e+03 -3.763519999999999982e+03 -1.194280199999999968e+04 -1.156130099999999766e+04 3.783275699999999908e+00 8.344219099999999889e-01 1.824799800000000047e+06 5.457319299999999348e+05 1.735989899999999864e+01
       dtu_10mw_rwt_05.0_43619.dat 0.000000000000000000e+00 3.191679900000000125e-01 2.304918299999999931e+02 2.314909799999999684e+00 7.926691499999999905e+03 -7.732548399999999674e+03 -1.352896699999999873e+04 2.027917200000000093e+03 -4.976530899999999747e+03 -1.581492000000000007e+04 -1.179340600000000086e+04 1.594710599999999978e+00 5.960108299999998804e-01 2.082329900000000140e+06 6.652257500000000000e+05 1.691478199999999887e+01
       dtu_10mw_rwt_05.0_47165.dat 0.000000000000000000e+00 3.025688699999999898e-01 2.051088699999999960e+02 2.302896100000000335e+00 3.514560699999999997e+03 -4.459921900000000278e+03 -1.297852300000000105e+04 1.883326699999999846e+03 -3.231740299999999479e+03 -1.128893900000000031e+04 -1.170460400000000118e+04 6.493741700000000838e-01 4.607655199999999840e-01 1.868078699999999953e+06 5.653285899999999674e+05 1.746539999999999893e+01
       dtu_10mw_rwt_05.0_47952.dat 0.000000000000000000e+00 3.013759899999999825e-01 2.115846300000000326e+02 2.391468599999999611e+00 7.053404099999999744e+03 -1.038365100000000166e+04 -1.244776800000000185e+04 1.921978399999999965e+03 -5.394641000000000531e+03 -1.565302400000000125e+04 -1.169190399999999863e+04 1.946925299999999970e+00 6.404964899999999739e-01 1.853349399999999907e+06 5.584509899999999907e+05 1.726358199999999954e+01
       dtu_10mw_rwt_05.0_50292.dat 0.000000000000000000e+00 2.852419299999999769e-01 1.945549300000000130e+02 2.083127600000000079e+00 3.428074399999999969e+03 -3.082497100000000046e+03 -1.197270399999999972e+04 1.768608499999999822e+03 -3.781050700000000234e+03 -1.199700900000000001e+04 -1.180930499999999847e+04 1.838758800000000138e+00 6.065687300000000004e-01 1.660399900000000140e+06 4.738429500000000116e+05 1.705309800000000209e+01
       dtu_10mw_rwt_06.0_14324.dat 0.000000000000000000e+00 3.497877199999999687e-01 2.839019000000000119e+02 2.234695899999999735e+00 1.047700100000000020e+04 -2.001547699999999895e+04 -1.289062299999999959e+04 2.648509200000000419e+03 -5.416461099999999533e+03 -1.641663199999999779e+04 -1.147360400000000118e+04 2.066914300000000093e+00 6.431017100000000486e-01 2.497018899999999907e+06 8.735890000000000000e+05 1.682338000000000022e+01
       dtu_10mw_rwt_06.0_26862.dat 0.000000000000000000e+00 3.202959700000000409e-01 2.452209799999999973e+02 3.031953500000000190e+00 1.263777300000000105e+04 -1.351202700000000004e+04 -1.161791399999999885e+04 2.072049899999999980e+03 -5.870020200000000841e+03 -1.754511099999999715e+04 -1.130360300000000097e+04 2.136797599999999964e+00 6.389304599999999779e-01 2.096209699999999953e+06 6.718398599999999860e+05 1.648338599999999943e+01
       dtu_10mw_rwt_06.0_47824.dat 0.000000000000000000e+00 2.840549899999999517e-01 1.866164699999999925e+02 2.612209800000000026e+00 4.942056700000000092e+03 -8.730963700000000244e+03 -1.211590199999999822e+04 1.835697999999999865e+03 -4.861220600000000559e+03 -1.436690099999999984e+04 -1.171720200000000114e+04 1.179036300000000148e+00 5.290489200000000336e-01 1.644929599999999860e+06 4.670699500000000116e+05 1.683418999999999954e+01
       dtu_10mw_rwt_06.0_51321.dat 0.000000000000000000e+00 3.691079999999999917e-01 3.065096500000000219e+02 2.904359700000000100e+00 1.282808800000000156e+04 -2.287398700000000099e+04 -1.289710200000000077e+04 2.976469999999999800e+03 -6.430911100000000260e+03 -1.782950700000000143e+04 -1.170390400000000045e+04 2.188728699999999971e+00 6.553498100000000326e-01 2.779078899999999907e+06 1.025518800000000047e+06 1.642599799999999988e+01
       dtu_10mw_rwt_06.0_52263.dat 0.000000000000000000e+00 3.880449799999999838e-01 3.676385999999999967e+02 2.734379899999999530e+00 1.156321299999999974e+04 -3.380412000000000262e+04 -1.160630399999999827e+04 3.303219399999999496e+03 -5.960621000000000095e+03 -1.733880400000000009e+04 -1.157260499999999956e+04 3.794414200000000292e+00 8.336357500000000087e-01 3.072869899999999907e+06 1.192579900000000140e+06 1.640109100000000097e+01
       dtu_10mw_rwt_06.0_55769.dat 0.000000000000000000e+00 3.553298799999999869e-01 2.869676099999999792e+02 2.968918500000000016e+00 2.432351000000000113e+03 -3.937713300000000163e+04 -1.345220500000000175e+04 2.429628400000000511e+03 -6.066700399999999718e+03 -1.847120899999999892e+04 -1.183590899999999965e+04 1.984918799999999761e+00 6.381148599999999504e-01 2.578319899999999907e+06 9.172439399999999441e+05 1.609709600000000052e+01
        dtu_10mw_rwt_07.0_2336.dat 0.000000000000000000e+00 3.950629500000000238e-01 3.539127100000000610e+02 3.704996299999999909e+00 -1.189846999999999935e+04 -3.863843300000000454e+04 -1.512865000000000146e+04 3.155467699999999695e+03 -1.106910100000000057e+04 -3.106362900000000081e+04 -1.128321300000000156e+04 1.306264000000000092e+00 5.465408699999999564e-01 3.165029899999999907e+06 1.247099699999999953e+06 1.415618300000000040e+01
       dtu_10mw_rwt_07.0_40743.dat 0.000000000000000000e+00 4.315038900000000011e-01 4.534094500000000494e+02 2.999188699999999930e+00 1.315262500000000000e+04 -5.348891100000000733e+04 -1.176030799999999908e+04 3.821028199999999742e+03 -8.687650700000000143e+03 -2.409040700000000288e+04 -1.108850000000000000e+04 3.156659800000000349e+00 7.599502700000001498e-01 3.798387799999999814e+06 1.638249500000000000e+06 1.514310000000000045e+01
       dtu_10mw_rwt_07.0_45626.dat 0.000000000000000000e+00 4.037809900000000063e-01 4.060456200000000422e+02 2.658029299999999928e+00 1.745701100000000224e+04 -3.220065099999999802e+04 -1.213910099999999875e+04 3.453799199999999928e+03 -7.631350100000000566e+03 -2.237901399999999921e+04 -1.101500100000000020e+04 4.446654700000000737e+00 9.069768200000000169e-01 3.308200000000000000e+06 1.333009099999999860e+06 1.489358499999999985e+01
       dtu_10mw_rwt_07.0_52870.dat 0.000000000000000000e+00 4.572999899999999895e-01 5.005674399999999764e+02 3.751135000000000108e+00 9.018632099999998900e+03 -5.347142500000000291e+04 -1.350741499999999905e+04 3.682940399999999499e+03 -8.489061799999999494e+03 -2.524462099999999919e+04 -1.104340500000000065e+04 2.180434800000000006e+00 6.319567499999999560e-01 4.276469099999999627e+06 1.957748299999999814e+06 1.532489400000000046e+01
       dtu_10mw_rwt_07.0_52899.dat 0.000000000000000000e+00 3.941189599999999627e-01 3.642858600000000138e+02 3.628017499999999895e+00 -1.996783799999999928e+03 -4.238355299999999988e+04 -1.151593399999999929e+04 3.000820000000000164e+03 -7.624330699999999524e+03 -2.186670200000000114e+04 -1.167290499999999884e+04 2.823483799999999988e+00 7.205671799999999738e-01 3.155199000000000000e+06 1.242599800000000047e+06 1.539489599999999925e+01
        dtu_10mw_rwt_07.0_8564.dat 0.000000000000000000e+00 3.758859800000000084e-01 3.366134999999999309e+02 3.267229399999999728e+00 1.558728700000000026e+04 -6.850860799999999290e+04 -1.238330599999999868e+04 2.636078300000000127e+03 -8.751990699999998469e+03 -2.440330299999999988e+04 -1.125452499999999964e+04 3.661271500000000234e+00 8.217079299999999753e-01 2.864569000000000000e+06 1.074419800000000047e+06 1.513419699999999857e+01
       dtu_10mw_rwt_08.0_15536.dat 0.000000000000000000e+00 4.539359900000000114e-01 5.147827999999999520e+02 4.466245099999999191e+00 8.003725300000000061e+03 -3.916604200000000128e+04 -1.299960300000000097e+04 4.109797599999999875e+03 -1.162850100000000020e+04 -3.155610699999999633e+04 -1.097651500000000124e+04 3.519428000000000001e+00 8.040255900000000677e-01 4.217548599999999627e+06 1.916540000000000000e+06 1.407448200000000149e+01
       dtu_10mw_rwt_08.0_22441.dat 0.000000000000000000e+00 4.843189900000000048e-01 5.649678999999999860e+02 4.102829900000000585e+00 -1.067044599999999991e+04 -3.454316900000000169e+04 -1.249305000000000109e+04 4.680187099999999191e+03 -1.063390099999999984e+04 -2.927600700000000143e+04 -1.121340300000000025e+04 3.954672700000000152e+00 8.486444699999999841e-01 4.786949900000000373e+06 2.321229799999999814e+06 1.437168000000000134e+01
       dtu_10mw_rwt_08.0_32293.dat 0.000000000000000000e+00 4.314319899999999874e-01 4.511867599999999925e+02 3.725975500000000107e+00 6.648907899999999245e+03 -4.156598099999999977e+04 -1.279334099999999853e+04 3.738249299999999948e+03 -1.018930199999999968e+04 -2.759181499999999869e+04 -1.124180199999999968e+04 3.659533899999999562e+00 8.217865699999999940e-01 3.797329300000000279e+06 1.639179899999999907e+06 1.410259500000000088e+01
       dtu_10mw_rwt_08.0_41120.dat 0.000000000000000000e+00 4.805398800000000303e-01 5.589428899999999203e+02 4.484805399999999942e+00 8.544905699999999342e+03 -4.649453899999999703e+04 -1.058211400000000140e+04 4.304629500000000007e+03 -1.167650000000000000e+04 -3.156710499999999593e+04 -1.118812100000000100e+04 3.726542799999999822e+00 8.357218399999999381e-01 4.705626799999999814e+06 2.258359699999999721e+06 1.434388599999999947e+01
       dtu_10mw_rwt_08.0_46290.dat 0.000000000000000000e+00 4.439229299999999934e-01 4.658744700000000307e+02 4.316897600000000779e+00 8.024810900000001311e+03 -4.877233800000000338e+04 -1.318550600000000122e+04 3.991049200000000383e+03 -9.813512899999999718e+03 -2.718561299999999756e+04 -1.155191200000000026e+04 2.774768699999999644e+00 7.293608699999999390e-01 4.030708700000000186e+06 1.791629899999999907e+06 1.451568100000000072e+01
       dtu_10mw_rwt_08.0_60415.dat 0.000000000000000000e+00 4.784499700000000022e-01 5.660597500000000082e+02 4.779339900000000974e+00 1.543845100000000093e+04 -5.023299900000000343e+04 -1.006670400000000154e+04 4.843181199999999990e+03 -9.993704300000001240e+03 -2.738633299999999872e+04 -1.080940099999999984e+04 4.602155100000000054e+00 9.214731800000000028e-01 4.677099400000000373e+06 2.239219899999999907e+06 1.444649300000000025e+01
       dtu_10mw_rwt_09.0_26343.dat 0.000000000000000000e+00 5.093039500000000608e-01 6.503711200000000190e+02 5.543506400000000056e+00 3.067671199999999953e+04 -2.079479400000000169e+04 -1.174671100000000115e+04 5.802588900000000649e+03 -1.327820200000000114e+04 -3.686990099999999802e+04 -1.105560900000000038e+04 4.014965499999999743e+00 8.574006099999998964e-01 5.290839700000000186e+06 2.692859399999999907e+06 1.307539600000000135e+01
       dtu_10mw_rwt_09.0_34715.dat 0.000000000000000000e+00 5.495829900000001045e-01 7.435559600000001410e+02 4.533779899999999863e+00 5.202436600000000180e+04 -2.516842200000000230e+04 -1.101692699999999968e+04 6.374375200000000405e+03 -1.168970000000000073e+04 -3.258761300000000119e+04 -1.104740199999999822e+04 4.159656199999999693e+00 8.682303500000000396e-01 6.153518399999999441e+06 3.380679100000000093e+06 1.376989500000000000e+01
        dtu_10mw_rwt_09.0_5751.dat -3.784689399999998987e-04 5.124089199999999344e-01 6.535655299999999670e+02 5.313835899999999945e+00 4.086941000000000349e+04 -3.698633699999999226e+04 -1.166600499999999920e+04 5.683448999999999614e+03 -1.315629999999999927e+04 -3.711910299999999552e+04 -1.067680299999999806e+04 3.690235799999999955e+00 8.220409699999999820e-01 5.355556299999999814e+06 2.744896500000000000e+06 1.266738100000000067e+01
       dtu_10mw_rwt_09.0_59920.dat 0.000000000000000000e+00 5.543749899999999009e-01 7.756808000000000902e+02 5.844106299999999088e+00 5.326529800000000250e+04 -1.911055099999999948e+04 -9.948808700000001409e+03 6.505817499999999200e+03 -1.325440399999999863e+04 -3.519380500000000029e+04 -1.054250299999999879e+04 4.097190900000000191e+00 8.645958000000000254e-01 6.260779400000000373e+06 3.468609100000000093e+06 1.326689799999999941e+01
        dtu_10mw_rwt_09.0_8821.dat 0.000000000000000000e+00 5.052279600000000315e-01 6.371598999999998796e+02 5.056009200000000092e+00 1.091336700000000019e+04 -2.063004300000000148e+04 -1.085990799999999945e+04 5.208429000000000997e+03 -1.172680099999999948e+04 -3.411343600000000151e+04 -1.116190200000000004e+04 3.613224100000000494e+00 8.152669099999999558e-01 5.201749799999999814e+06 2.624639600000000093e+06 1.319018900000000194e+01
        dtu_10mw_rwt_09.0_9468.dat 0.000000000000000000e+00 5.097390000000000532e-01 6.468304100000000290e+02 5.278657200000000493e+00 4.008832800000000134e+04 -1.021053900000000067e+04 -1.086322199999999975e+04 5.842068899999999303e+03 -1.174220000000000073e+04 -3.470370499999999447e+04 -1.099160300000000097e+04 3.316722900000000251e+00 7.774157000000000428e-01 5.331619700000000186e+06 2.721239100000000093e+06 1.354669799999999924e+01
       dtu_10mw_rwt_10.0_13708.dat -3.908695799999999630e-03 6.453838099999998912e-01 1.016829600000000028e+03 6.180466000000000015e+00 8.956161400000000140e+04 -2.288123500000000149e+03 -1.303610600000000159e+04 8.731597200000000157e+03 -1.362930299999999988e+04 -3.938061600000000180e+04 -1.104120399999999972e+04 2.490777200000000136e+00 6.637750900000000120e-01 8.510679400000000373e+06 5.501389500000000000e+06 1.202877300000000105e+01
        dtu_10mw_rwt_10.0_2246.dat -2.625878799999999041e-06 5.820509899999999348e-01 8.118159700000001067e+02 5.692402799999999985e+00 6.525515099999999802e+04 -1.096855999999999949e+04 -1.152943000000000029e+04 7.537380799999999908e+03 -1.359160100000000057e+04 -3.697241599999999744e+04 -1.075421999999999935e+04 2.069516799999999712e+00 6.135582600000000220e-01 6.902929700000000186e+06 4.016007800000000279e+06 1.312599299999999936e+01
       dtu_10mw_rwt_10.0_25797.dat -6.002412399999999641e-03 5.682369899999999419e-01 7.935257399999999279e+02 5.808679399999999937e+00 5.810505099999999948e+04 -1.812253199999999924e+04 -1.371232399999999870e+04 7.118169499999999971e+03 -1.354520100000000093e+04 -4.000021699999999691e+04 -1.123890400000000045e+04 2.477376500000000092e+00 6.745034399999999541e-01 6.584288900000000373e+06 3.740609100000000093e+06 1.217639600000000044e+01
       dtu_10mw_rwt_10.0_25824.dat 0.000000000000000000e+00 5.869169900000000828e-01 8.400248599999998760e+02 6.301771299999999520e+00 6.271553399999999965e+04 -1.587964700000000084e+04 -9.757708300000000236e+03 7.185829099999999926e+03 -1.349830099999999948e+04 -3.482290999999999622e+04 -1.085675400000000081e+04 1.906383000000000161e+00 5.855389899999999814e-01 7.006879899999999441e+06 4.112519800000000279e+06 1.308779499999999985e+01
       dtu_10mw_rwt_10.0_53407.dat -5.502068899999999589e-03 5.659879300000000280e-01 8.027447100000000546e+02 6.023014599999999774e+00 6.838059300000000803e+04 -1.000431699999999910e+04 -1.223941899999999987e+04 7.197010400000001027e+03 -1.358800199999999859e+04 -3.864771599999999307e+04 -1.067014600000000064e+04 2.430398099999999673e+00 6.605129800000000273e-01 6.538208699999999255e+06 3.706659400000000373e+06 1.193758300000000006e+01
        dtu_10mw_rwt_10.0_7055.dat -3.207739600000000021e-03 5.724429000000000878e-01 8.090635200000000395e+02 5.656856399999999674e+00 4.795258499999999913e+04 -3.534835599999999977e+04 -1.657430199999999968e+04 6.926363000000000284e+03 -1.365689999999999964e+04 -3.849162500000000000e+04 -1.135850100000000020e+04 2.251328499999999622e+00 6.461692500000000283e-01 6.675462099999999627e+06 3.814022299999999814e+06 1.244719599999999993e+01
        dtu_10mw_rwt_11.0_1633.dat -8.954134599999998348e-03 6.341988799999999094e-01 9.528121399999999994e+02 6.524862099999999998e+00 7.328395299999999406e+04 -1.619971100000000115e+04 -1.503261000000000058e+04 8.725855600000000777e+03 -1.374229999999999927e+04 -4.028183099999999831e+04 -1.107870500000000175e+04 8.089276300000000086e-01 4.556802799999999931e-01 8.214337700000000186e+06 5.215588799999999814e+06 1.254539800000000049e+01
       dtu_10mw_rwt_11.0_25765.dat -2.429829199999998871e-04 6.499269600000000535e-01 9.228293500000000904e+02 6.540687799999999719e+00 9.876039699999999721e+04 -1.024203600000000006e+04 -1.071090699999999924e+04 9.444773300000000745e+03 -1.373830199999999968e+04 -3.866620399999999790e+04 -1.061500699999999961e+04 7.218128900000000403e-01 4.290699199999999935e-01 8.625059000000000000e+06 5.608239899999999441e+06 1.273909599999999998e+01
       dtu_10mw_rwt_11.0_37345.dat -6.400301800000000006e-03 6.644629400000000574e-01 8.979109700000000203e+02 6.813600600000000007e+00 9.479895300000000861e+04 1.886266200000000595e+02 -1.237400900000000001e+04 9.600976699999999255e+03 -1.386841200000000026e+04 -4.012795999999999913e+04 -1.089151000000000022e+04 -2.411322400000000254e-01 3.247788799999999920e-01 9.017858200000001118e+06 5.997529000000000000e+06 1.281147299999999944e+01
       dtu_10mw_rwt_11.0_41193.dat -2.460546399999999790e-03 6.427599899999999478e-01 9.440728199999999788e+02 6.411272799999999883e+00 9.246841300000000047e+04 -2.844380299999999806e+03 -1.143421099999999933e+04 9.114777500000001965e+03 -1.373950200000000041e+04 -3.717290499999999884e+04 -1.045930799999999908e+04 5.040508699999999287e-01 4.206356499999999721e-01 8.421009800000000745e+06 5.407088700000000186e+06 1.265986000000000011e+01
       dtu_10mw_rwt_11.0_43724.dat -5.686784899999999723e-04 6.678769900000000037e-01 9.453636999999999944e+02 7.203729400000000282e+00 1.004469199999999983e+05 5.278539799999999786e+02 -1.091822500000000036e+04 9.809217799999998533e+03 -1.366170000000000073e+04 -3.794426999999999680e+04 -1.016810699999999997e+04 1.464926100000000009e+00 5.421846399999998845e-01 9.095038600000001490e+06 6.065719899999999441e+06 1.281475399999999887e+01
       dtu_10mw_rwt_11.0_59287.dat -6.626303899999999927e-03 6.394918999999998910e-01 9.895432799999999816e+02 6.440218999999999916e+00 9.370940599999998813e+04 -5.386270099999999729e+03 -1.196431999999999971e+04 8.283027400000000853e+03 -1.375150299999999879e+04 -3.962581900000000314e+04 -1.078790099999999802e+04 1.203601700000000108e+00 5.150654800000000755e-01 8.364786799999999814e+06 5.368838799999999814e+06 1.228059599999999918e+01
       dtu_10mw_rwt_12.0_23697.dat -1.670582799999999722e-03 7.238139299999999388e-01 8.755981300000000829e+02 7.470024200000000114e+00 9.367298700000000827e+04 -5.956718499999999949e+03 -1.011090400000000045e+04 1.127118699999999990e+04 -1.368700000000000000e+04 -3.723110399999999936e+04 -1.033330299999999988e+04 -1.890071900000000193e-01 3.304477299999999951e-01 1.070889900000000000e+07 7.751238000000000000e+06 1.336749600000000093e+01
       dtu_10mw_rwt_12.0_28003.dat -1.410982799999999917e-03 7.746157000000000181e-01 8.190784800000000132e+02 7.558783200000000591e+00 8.161807799999999406e+04 -3.006336999999999989e+03 -1.471130499999999847e+04 1.107889400000000023e+04 -1.392350200000000041e+04 -3.860564800000000105e+04 -1.062471400000000176e+04 -8.347865300000000266e-01 2.556155700000000142e-01 1.086170000000000000e+07 8.556439400000000373e+06 1.193189900000000137e+01
       dtu_10mw_rwt_12.0_29989.dat -1.233886899999999992e-04 7.209718499999999697e-01 8.306818900000000667e+02 7.661237999999999992e+00 8.874244600000001083e+04 -3.476682299999999486e+03 -1.232810100000000057e+04 1.126509900000000016e+04 -1.381070300000000134e+04 -3.685855900000000111e+04 -1.042510399999999936e+04 -1.190899699999999617e-01 3.498007499999999936e-01 1.063109700000000000e+07 7.684258800000000745e+06 1.366119999999999912e+01
       dtu_10mw_rwt_12.0_40278.dat -1.718758899999999791e-03 7.520805699999999483e-01 8.076129300000001194e+02 7.773235300000000514e+00 8.080151400000001013e+04 -9.376412500000000364e+03 -1.363491799999999967e+04 1.151849099999999999e+04 -1.383070000000000073e+04 -3.908710500000000320e+04 -1.059100400000000081e+04 -4.377048999999999523e-01 3.157014999999999683e-01 1.086170000000000000e+07 8.165796000000000000e+06 1.325599500000000042e+01
       dtu_10mw_rwt_12.0_56645.dat -4.294490699999999571e-03 7.521059399999999728e-01 8.204067800000000261e+02 7.614678200000000174e+00 8.452007500000001164e+04 -6.189171699999999873e+03 -1.045826699999999983e+04 1.179369600000000173e+04 -1.375639999999999964e+04 -3.843753899999999703e+04 -1.041680699999999888e+04 -4.788035599999999614e-01 3.010590699999999842e-01 1.086170000000000000e+07 8.169246600000000559e+06 1.369118800000000036e+01
        dtu_10mw_rwt_12.0_6007.dat 0.000000000000000000e+00 6.677919600000000733e-01 7.938481700000000956e+02 6.173713499999999854e+00 7.891993000000000757e+04 -5.394392199999999320e+03 -1.063573099999999977e+04 1.016536299999999937e+04 -1.398310000000000036e+04 -3.731202799999999843e+04 -1.055151399999999921e+04 -5.801087400000000116e-01 2.853159800000000246e-01 9.094219599999999627e+06 6.062919399999999441e+06 1.374588800000000077e+01
       dtu_10mw_rwt_13.0_24246.dat 0.000000000000000000e+00 7.783129799999999321e-01 6.848696300000000292e+02 7.901076900000000514e+00 7.048670399999998335e+04 -8.300415000000000873e+03 -1.275011400000000140e+04 1.132409000000000196e+04 -1.383010100000000057e+04 -3.655454099999999744e+04 -1.054731999999999971e+04 -1.938532399999999933e+00 1.184464900000000015e-01 1.086170000000000000e+07 8.484598599999999627e+06 1.426658899999999974e+01
        dtu_10mw_rwt_13.0_3219.dat 5.122064699999999249e+00 7.747809900000001138e-01 7.303878100000000586e+02 7.819987300000000197e+00 7.235629200000000128e+04 -1.823242100000000210e+04 -1.234332599999999911e+04 1.206219599999999991e+04 -1.392060200000000077e+04 -3.030620300000000134e+04 -1.046844999999999891e+04 -1.475804000000000116e+00 1.775894699999999993e-01 1.194850000000000000e+07 9.980029799999998882e+06 1.462909199999999998e+01
       dtu_10mw_rwt_13.0_59662.dat 1.612408500000000133e+00 7.710968300000000664e-01 6.458801699999999073e+02 7.552811299999999228e+00 5.990184699999999430e+04 -4.314975199999999313e+04 -1.557831300000000010e+04 1.130989700000000084e+04 -1.399600100000000020e+04 -3.352660299999999552e+04 -1.062120600000000013e+04 -2.570433500000000038e+00 4.388443399999999994e-02 1.184130000000000000e+07 9.974510000000000000e+06 1.444078899999999877e+01
       dtu_10mw_rwt_13.0_63909.dat 7.647160100000000016e-01 7.731549800000000472e-01 7.148417299999999841e+02 8.118475200000000669e+00 6.989789299999999639e+04 -1.758267200000000003e+03 -1.312215499999999884e+04 1.158529799999999886e+04 -1.397950500000000102e+04 -3.816967799999999988e+04 -1.079910300000000097e+04 -1.945890799999999921e+00 1.256448400000000076e-01 1.183660000000000000e+07 9.970998700000001118e+06 1.419289699999999854e+01
       dtu_10mw_rwt_13.0_64836.dat 7.489512400000000181e-01 7.814439900000000883e-01 7.526759700000000066e+02 8.457978499999999400e+00 7.883707099999999627e+04 -2.048601199999999881e+04 -1.036304399999999987e+04 1.191169600000000173e+04 -1.381250100000000020e+04 -3.384660299999999552e+04 -1.038360700000000179e+04 -1.281574599999999897e+00 1.994335300000000255e-01 1.192549800000000000e+07 9.974779699999999255e+06 1.422589299999999923e+01
        dtu_10mw_rwt_13.0_6610.dat 5.245587099999999836e+00 7.821828899999999640e-01 7.474970899999999574e+02 7.685159199999999302e+00 7.358909500000000116e+04 -1.581594399999999951e+04 -1.430860699999999997e+04 1.167179799999999886e+04 -1.382850100000000020e+04 -3.233712800000000061e+04 -1.091771199999999953e+04 -2.041687599999999936e+00 1.089715599999999951e-01 1.196119900000000000e+07 9.977220000000000000e+06 1.484210000000000029e+01
       dtu_10mw_rwt_14.0_17103.dat -4.530080599999998494e-07 7.756479499999999749e-01 5.713209400000000642e+02 9.208808099999998831e+00 5.901166399999999703e+04 -4.094187100000000100e+03 -1.389846500000000015e+04 1.168989899999999943e+04 -1.396900000000000000e+04 -3.668640400000000227e+04 -1.103864799999999923e+04 -3.747699299999999845e+00 -1.116710300000000045e-01 1.086170000000000000e+07 8.496738400000000373e+06 1.445719399999999943e+01
       dtu_10mw_rwt_14.0_33723.dat 3.568324099999999888e+00 7.872969899999999743e-01 7.235459200000000237e+02 8.647358200000001105e+00 7.219867799999999988e+04 -5.321929799999998977e+03 -1.075853399999999965e+04 1.239179899999999907e+04 -1.373310200000000077e+04 -3.177883599999999933e+04 -1.053150900000000001e+04 -2.119921499999999792e+00 8.676777700000000426e-02 1.195740000000000000e+07 9.981239900000000373e+06 1.496325199999999889e+01
       dtu_10mw_rwt_14.0_34311.dat 5.582763800000000387e+00 7.733489699999999134e-01 6.757340700000000879e+02 9.040109100000000453e+00 7.048859200000000419e+04 -4.198364099999999780e+03 -1.097101299999999901e+04 1.162050000000000000e+04 -1.396370000000000073e+04 -3.137700600000000486e+04 -1.094081799999999930e+04 -2.443256099999999709e+00 5.509690400000000210e-02 1.192460000000000000e+07 9.977219899999998510e+06 1.527699299999999916e+01
       dtu_10mw_rwt_14.0_46217.dat 4.819847599999999233e+00 7.812169900000000000e-01 7.032679900000000544e+02 8.916105199999998732e+00 7.435365799999999581e+04 5.106562500000000000e+02 -1.054251800000000003e+04 1.241239899999999943e+04 -1.378930499999999847e+04 -3.147304500000000189e+04 -1.055332099999999809e+04 -2.138417399999999802e+00 8.432040700000000000e-02 1.191689900000000000e+07 9.980400000000000000e+06 1.491759700000000066e+01
        dtu_10mw_rwt_14.0_7720.dat 6.052619999999999223e+00 7.760089900000000096e-01 6.588107100000000855e+02 8.886318499999999787e+00 6.702149700000000303e+04 -4.628393999999999323e+03 -1.361501000000000022e+04 1.210228799999999865e+04 -1.393310300000000097e+04 -3.050890899999999965e+04 -1.077250200000000041e+04 -2.542993500000000129e+00 4.294470599999999916e-02 1.191449800000000000e+07 9.977589800000000745e+06 1.561509799999999970e+01
        dtu_10mw_rwt_14.0_8754.dat 4.246697600000000072e+00 7.735179400000000705e-01 6.117665999999999258e+02 8.524378300000000408e+00 5.949312099999999191e+04 -1.236412500000000000e+04 -1.369771500000000015e+04 1.224199799999999959e+04 -1.394310100000000057e+04 -3.123120900000000256e+04 -1.070550100000000020e+04 -2.663762799999999764e+00 1.759414500000000200e-02 1.185560000000000000e+07 9.979440000000000000e+06 1.466629099999999930e+01
       dtu_10mw_rwt_15.0_10279.dat 9.435637299999999783e+00 7.629848500000000477e-01 5.661143399999999701e+02 9.603779700000000474e+00 5.421798400000000402e+04 -1.006640099999999984e+04 -1.320020499999999993e+04 1.158759900000000016e+04 -1.413939999999999964e+04 -2.963350500000000102e+04 -1.130600399999999900e+04 -3.712631199999999687e+00 -9.947898099999999411e-02 1.185429900000000000e+07 9.973279900000000373e+06 1.636629999999999896e+01
       dtu_10mw_rwt_15.0_22297.dat 7.569342300000000634e+00 7.630159899999999773e-01 5.246247099999999364e+02 9.387422800000001288e+00 5.059816700000000128e+04 -7.604745200000000295e+03 -1.603921900000000096e+04 1.148369700000000012e+04 -1.419170100000000093e+04 -3.015136199999999735e+04 -1.159511099999999897e+04 -4.504654999999999632e+00 -2.136721700000000224e-01 1.179229500000000000e+07 9.968970000000000000e+06 1.556709200000000060e+01
       dtu_10mw_rwt_15.0_25148.dat 6.316853800000000518e+00 7.777739999999999654e-01 6.038177799999999706e+02 8.936226999999998810e+00 6.238990200000000186e+04 -9.434350299999998242e+03 -1.106014500000000044e+04 1.223499599999999919e+04 -1.390039999999999964e+04 -2.862361399999999776e+04 -1.049300100000000020e+04 -3.046709499999999515e+00 -2.374679999999999847e-02 1.185439900000000000e+07 9.976960000000000000e+06 1.625238900000000086e+01
       dtu_10mw_rwt_15.0_33167.dat 9.507169500000001605e+00 7.627518099999999190e-01 5.787233899999999949e+02 1.015769799999999989e+01 4.657466700000000128e+04 -1.099410100000000057e+04 -1.606503700000000026e+04 1.158909200000000055e+04 -1.414160100000000057e+04 -2.911640800000000309e+04 -1.159440799999999945e+04 -3.765683600000000020e+00 -1.080505499999999952e-01 1.180630000000000000e+07 9.968960000000000000e+06 1.609009100000000103e+01
       dtu_10mw_rwt_15.0_41424.dat 7.510409000000000113e+00 7.780829799999999796e-01 5.881949800000001005e+02 9.695961000000000496e+00 5.440939100000000326e+04 -1.765321900000000096e+04 -1.434469800000000032e+04 1.159899699999999939e+04 -1.392200200000000041e+04 -3.005932499999999709e+04 -1.123370700000000033e+04 -3.643363200000000024e+00 -9.649085400000000090e-02 1.174219900000000000e+07 9.973479699999999255e+06 1.598639899999999869e+01
       dtu_10mw_rwt_15.0_57600.dat 6.634116499999999306e+00 7.751379600000000147e-01 5.964377700000000004e+02 9.316008000000000067e+00 5.616076099999999860e+04 -1.895582800000000134e+04 -1.362581399999999849e+04 1.214710000000000036e+04 -1.392860300000000097e+04 -2.773785599999999977e+04 -1.072801100000000042e+04 -3.368548999999999793e+00 -6.405123100000000014e-02 1.189900000000000000e+07 9.976329900000000373e+06 1.632748299999999730e+01
       dtu_10mw_rwt_16.0_19655.dat 1.042580000000000062e+01 7.594789400000000468e-01 5.705676999999999452e+02 1.036599499999999985e+01 5.417559899999999470e+04 -5.942038300000000163e+03 -1.285110099999999875e+04 1.207189799999999923e+04 -1.417880099999999948e+04 -2.586015899999999601e+04 -1.097421200000000135e+04 -3.540211699999999961e+00 -7.620841600000000104e-02 1.185080000000000000e+07 9.972689800000000745e+06 1.648646300000000053e+01
       dtu_10mw_rwt_16.0_45772.dat 1.099959100000000056e+01 7.641089900000000990e-01 5.186089600000000246e+02 1.091367900000000013e+01 4.875869299999999930e+04 -1.783691700000000128e+04 -1.325060400000000118e+04 1.181169200000000092e+04 -1.411260100000000057e+04 -2.829633000000000175e+04 -1.167510099999999875e+04 -4.352763000000000382e+00 -1.865156000000000314e-01 1.168739800000000000e+07 9.971019900000000373e+06 1.680289199999999994e+01
       dtu_10mw_rwt_16.0_55975.dat 7.688922799999999391e+00 7.605969799999999781e-01 5.311235699999999724e+02 1.041927200000000120e+01 5.053344400000000314e+04 -1.025283799999999792e+04 -1.536563299999999981e+04 1.147529999999999927e+04 -1.420030399999999827e+04 -2.863784899999999834e+04 -1.135502899999999863e+04 -4.300546800000000225e+00 -1.755260700000000063e-01 1.180539900000000000e+07 9.968250000000000000e+06 1.625099900000000019e+01
        dtu_10mw_rwt_16.0_5616.dat 1.039090000000000025e+01 7.811179600000000001e-01 5.942649699999999484e+02 1.071339799999999975e+01 5.504978800000000047e+04 -5.295807199999999284e+03 -1.291300300000000061e+04 1.178900000000000000e+04 -1.389010000000000036e+04 -2.668390300000000207e+04 -1.110830599999999868e+04 -3.591712499999999864e+00 -8.629400500000000696e-02 1.184129300000000000e+07 9.973649900000000373e+06 1.679299800000000076e+01
       dtu_10mw_rwt_16.0_56353.dat 1.001669900000000091e+01 7.616619299999999315e-01 5.347179499999999734e+02 1.083327099999999810e+01 5.072108299999999144e+04 -6.728210100000000239e+03 -1.281260199999999895e+04 1.214439599999999882e+04 -1.415960100000000057e+04 -2.586973700000000099e+04 -1.140182200000000012e+04 -4.230485499999999455e+00 -1.717599300000000051e-01 1.180849900000000000e+07 9.973439900000000373e+06 1.598619099999999982e+01
        dtu_10mw_rwt_16.0_7031.dat 1.021879500000000007e+01 7.795179600000000653e-01 5.482389100000000326e+02 1.044467899999999894e+01 5.491473799999999756e+04 -8.478782199999999648e+03 -1.181100900000000001e+04 1.193999799999999959e+04 -1.390320100000000093e+04 -2.780392700000000332e+04 -1.140550799999999981e+04 -4.152860100000000720e+00 -1.589175200000000066e-01 1.194100000000000000e+07 9.973790000000000000e+06 1.696498599999999968e+01
       dtu_10mw_rwt_17.0_20390.dat 9.718749100000000141e+00 7.672819800000000301e-01 4.727564100000000167e+02 9.880282600000001025e+00 3.998395700000000215e+04 -2.570605000000000291e+04 -1.435044899999999870e+04 1.149549899999999980e+04 -1.410610100000000057e+04 -2.735751100000000224e+04 -1.221992199999999866e+04 -5.101772999999999669e+00 -2.704334700000000091e-01 1.174620000000000000e+07 9.965009899999998510e+06 1.680469799999999836e+01
       dtu_10mw_rwt_17.0_37683.dat 9.918815999999999633e+00 7.682839900000000277e-01 4.882164200000000278e+02 1.174518400000000007e+01 4.654464999999999418e+04 -1.097421900000000096e+04 -1.253332299999999850e+04 1.189149500000000080e+04 -1.408630199999999968e+04 -2.585897600000000239e+04 -1.187992699999999968e+04 -4.915955099999999689e+00 -2.536261599999999894e-01 1.178639900000000000e+07 9.969320000000000000e+06 1.705829599999999857e+01
       dtu_10mw_rwt_17.0_45521.dat 1.217429900000000131e+01 7.539538599999999757e-01 4.874359099999999785e+02 1.131049499999999775e+01 4.363067399999999907e+04 -1.266561700000000019e+04 -1.480767300000000068e+04 1.178299799999999959e+04 -1.424942500000000109e+04 -2.614142400000000271e+04 -1.156920900000000074e+04 -5.058682699999999421e+00 -2.667051100000000230e-01 1.174099900000000000e+07 9.966930000000000000e+06 1.752099199999999968e+01
       dtu_10mw_rwt_17.0_49865.dat 1.082559900000000042e+01 7.705999599999999727e-01 5.115177699999999845e+02 1.135856999999999850e+01 4.710186499999999796e+04 -4.289361700000000383e+03 -1.211225200000000041e+04 1.224129699999999866e+04 -1.403679999999999927e+04 -2.663570600000000195e+04 -1.180775900000000183e+04 -4.662729599999999586e+00 -2.217376000000000069e-01 1.178900000000000000e+07 9.969489900000000373e+06 1.660539799999999744e+01
       dtu_10mw_rwt_17.0_60465.dat 1.013427000000000078e+01 7.758398399999999473e-01 5.529576299999998810e+02 1.201689900000000044e+01 5.437664600000000064e+04 -6.497146300000000338e+03 -1.094002600000000166e+04 1.196659799999999996e+04 -1.394170000000000073e+04 -2.648821300000000338e+04 -1.083171500000000196e+04 -3.849871100000000101e+00 -1.251027299999999953e-01 1.182289900000000000e+07 9.974750000000000000e+06 1.725978399999999624e+01
        dtu_10mw_rwt_17.0_7334.dat 9.047937300000000960e+00 7.667049900000000306e-01 5.125358099999999695e+02 1.087549500000000080e+01 4.291437999999999738e+04 -1.258105000000000109e+04 -1.540160200000000077e+04 1.181099599999999919e+04 -1.410000599999999940e+04 -2.741575400000000081e+04 -1.130170099999999911e+04 -4.351420199999999738e+00 -1.785983099999999824e-01 1.162859800000000000e+07 9.967129900000000373e+06 1.656656700000000271e+01
       dtu_10mw_rwt_18.0_25103.dat 1.404249899999999940e+01 7.657769900000001018e-01 4.312920599999999922e+02 1.161619499999999938e+01 3.694102299999999377e+04 -1.552760499999999956e+04 -1.290626900000000023e+04 1.179979999999999927e+04 -1.411060000000000036e+04 -2.677918599999999788e+04 -1.170360300000000097e+04 -5.329520999999999731e+00 -3.034897500000000026e-01 1.164499900000000000e+07 9.964100000000000000e+06 1.773099000000000203e+01
       dtu_10mw_rwt_18.0_27317.dat 1.158499699999999955e+01 7.584439299999999884e-01 4.538959699999999771e+02 1.219049399999999928e+01 3.769189499999999680e+04 -1.520582300000000032e+04 -1.412461800000000039e+04 1.190369500000000153e+04 -1.428540300000000025e+04 -2.500952200000000084e+04 -1.177600100000000020e+04 -5.265282499999999644e+00 -2.938090800000000002e-01 1.168610000000000000e+07 9.965480000000000000e+06 1.736358600000000152e+01
       dtu_10mw_rwt_18.0_28016.dat 7.820562299999999745e+00 7.560412599999999372e-01 4.836088199999999802e+02 1.131519900000000156e+01 4.571507699999999750e+04 -1.114606999999999971e+04 -1.138821600000000035e+04 1.188339899999999943e+04 -1.425520000000000073e+04 -2.526642499999999927e+04 -1.100300399999999900e+04 -5.103635699999999886e+00 -2.829555300000000106e-01 1.175549900000000000e+07 9.969939900000000373e+06 1.770419799999999810e+01
       dtu_10mw_rwt_18.0_34558.dat 1.262759199999999993e+01 7.659297499999999648e-01 4.368819399999999860e+02 1.139039099999999927e+01 3.082090400000000227e+04 -2.308309899999999834e+04 -1.761222399999999834e+04 1.120188899999999921e+04 -1.421120000000000073e+04 -2.678994499999999971e+04 -1.215610000000000036e+04 -5.676852000000000231e+00 -3.550212699999999999e-01 1.173260000000000000e+07 9.959679900000000373e+06 1.714498199999999883e+01
       dtu_10mw_rwt_18.0_46192.dat 1.262090000000000067e+01 7.664709800000000239e-01 4.501122399999999857e+02 1.183139699999999905e+01 3.675599900000000343e+04 -1.575460599999999977e+04 -1.313254199999999946e+04 1.212538299999999981e+04 -1.413820099999999911e+04 -2.606576599999999962e+04 -1.200180499999999847e+04 -5.520355200000000018e+00 -3.405243399999999809e-01 1.175839200000000000e+07 9.967179900000000373e+06 1.756319599999999781e+01
        dtu_10mw_rwt_18.0_8966.dat 1.183079900000000073e+01 7.527929800000000560e-01 4.603104700000000093e+02 1.237799599999999955e+01 3.751300999999999476e+04 -2.044987399999999980e+04 -1.358380600000000049e+04 1.198889800000000105e+04 -1.431850699999999961e+04 -2.594620100000000093e+04 -1.120474400000000060e+04 -5.015577299999999461e+00 -2.630721300000000151e-01 1.176879900000000000e+07 9.967120000000000000e+06 1.759028299999999945e+01
       dtu_10mw_rwt_19.0_17843.dat 1.384379999999999988e+01 7.620979199999999842e-01 4.371220499999999447e+02 1.322166400000000053e+01 3.523583300000000600e+04 -1.008255199999999968e+04 -1.304245299999999952e+04 1.198148799999999937e+04 -1.418450300000000061e+04 -2.469390899999999965e+04 -1.174552900000000045e+04 -5.964694999999999858e+00 -3.903309799999999941e-01 1.176170000000000000e+07 9.962979800000000745e+06 1.814879500000000334e+01
       dtu_10mw_rwt_19.0_20935.dat 1.130477299999999907e+01 7.596347299999999247e-01 3.782877799999999979e+02 1.228089100000000045e+01 1.983507699999999750e+04 -2.715510300000000279e+04 -2.035060799999999654e+04 1.173409600000000137e+04 -1.430100300000000061e+04 -2.648286400000000140e+04 -1.283444499999999971e+04 -6.421703300000000780e+00 -4.557839300000000593e-01 1.163279900000000000e+07 9.959869900000000373e+06 1.755879799999999946e+01
       dtu_10mw_rwt_19.0_33144.dat 1.547329500000000024e+01 7.641749300000001410e-01 3.764178099999999745e+02 1.252250800000000019e+01 2.596902000000000044e+04 -1.140540799999999990e+03 -1.544151599999999962e+04 1.149979399999999805e+04 -1.415460300000000097e+04 -2.517066299999999683e+04 -1.242592099999999846e+04 -6.599260300000000079e+00 -4.616792899999999644e-01 1.173330000000000000e+07 9.957770000000000000e+06 1.779469299999999876e+01
       dtu_10mw_rwt_19.0_51363.dat 1.399679699999999904e+01 7.555248700000000150e-01 4.264599699999999984e+02 1.244589800000000146e+01 3.558135699999999633e+04 -1.660186299999999756e+04 -1.274993200000000070e+04 1.166098400000000038e+04 -1.432130199999999786e+04 -2.550523200000000361e+04 -1.183030099999999948e+04 -6.149921700000000158e+00 -4.111032500000000312e-01 1.172389900000000000e+07 9.963880000000000000e+06 1.791059299999999865e+01
       dtu_10mw_rwt_19.0_56307.dat 1.262729399999999913e+01 7.697209699999999488e-01 4.376176200000000449e+02 1.223399500000000018e+01 3.502827300000000105e+04 -1.548232799999999952e+04 -1.215766699999999946e+04 1.160419000000000051e+04 -1.407860099999999875e+04 -2.556311599999999817e+04 -1.223600100000000020e+04 -5.908621300000000964e+00 -3.760280699999999920e-01 1.174349900000000000e+07 9.966389900000000373e+06 1.777808199999999772e+01
       dtu_10mw_rwt_19.0_63447.dat 1.419967800000000047e+01 7.636928899999999576e-01 4.410731099999999856e+02 1.343175700000000106e+01 3.903841900000000169e+04 -1.936946599999999671e+04 -1.148260900000000038e+04 1.188849600000000100e+04 -1.413210200000000077e+04 -2.407693200000000070e+04 -1.137170100000000093e+04 -5.817971100000000284e+00 -3.755149099999999796e-01 1.177059900000000000e+07 9.968469799999998882e+06 1.801839999999999975e+01
       dtu_10mw_rwt_20.0_20852.dat 1.434298300000000026e+01 7.594829700000000905e-01 4.093142300000000091e+02 1.308629900000000035e+01 3.121156499999999869e+04 -1.117607999999999993e+04 -1.355370499999999993e+04 1.191050000000000000e+04 -1.419900400000000081e+04 -2.474150500000000102e+04 -1.222030500000000029e+04 -6.565437800000000657e+00 -4.681915700000000014e-01 1.171829800000000000e+07 9.960779900000000373e+06 1.791019899999999865e+01
       dtu_10mw_rwt_20.0_25497.dat 1.558299600000000140e+01 7.597959100000000188e-01 4.149239699999999971e+02 1.408506999999999998e+01 3.682280000000000291e+04 -1.414427399999999943e+04 -1.300093800000000010e+04 1.151789899999999943e+04 -1.425620200000000114e+04 -2.401840599999999904e+04 -1.164381299999999828e+04 -6.350800700000000631e+00 -4.379195599999999855e-01 1.174059700000000000e+07 9.963119900000000373e+06 1.832756900000000044e+01
       dtu_10mw_rwt_20.0_29025.dat 1.380888699999999858e+01 7.413379000000001051e-01 3.828587499999999864e+02 1.315348699999999837e+01 2.918338999999999942e+04 -1.640844099999999889e+04 -1.584811800000000039e+04 1.175629699999999866e+04 -1.453690699999999924e+04 -2.414430199999999968e+04 -1.230361000000000058e+04 -6.584503200000000334e+00 -4.726697100000000207e-01 1.165529900000000000e+07 9.959019900000000373e+06 1.815308999999999884e+01
       dtu_10mw_rwt_20.0_43745.dat 1.408128800000000069e+01 7.622039699999999529e-01 4.112927099999999996e+02 1.186689999999999934e+01 3.635676000000000204e+04 -6.614241299999999683e+03 -1.216034599999999773e+04 1.204858200000000033e+04 -1.417110099999999875e+04 -2.291790399999999863e+04 -1.157591400000000067e+04 -6.228070799999999352e+00 -4.261694100000000263e-01 1.175169900000000000e+07 9.966510000000000000e+06 1.805888900000000419e+01
       dtu_10mw_rwt_20.0_51504.dat 1.639789499999999833e+01 7.549449199999999083e-01 3.342971300000000383e+02 1.393199800000000010e+01 1.574749899999999980e+04 -2.103955700000000070e+04 -1.566117799999999988e+04 1.152157600000000093e+04 -1.436170300000000134e+04 -2.472213599999999860e+04 -1.300804000000000087e+04 -7.241901399999999711e+00 -5.540129900000000385e-01 1.162829800000000000e+07 9.953639900000000373e+06 1.841369999999999862e+01
       dtu_10mw_rwt_20.0_54726.dat 1.458778799999999976e+01 7.504189700000000185e-01 4.173418699999999717e+02 1.401739800000000002e+01 3.478587700000000041e+04 -8.577944300000001022e+03 -1.091992599999999948e+04 1.149399200000000019e+04 -1.432489999999999964e+04 -2.349540799999999945e+04 -1.231513899999999921e+04 -5.854000200000000653e+00 -3.660287999999999875e-01 1.161960000000000000e+07 9.963150000000000000e+06 1.813417800000000213e+01
       dtu_10mw_rwt_21.0_25181.dat 1.683478400000000264e+01 7.468638899999999747e-01 3.286680299999999875e+02 1.356368900000000011e+01 2.644498699999999735e+04 -1.364401600000000144e+04 -1.515150399999999900e+04 1.183559799999999996e+04 -1.447450200000000041e+04 -2.363174700000000303e+04 -1.248410300000000097e+04 -7.240419699999999459e+00 -5.646232099999999310e-01 1.161949900000000000e+07 9.954110000000000000e+06 1.839769500000000235e+01
        dtu_10mw_rwt_21.0_3963.dat 1.715369700000000108e+01 7.486309500000000172e-01 2.721469400000000292e+02 1.380066500000000218e+01 5.299806700000000092e+03 -1.606962099999999919e+04 -1.868070499999999811e+04 1.106129699999999866e+04 -1.447980500000000029e+04 -2.623972999999999956e+04 -1.346830799999999908e+04 -8.166129099999999141e+00 -6.563357999999999137e-01 1.158759700000000000e+07 9.939870000000000000e+06 1.827037199999999828e+01
       dtu_10mw_rwt_21.0_42162.dat 1.743069500000000005e+01 7.658739000000001074e-01 3.801409199999999942e+02 1.551189200000000135e+01 3.547790899999999965e+04 -2.831343200000000070e+04 -1.214611199999999917e+04 1.184250000000000000e+04 -1.414310000000000036e+04 -2.330077300000000105e+04 -1.185601800000000003e+04 -6.977300499999999239e+00 -5.311889300000000036e-01 1.163259800000000000e+07 9.961929699999999255e+06 1.873269400000000218e+01
        dtu_10mw_rwt_21.0_5160.dat 1.853829500000000152e+01 7.612168900000000349e-01 3.222422500000000127e+02 1.464247399999999999e+01 1.607087399999999980e+04 -3.033836299999999756e+04 -1.606962800000000061e+04 1.129168599999999969e+04 -1.430330499999999847e+04 -2.275733299999999872e+04 -1.355321299999999974e+04 -7.209909099999999960e+00 -5.480536699999999373e-01 1.163529900000000000e+07 9.948440000000000000e+06 1.830570000000000164e+01
       dtu_10mw_rwt_21.0_57341.dat 1.701749500000000026e+01 7.475899299999999581e-01 3.008218600000000151e+02 1.444989099999999915e+01 1.490941200000000026e+04 -1.424887800000000061e+04 -1.407561900000000060e+04 1.127119499999999971e+04 -1.445280699999999888e+04 -2.528856000000000131e+04 -1.353061800000000039e+04 -7.671413900000000119e+00 -6.027259400000000156e-01 1.158409900000000000e+07 9.949419900000000373e+06 1.864668100000000095e+01
       dtu_10mw_rwt_21.0_61500.dat 1.650968699999999956e+01 7.545869699999999680e-01 3.129309000000000083e+02 1.398238199999999942e+01 1.357527700000000186e+04 -2.881582200000000012e+04 -1.745541099999999642e+04 1.128338999999999942e+04 -1.435460599999999977e+04 -2.456770100000000093e+04 -1.341790300000000025e+04 -7.617877199999999682e+00 -5.904781900000000139e-01 1.154849900000000000e+07 9.948809899999998510e+06 1.836267099999999886e+01
       dtu_10mw_rwt_22.0_29503.dat 1.648579000000000150e+01 7.666619799999998541e-01 3.279116100000000529e+02 1.479629500000000064e+01 2.368041799999999785e+04 -1.513550599999999940e+04 -1.236630499999999847e+04 1.154300000000000000e+04 -1.419050199999999859e+04 -2.373531199999999808e+04 -1.287122600000000057e+04 -8.048606700000000558e+00 -6.540899399999999808e-01 1.161939900000000000e+07 9.953920000000000000e+06 1.898039399999999688e+01
       dtu_10mw_rwt_22.0_40013.dat 1.725138600000000011e+01 7.498638999999999166e-01 3.387336399999999799e+02 1.422569599999999923e+01 2.318622000000000116e+04 -1.826288599999999860e+04 -1.461424300000000039e+04 1.172989899999999943e+04 -1.442810200000000077e+04 -2.355841800000000148e+04 -1.218452800000000025e+04 -7.282800700000000127e+00 -5.530073500000000086e-01 1.159719500000000000e+07 9.955539900000000373e+06 1.888538700000000148e+01
       dtu_10mw_rwt_22.0_40231.dat 1.928949899999999928e+01 7.680239899999999897e-01 3.338427800000000616e+02 1.400288200000000138e+01 1.779778999999999724e+04 -2.124126099999999860e+04 -1.421748600000000079e+04 1.158379799999999886e+04 -1.418740200000000004e+04 -2.442520699999999852e+04 -1.312053000000000065e+04 -7.529723000000000610e+00 -5.806431200000000681e-01 1.167739700000000000e+07 9.951759899999998510e+06 1.911139600000000272e+01
       dtu_10mw_rwt_22.0_41304.dat 1.767809400000000153e+01 7.610119800000000323e-01 3.523028199999999970e+02 1.454479599999999984e+01 2.540839600000000064e+04 -1.656610599999999613e+04 -1.261010199999999895e+04 1.156779999999999927e+04 -1.426520600000000013e+04 -2.292941800000000148e+04 -1.210900700000000143e+04 -7.043984299999999976e+00 -5.318320499999998896e-01 1.166509900000000000e+07 9.957669900000000373e+06 1.881878899999999888e+01
       dtu_10mw_rwt_22.0_47014.dat 1.716959799999999703e+01 7.555509900000000334e-01 3.150564400000000091e+02 1.523818700000000170e+01 1.960966899999999805e+04 -2.769815299999999843e+04 -1.570411100000000079e+04 1.166819500000000153e+04 -1.437070100000000093e+04 -2.345662399999999616e+04 -1.336361200000000099e+04 -7.865500599999999842e+00 -6.288492799999999550e-01 1.167960000000000000e+07 9.949990000000000000e+06 1.891179400000000044e+01
       dtu_10mw_rwt_22.0_52742.dat 1.688109900000000252e+01 7.446449200000000435e-01 3.356139199999999505e+02 1.538698800000000055e+01 2.030259799999999814e+04 -1.685753299999999945e+04 -1.358831599999999889e+04 1.147419800000000032e+04 -1.448950100000000020e+04 -2.483763999999999942e+04 -1.336470399999999972e+04 -7.751760400000000217e+00 -6.202097899999999830e-01 1.159400000000000000e+07 9.955950000000000000e+06 1.900729499999999916e+01
       dtu_10mw_rwt_23.0_18883.dat 1.921759499999999932e+01 7.500860000000000305e-01 2.752330399999999599e+02 1.578668799999999983e+01 1.268849100000000180e+04 -2.155122100000000137e+04 -1.371396599999999853e+04 1.104899499999999898e+04 -1.446720300000000134e+04 -2.362922199999999793e+04 -1.350591100000000006e+04 -8.695269800000000160e+00 -7.134881299999999982e-01 1.150269800000000000e+07 9.947459899999998510e+06 1.909047599999999889e+01
       dtu_10mw_rwt_23.0_31026.dat 1.705819699999999983e+01 7.397029099999999913e-01 3.117618400000000065e+02 1.494999199999999817e+01 1.390433899999999994e+04 -2.167853100000000268e+04 -1.671680099999999948e+04 1.136779099999999926e+04 -1.450980199999999968e+04 -2.347301600000000326e+04 -1.285410699999999997e+04 -8.550051100000001014e+00 -7.048407700000000053e-01 1.156149500000000000e+07 9.947149900000000373e+06 1.882616900000000015e+01
       dtu_10mw_rwt_23.0_36127.dat 1.709967800000000082e+01 7.278526300000000004e-01 2.711279400000000237e+02 1.480909899999999979e+01 8.009297199999999975e+03 -1.276892399999999907e+04 -1.794611499999999796e+04 1.159679699999999866e+04 -1.480610300000000097e+04 -2.495607400000000052e+04 -1.337540099999999984e+04 -8.560131800000000624e+00 -6.997296600000000311e-01 1.157659800000000000e+07 9.948149900000000373e+06 1.883147599999999855e+01
       dtu_10mw_rwt_23.0_49683.dat 1.916449699999999723e+01 7.473189399999998761e-01 2.567798399999999788e+02 1.581977000000000011e+01 1.042878400000000147e+04 -2.776654300000000148e+04 -1.731245999999999913e+04 1.096339500000000044e+04 -1.449539999999999964e+04 -2.555722899999999936e+04 -1.355763400000000001e+04 -8.668436500000000322e+00 -7.054792600000000524e-01 1.158400000000000000e+07 9.947799800000000745e+06 1.909449700000000050e+01
       dtu_10mw_rwt_23.0_49834.dat 1.909659100000000009e+01 7.452279600000000226e-01 3.032618300000000318e+02 1.668059599999999776e+01 1.582630400000000009e+04 -2.195388999999999942e+04 -1.407881300000000010e+04 1.153089999999999964e+04 -1.455920200000000114e+04 -2.409760599999999977e+04 -1.305451699999999983e+04 -8.253157700000000929e+00 -6.829304900000000567e-01 1.162119800000000000e+07 9.949829900000000373e+06 1.903519800000000117e+01
       dtu_10mw_rwt_23.0_57680.dat 1.911236300000000199e+01 7.642349800000000082e-01 3.126147799999999961e+02 1.599719499999999961e+01 1.904354899999999907e+04 -1.895324499999999898e+04 -1.301351199999999881e+04 1.148659699999999975e+04 -1.421140200000000004e+04 -2.325100700000000143e+04 -1.279414500000000044e+04 -7.671020999999999646e+00 -6.072792999999999664e-01 1.166799400000000000e+07 9.952669400000000373e+06 1.913909299999999902e+01
       dtu_10mw_rwt_24.0_11244.dat 2.085938900000000018e+01 7.448009100000001492e-01 2.520074500000000057e+02 1.698399500000000373e+01 1.865849600000000282e+04 -1.558940899999999965e+04 -1.449246099999999933e+04 1.126429299999999785e+04 -1.457860400000000118e+04 -2.315130400000000009e+04 -1.334930299999999988e+04 -8.597243199999999419e+00 -7.096844199999999825e-01 1.148820000000000000e+07 9.945780000000000000e+06 1.948449499999999901e+01
       dtu_10mw_rwt_24.0_11250.dat 1.834489800000000059e+01 7.404969699999999211e-01 2.467397100000000023e+02 1.655947899999999962e+01 1.120118800000000192e+04 -2.927510100000000239e+04 -1.927604800000000250e+04 1.150009600000000137e+04 -1.467150000000000000e+04 -2.378421400000000358e+04 -1.332521400000000176e+04 -8.853611199999999570e+00 -7.281420399999999349e-01 1.149589900000000000e+07 9.938299900000000373e+06 1.889127699999999876e+01
         dtu_10mw_rwt_24.0_377.dat 1.992388700000000057e+01 7.495428299999999933e-01 2.432227900000000034e+02 1.717779000000000167e+01 1.787151299999999901e+04 -2.740200600000000122e+04 -1.727957900000000154e+04 1.158499699999999939e+04 -1.446870600000000013e+04 -2.311333099999999831e+04 -1.288012199999999939e+04 -9.149596000000000728e+00 -7.576426099999999941e-01 1.150390000000000000e+07 9.943779900000000373e+06 1.909107900000000058e+01
       dtu_10mw_rwt_24.0_44891.dat 2.067889699999999920e+01 7.367988899999999841e-01 2.355531599999999912e+02 1.562327299999999930e+01 9.168952600000000075e+02 -3.845707599999999366e+04 -2.313659700000000157e+04 1.055469800000000032e+04 -1.471590299999999843e+04 -2.527824599999999919e+04 -1.332354600000000028e+04 -9.677668999999999855e+00 -8.028411100000000244e-01 1.153309700000000000e+07 9.939839900000000373e+06 1.910726299999999966e+01
       dtu_10mw_rwt_24.0_50518.dat 1.965526300000000148e+01 7.580619799999999131e-01 2.923493000000000279e+02 1.695439700000000016e+01 1.625981499999999869e+04 -2.650451200000000244e+04 -1.348934699999999793e+04 1.137239699999999903e+04 -1.434570400000000154e+04 -2.138342499999999927e+04 -1.284171500000000015e+04 -8.365045300000000239e+00 -6.868515199999999377e-01 1.163449800000000000e+07 9.948880000000000000e+06 1.958216600000000085e+01
       dtu_10mw_rwt_24.0_60394.dat 1.945859600000000000e+01 7.420228199999999719e-01 2.596170500000000061e+02 1.623679500000000075e+01 1.305914400000000205e+04 -1.955640399999999863e+04 -1.541640399999999863e+04 1.085379000000000087e+04 -1.461990099999999802e+04 -2.535455099999999948e+04 -1.408612100000000100e+04 -9.282581800000000882e+00 -7.701949799999999735e-01 1.158189900000000000e+07 9.946330000000000000e+06 1.932639199999999846e+01
