Statistics: min. Generated: 10/11/2021 11:32:51. No. files: 120.
                              File                       4                      10                      13                      15                      17                      18                      20                      21                      25                      26                      27                      61                      64                      70                     100                     108
       dtu_10mw_rwt_05.0_21716.dat 0.000000000000000000e+00 2.696760000000000268e-01 1.455749999999999886e+02 1.389240000000000030e+00 -1.065170000000000073e+04 -1.876290000000000146e+04 -1.774809999999999854e+04 1.427250000000000000e+03 -4.788840000000000146e+03 -1.831690000000000146e+04 -1.232889999999999964e+04 -2.102860000000000174e+00 2.346840000000000037e-01 1.481490000000000000e+06 3.995560000000000000e+05 1.630310000000000059e+01
       dtu_10mw_rwt_05.0_40322.dat 0.000000000000000000e+00 2.957359999999999989e-01 1.952170000000000130e+02 1.668600000000000083e+00 -1.349289999999999964e+03 -7.533180000000000291e+03 -1.335889999999999964e+04 1.748890000000000100e+03 -3.788429999999999836e+03 -1.314110000000000036e+04 -1.202200000000000000e+04 -7.587990000000000013e-02 4.446709999999999829e-01 1.790650000000000000e+06 5.309300000000000000e+05 1.657550000000000168e+01
       dtu_10mw_rwt_05.0_43619.dat 0.000000000000000000e+00 3.158150000000000124e-01 2.052669999999999959e+02 2.102539999999999853e+00 1.648160000000000082e+03 -1.228610000000000036e+04 -1.661040000000000146e+04 1.842980000000000018e+03 -5.059220000000000255e+03 -1.986029999999999927e+04 -1.231350000000000000e+04 -1.716900000000000093e+00 2.453039999999999943e-01 2.035440000000000000e+06 6.433830000000000000e+05 1.558479999999999954e+01
       dtu_10mw_rwt_05.0_47165.dat 0.000000000000000000e+00 2.994069999999999787e-01 1.735759999999999934e+02 1.790370000000000017e+00 -5.075310000000000400e+03 -6.840310000000000400e+03 -1.466970000000000073e+04 1.739940000000000055e+03 -3.280079999999999927e+03 -1.346320000000000073e+04 -1.216520000000000073e+04 -2.988049999999999873e+00 6.556299999999999628e-02 1.830820000000000000e+06 5.490290000000000000e+05 1.666390000000000171e+01
       dtu_10mw_rwt_05.0_47952.dat 0.000000000000000000e+00 2.990439999999999765e-01 1.948580000000000041e+02 2.041659999999999808e+00 -2.307969999999999800e+03 -1.666159999999999854e+04 -1.364500000000000000e+04 1.773099999999999909e+03 -5.493630000000000109e+03 -1.962420000000000073e+04 -1.229279999999999927e+04 -9.031609999999999916e-01 3.544959999999999778e-01 1.828960000000000000e+06 5.478920000000000000e+05 1.603770000000000095e+01
       dtu_10mw_rwt_05.0_50292.dat 0.000000000000000000e+00 2.831620000000000248e-01 1.821380000000000052e+02 1.778419999999999890e+00 -3.293119999999999891e+03 -4.575520000000000437e+03 -1.408229999999999927e+04 1.668079999999999927e+03 -3.868340000000000146e+03 -1.430950000000000000e+04 -1.245189999999999964e+04 -1.199999999999999956e+00 2.958629999999999871e-01 1.640840000000000000e+06 4.652730000000000000e+05 1.628280000000000172e+01
       dtu_10mw_rwt_06.0_14324.dat 0.000000000000000000e+00 3.459360000000000213e-01 2.419019999999999868e+02 1.661939999999999973e+00 -3.145070000000000164e+03 -2.859300000000000000e+04 -1.501550000000000000e+04 2.299989999999999782e+03 -5.521050000000000182e+03 -1.886020000000000073e+04 -1.211060000000000036e+04 -1.073839999999999906e+00 3.189859999999999918e-01 2.445900000000000000e+06 8.478970000000000000e+05 1.568319999999999936e+01
       dtu_10mw_rwt_06.0_26862.dat 0.000000000000000000e+00 3.184049999999999936e-01 2.183160000000000025e+02 2.774189999999999934e+00 6.371560000000000400e+03 -1.736020000000000073e+04 -1.437379999999999927e+04 1.902319999999999936e+03 -5.934079999999999927e+03 -1.861850000000000000e+04 -1.206650000000000000e+04 -2.071890000000000120e-01 3.744460000000000011e-01 2.065250000000000000e+06 6.571740000000000000e+05 1.467099999999999937e+01
       dtu_10mw_rwt_06.0_47824.dat 0.000000000000000000e+00 2.824470000000000036e-01 1.384389999999999930e+02 1.908139999999999947e+00 -4.439949999999999818e+03 -1.334270000000000073e+04 -1.353060000000000036e+04 1.648250000000000000e+03 -4.951710000000000036e+03 -1.628029999999999927e+04 -1.254179999999999927e+04 -2.737350000000000172e+00 1.393020000000000092e-01 1.627220000000000000e+06 4.600400000000000000e+05 1.564840000000000053e+01
       dtu_10mw_rwt_06.0_51321.dat 0.000000000000000000e+00 3.642889999999999739e-01 2.770389999999999873e+02 2.257579999999999920e+00 -1.960380000000000109e+03 -3.257920000000000073e+04 -1.569420000000000073e+04 2.813420000000000073e+03 -6.516449999999999818e+03 -2.086550000000000000e+04 -1.253850000000000000e+04 -1.622160000000000046e+00 2.714019999999999766e-01 2.713640000000000000e+06 9.901090000000000000e+05 1.500259999999999927e+01
       dtu_10mw_rwt_06.0_52263.dat 0.000000000000000000e+00 3.849830000000000196e-01 3.228969999999999914e+02 2.270430000000000170e+00 1.252220000000000027e+03 -4.989550000000000000e+04 -1.450339999999999964e+04 3.132070000000000164e+03 -6.059479999999999563e+03 -1.867700000000000000e+04 -1.252839999999999964e+04 1.710450000000000026e+00 6.026110000000000078e-01 3.027560000000000000e+06 1.165600000000000000e+06 1.502040000000000042e+01
       dtu_10mw_rwt_06.0_55769.dat 0.000000000000000000e+00 3.525170000000000248e-01 2.411670000000000016e+02 2.666339999999999932e+00 -2.671009999999999854e+04 -5.620500000000000000e+04 -1.703679999999999927e+04 2.064599999999999909e+03 -6.164479999999999563e+03 -2.207609999999999854e+04 -1.268670000000000073e+04 3.000010000000000177e-01 4.988600000000000256e-01 2.539520000000000000e+06 8.961290000000000000e+05 1.491849999999999987e+01
        dtu_10mw_rwt_07.0_2336.dat 0.000000000000000000e+00 3.885000000000000120e-01 2.749019999999999868e+02 2.689299999999999802e+00 -5.006659999999999854e+04 -4.703019999999999709e+04 -2.177209999999999854e+04 2.276320000000000164e+03 -1.141110000000000036e+04 -3.644490000000000146e+04 -1.261610000000000036e+04 -1.720630000000000104e+00 3.034169999999999923e-01 3.109870000000000000e+06 1.215570000000000000e+06 1.228480000000000061e+01
       dtu_10mw_rwt_07.0_40743.dat 0.000000000000000000e+00 4.267360000000000042e-01 3.694540000000000077e+02 2.198469999999999924e+00 -1.780309999999999854e+04 -6.651439999999999418e+04 -1.519550000000000000e+04 3.381670000000000073e+03 -8.786639999999999418e+03 -2.690959999999999854e+04 -1.229910000000000036e+04 1.331369999999999942e+00 5.731810000000000516e-01 3.718350000000000000e+06 1.589880000000000000e+06 1.368110000000000070e+01
       dtu_10mw_rwt_07.0_45626.dat 0.000000000000000000e+00 3.995489999999999875e-01 3.620950000000000273e+02 2.429809999999999803e+00 -8.446819999999999709e+03 -4.421930000000000291e+04 -1.592029999999999927e+04 3.044289999999999964e+03 -7.738630000000000109e+03 -2.414679999999999927e+04 -1.217379999999999927e+04 2.661230000000000206e+00 7.327479999999999549e-01 3.256200000000000000e+06 1.303610000000000000e+06 1.399160000000000004e+01
       dtu_10mw_rwt_07.0_52870.dat 0.000000000000000000e+00 4.544070000000000054e-01 4.431019999999999754e+02 2.894680000000000142e+00 -3.961760000000000218e+03 -6.811410000000000582e+04 -1.791820000000000073e+04 3.008250000000000000e+03 -8.753579999999999927e+03 -2.966640000000000146e+04 -1.226939999999999964e+04 -1.674500000000000099e+00 2.220050000000000079e-01 4.152250000000000000e+06 1.877100000000000000e+06 1.399479999999999968e+01
       dtu_10mw_rwt_07.0_52899.dat 0.000000000000000000e+00 3.907289999999999930e-01 3.238589999999999804e+02 2.169459999999999944e+00 -2.363679999999999927e+04 -5.287859999999999854e+04 -1.401520000000000073e+04 2.750000000000000000e+03 -7.755579999999999927e+03 -2.414429999999999927e+04 -1.313239999999999964e+04 -2.814090000000000202e+00 6.613670000000000659e-02 3.089650000000000000e+06 1.205780000000000000e+06 1.414080000000000048e+01
        dtu_10mw_rwt_07.0_8564.dat 0.000000000000000000e+00 3.695970000000000089e-01 2.914850000000000136e+02 2.992830000000000101e+00 1.262440000000000055e+03 -7.887960000000000582e+04 -1.788600000000000000e+04 2.247719999999999800e+03 -8.921750000000000000e+03 -2.860620000000000073e+04 -1.265870000000000073e+04 6.032089999999999952e-01 5.096720000000000139e-01 2.796910000000000000e+06 1.039050000000000000e+06 1.403240000000000087e+01
       dtu_10mw_rwt_08.0_15536.dat 0.000000000000000000e+00 4.502650000000000263e-01 4.526809999999999832e+02 3.945669999999999789e+00 -1.170210000000000036e+04 -6.652110000000000582e+04 -1.705079999999999927e+04 3.625179999999999836e+03 -1.175710000000000036e+04 -3.744550000000000000e+04 -1.207679999999999927e+04 1.286280000000000090e+00 6.011440000000000117e-01 4.125780000000000000e+06 1.854970000000000000e+06 1.264470000000000027e+01
       dtu_10mw_rwt_08.0_22441.dat 0.000000000000000000e+00 4.808649999999999869e-01 5.183959999999999582e+02 3.549710000000000143e+00 -6.594560000000000582e+04 -4.863419999999999709e+04 -1.563800000000000000e+04 4.417079999999999927e+03 -1.080639999999999964e+04 -3.540130000000000291e+04 -1.233200000000000000e+04 2.000370000000000203e+00 6.635349999999999859e-01 4.709360000000000000e+06 2.267000000000000000e+06 1.206980000000000075e+01
       dtu_10mw_rwt_08.0_32293.dat 0.000000000000000000e+00 4.256360000000000143e-01 4.012959999999999923e+02 1.996129999999999960e+00 -2.056629999999999927e+04 -6.160680000000000291e+04 -1.596250000000000000e+04 3.165659999999999854e+03 -1.047110000000000036e+04 -2.958709999999999854e+04 -1.295279999999999927e+04 -7.972360000000000557e-02 3.966689999999999938e-01 3.687430000000000000e+06 1.570320000000000000e+06 1.306780000000000008e+01
       dtu_10mw_rwt_08.0_41120.dat 0.000000000000000000e+00 4.752549999999999830e-01 4.859889999999999759e+02 4.050930000000000142e+00 -6.665710000000000036e+03 -5.430650000000000000e+04 -1.482100000000000000e+04 3.879130000000000109e+03 -1.177350000000000000e+04 -3.371380000000000291e+04 -1.212400000000000000e+04 8.652039999999999731e-01 5.531019999999999825e-01 4.581820000000000000e+06 2.176870000000000000e+06 1.272630000000000017e+01
       dtu_10mw_rwt_08.0_46290.dat 0.000000000000000000e+00 4.375220000000000220e-01 4.177909999999999968e+02 3.636820000000000164e+00 -6.712640000000000327e+03 -5.898290000000000146e+04 -1.703759999999999854e+04 3.280550000000000182e+03 -9.975170000000000073e+03 -3.082570000000000073e+04 -1.357889999999999964e+04 -2.641310000000000047e-01 4.374129999999999963e-01 3.870200000000000000e+06 1.688750000000000000e+06 1.216539999999999999e+01
       dtu_10mw_rwt_08.0_60415.dat 0.000000000000000000e+00 4.744889999999999941e-01 4.919879999999999995e+02 4.172850000000000392e+00 -2.426470000000000073e+04 -6.886619999999999709e+04 -1.257779999999999927e+04 4.086329999999999927e+03 -1.011210000000000036e+04 -2.916320000000000073e+04 -1.176520000000000073e+04 1.606020000000000003e+00 6.173579999999999623e-01 4.598440000000000000e+06 2.184210000000000000e+06 1.232269999999999932e+01
       dtu_10mw_rwt_09.0_26343.dat -1.561049999999999938e-02 5.046800000000000175e-01 5.511879999999999882e+02 5.107160000000000366e+00 9.331649999999999636e+03 -2.946909999999999854e+04 -1.547820000000000073e+04 5.340640000000000327e+03 -1.352079999999999927e+04 -4.007369999999999709e+04 -1.214989999999999964e+04 1.927450000000000108e+00 6.854369999999999630e-01 5.187280000000000000e+06 2.617370000000000000e+06 1.077299999999999969e+01
       dtu_10mw_rwt_09.0_34715.dat 0.000000000000000000e+00 5.458889999999999576e-01 6.815890000000000555e+02 3.677449999999999886e+00 3.112090000000000146e+04 -3.619130000000000291e+04 -1.437789999999999964e+04 5.953949999999999818e+03 -1.177900000000000000e+04 -3.674030000000000291e+04 -1.252560000000000036e+04 1.011100000000000110e+00 5.626489999999999547e-01 6.043410000000000000e+06 3.294850000000000000e+06 1.216060000000000052e+01
        dtu_10mw_rwt_09.0_5751.dat -1.638589999999999838e-02 5.058540000000000258e-01 6.028160000000000309e+02 4.739690000000000403e+00 2.100320000000000073e+04 -5.305280000000000291e+04 -1.747750000000000000e+04 5.136189999999999600e+03 -1.333670000000000073e+04 -4.225980000000000291e+04 -1.283550000000000000e+04 2.193999999999999950e+00 7.019140000000000379e-01 5.201690000000000000e+06 2.631880000000000000e+06 1.001420000000000066e+01
       dtu_10mw_rwt_09.0_59920.dat -7.494680000000000092e-03 5.503770000000000051e-01 7.256609999999999445e+02 5.434859999999999580e+00 3.652209999999999854e+04 -2.726079999999999927e+04 -1.423600000000000000e+04 6.027279999999999745e+03 -1.355529999999999927e+04 -4.348840000000000146e+04 -1.153010000000000036e+04 1.669669999999999987e+00 6.144680000000000142e-01 6.214570000000000000e+06 3.429980000000000000e+06 1.112880000000000003e+01
        dtu_10mw_rwt_09.0_8821.dat -6.344810000000000207e-03 5.002039999999999820e-01 5.852549999999999955e+02 4.278699999999999726e+00 -2.152609999999999854e+04 -3.082070000000000073e+04 -1.466629999999999927e+04 4.641390000000000327e+03 -1.188279999999999927e+04 -3.834990000000000146e+04 -1.340550000000000000e+04 -1.451870000000000105e-01 3.608950000000000213e-01 5.127600000000000000e+06 2.570560000000000000e+06 1.171659999999999968e+01
        dtu_10mw_rwt_09.0_9468.dat 0.000000000000000000e+00 5.039090000000000513e-01 5.840869999999999891e+02 4.899980000000000224e+00 1.850770000000000073e+04 -1.511339999999999964e+04 -1.419389999999999964e+04 5.205029999999999745e+03 -1.182529999999999927e+04 -4.184300000000000000e+04 -1.243729999999999927e+04 6.600909999999999833e-01 5.052130000000000232e-01 5.146970000000000000e+06 2.591340000000000000e+06 1.140099999999999980e+01
       dtu_10mw_rwt_10.0_13708.dat -2.098900000000000071e-02 6.413499999999999757e-01 9.368339999999999463e+02 5.493570000000000064e+00 5.247240000000000146e+04 -8.879770000000000437e+03 -2.023350000000000000e+04 8.201729999999999563e+03 -1.397579999999999927e+04 -4.360330000000000291e+04 -1.279810000000000036e+04 -1.426729999999999943e-01 3.631969999999999921e-01 8.414880000000000000e+06 5.408550000000000000e+06 1.046330000000000027e+01
        dtu_10mw_rwt_10.0_2246.dat -1.532539999999999944e-02 5.784040000000000292e-01 7.418630000000000564e+02 4.909279999999999866e+00 4.398330000000000291e+04 -2.310800000000000000e+04 -1.693590000000000146e+04 6.839380000000000109e+03 -1.384300000000000000e+04 -4.057940000000000146e+04 -1.233779999999999927e+04 -7.222709999999999964e-01 3.284199999999999897e-01 6.798530000000000000e+06 3.926100000000000000e+06 1.152989999999999959e+01
       dtu_10mw_rwt_10.0_25797.dat -2.101719999999999977e-02 5.610690000000000399e-01 7.322319999999999709e+02 3.824149999999999938e+00 2.839479999999999927e+04 -3.051959999999999854e+04 -1.887409999999999854e+04 6.587470000000000255e+03 -1.375229999999999927e+04 -4.367159999999999854e+04 -1.277939999999999964e+04 -6.625529999999999475e-01 4.432920000000000194e-01 6.470690000000000000e+06 3.644710000000000000e+06 9.183999999999999275e+00
       dtu_10mw_rwt_10.0_25824.dat -2.357570000000000152e-02 5.808290000000000397e-01 7.661770000000000209e+02 5.103769999999999918e+00 3.757119999999999709e+04 -2.739390000000000146e+04 -1.430300000000000000e+04 6.719149999999999636e+03 -1.362979999999999927e+04 -3.866559999999999854e+04 -1.296689999999999964e+04 -1.515090000000000048e+00 2.110190000000000121e-01 6.899910000000000000e+06 4.019040000000000000e+06 1.114659999999999940e+01
       dtu_10mw_rwt_10.0_53407.dat -2.344709999999999850e-02 5.581009999999999582e-01 7.277100000000000364e+02 4.910479999999999734e+00 1.269579999999999927e+04 -1.372429999999999927e+04 -1.650590000000000146e+04 6.683649999999999636e+03 -1.383010000000000036e+04 -4.271919999999999709e+04 -1.346010000000000036e+04 -2.522550000000000070e-01 3.536940000000000084e-01 6.370910000000000000e+06 3.559100000000000000e+06 1.005209999999999937e+01
        dtu_10mw_rwt_10.0_7055.dat -3.899590000000000001e-02 5.625310000000000032e-01 6.897839999999999918e+02 4.853139999999999787e+00 1.265579999999999927e+04 -4.791390000000000146e+04 -2.405779999999999927e+04 6.051289999999999964e+03 -1.385289999999999964e+04 -4.360209999999999854e+04 -1.362650000000000000e+04 -2.093399999999999928e+00 2.067859999999999976e-01 6.428420000000000000e+06 3.616670000000000000e+06 9.806240000000000734e+00
        dtu_10mw_rwt_11.0_1633.dat -3.080899999999999958e-02 6.284520000000000106e-01 8.338859999999999673e+02 4.791380000000000194e+00 5.336440000000000146e+04 -2.295040000000000146e+04 -2.189890000000000146e+04 7.975829999999999927e+03 -1.408050000000000000e+04 -4.462519999999999709e+04 -1.332950000000000000e+04 -1.753449999999999953e+00 2.202310000000000101e-01 8.086000000000000000e+06 5.100060000000000000e+06 8.747500000000000497e+00
       dtu_10mw_rwt_11.0_25765.dat -2.258599999999999844e-02 6.465260000000000451e-01 8.392240000000000464e+02 5.669469999999999565e+00 7.588360000000000582e+04 -1.584250000000000000e+04 -1.496420000000000073e+04 8.804459999999999127e+03 -1.390900000000000000e+04 -4.352169999999999709e+04 -1.193989999999999964e+04 -1.469479999999999897e+00 2.047219999999999873e-01 8.537560000000000000e+06 5.522080000000000000e+06 9.821799999999999642e+00
       dtu_10mw_rwt_11.0_37345.dat -2.528290000000000051e-02 6.562590000000000368e-01 7.601180000000000518e+02 5.945199999999999818e+00 7.076150000000000000e+04 -6.366560000000000400e+03 -1.828009999999999854e+04 8.968000000000000000e+03 -1.423300000000000000e+04 -4.626640000000000146e+04 -1.316810000000000036e+04 -1.956990000000000007e+00 1.438669999999999949e-01 8.856570000000000000e+06 5.836870000000000000e+06 1.141300000000000026e+01
       dtu_10mw_rwt_11.0_41193.dat -1.854669999999999930e-02 6.357610000000000205e-01 8.479379999999999882e+02 5.698629999999999640e+00 6.395819999999999709e+04 -9.645489999999999782e+03 -1.653150000000000000e+04 8.630729999999999563e+03 -1.406410000000000036e+04 -4.008630000000000291e+04 -1.218879999999999927e+04 -8.491480000000000139e-01 2.837759999999999727e-01 8.308740000000000000e+06 5.307420000000000000e+06 1.078420000000000023e+01
       dtu_10mw_rwt_11.0_43724.dat -1.142319999999999967e-02 6.583740000000000148e-01 8.426660000000000537e+02 5.528349999999999653e+00 8.472230000000000291e+04 -5.678119999999999891e+03 -1.488060000000000036e+04 9.185149999999999636e+03 -1.387620000000000073e+04 -4.067619999999999709e+04 -1.153020000000000073e+04 -4.256800000000000028e-01 3.300549999999999873e-01 8.898610000000000000e+06 5.864490000000000000e+06 1.048329999999999984e+01
       dtu_10mw_rwt_11.0_59287.dat -3.702420000000000017e-02 6.268869999999999720e-01 8.979400000000000546e+02 5.569799999999999862e+00 6.818900000000000000e+04 -1.072410000000000036e+04 -1.733540000000000146e+04 7.389729999999999563e+03 -1.407170000000000073e+04 -4.378409999999999854e+04 -1.253170000000000073e+04 -4.602749999999999897e-01 3.593310000000000115e-01 8.087540000000000000e+06 5.090930000000000000e+06 9.261919999999999931e+00
       dtu_10mw_rwt_12.0_23697.dat -2.275939999999999908e-02 7.183359999999999745e-01 7.983600000000000136e+02 6.714540000000000397e+00 7.250760000000000582e+04 -1.380879999999999927e+04 -1.842159999999999854e+04 1.082489999999999964e+04 -1.394050000000000000e+04 -4.136469999999999709e+04 -1.193779999999999927e+04 -2.213519999999999932e+00 1.167480000000000046e-01 1.054560000000000000e+07 7.574320000000000000e+06 1.089300000000000068e+01
       dtu_10mw_rwt_12.0_28003.dat -2.475990000000000135e-02 7.662569999999999659e-01 6.760000000000000000e+02 6.656450000000000422e+00 4.882480000000000291e+04 -7.512569999999999709e+03 -1.995690000000000146e+04 1.000029999999999927e+04 -1.420639999999999964e+04 -4.329240000000000146e+04 -1.298129999999999927e+04 -3.664989999999999970e+00 -8.782309999999999769e-03 1.086170000000000000e+07 8.422010000000000000e+06 9.480869999999999465e+00
       dtu_10mw_rwt_12.0_29989.dat -1.717950000000000033e-02 7.104359999999999564e-01 7.608310000000000173e+02 6.637660000000000338e+00 6.819260000000000582e+04 -1.085010000000000036e+04 -1.600720000000000073e+04 1.048989999999999964e+04 -1.408010000000000036e+04 -4.289400000000000000e+04 -1.188639999999999964e+04 -1.919100000000000028e+00 1.140649999999999997e-01 1.034010000000000000e+07 7.361750000000000000e+06 9.861230000000000828e+00
       dtu_10mw_rwt_12.0_40278.dat -2.710579999999999934e-02 7.440499999999999892e-01 7.367000000000000455e+02 7.030999999999999694e+00 6.524480000000000291e+04 -1.675500000000000000e+04 -1.778359999999999854e+04 1.067139999999999964e+04 -1.413170000000000073e+04 -4.280480000000000291e+04 -1.277489999999999964e+04 -2.415459999999999940e+00 1.250829999999999997e-01 1.086170000000000000e+07 8.075770000000000000e+06 1.118050000000000033e+01
       dtu_10mw_rwt_12.0_56645.dat -2.743270000000000083e-02 7.427030000000000021e-01 6.497870000000000346e+02 5.180699999999999861e+00 6.442350000000000000e+04 -1.164579999999999927e+04 -1.435860000000000036e+04 1.134750000000000000e+04 -1.404520000000000073e+04 -4.407650000000000000e+04 -1.302739999999999964e+04 -1.889389999999999903e+00 1.339559999999999917e-01 1.086170000000000000e+07 8.065500000000000000e+06 1.173770000000000024e+01
        dtu_10mw_rwt_12.0_6007.dat -1.713980000000000017e-02 6.616570000000000507e-01 6.667210000000000036e+02 5.203969999999999985e+00 5.784659999999999854e+04 -1.272039999999999964e+04 -1.528460000000000036e+04 9.501440000000000509e+03 -1.437010000000000036e+04 -4.158280000000000291e+04 -1.196670000000000073e+04 -2.428150000000000031e+00 7.332189999999999541e-02 8.960520000000000000e+06 5.933870000000000000e+06 1.094030000000000058e+01
       dtu_10mw_rwt_13.0_24246.dat -2.321250000000000049e-02 7.718159999999999465e-01 5.381000000000000227e+02 6.524849999999999817e+00 4.372140000000000146e+04 -1.608439999999999964e+04 -1.838779999999999927e+04 1.076710000000000036e+04 -1.412420000000000073e+04 -4.226280000000000291e+04 -1.295610000000000036e+04 -4.767420000000000435e+00 -1.647440000000000015e-01 1.086170000000000000e+07 8.377440000000000000e+06 1.184839999999999982e+01
        dtu_10mw_rwt_13.0_3219.dat 4.887550000000000061e+00 7.643809999999999771e-01 6.064199999999999591e+02 6.393699999999999939e+00 5.596390000000000146e+04 -2.491400000000000000e+04 -1.702690000000000146e+04 1.163879999999999927e+04 -1.422170000000000073e+04 -3.429190000000000146e+04 -1.271450000000000000e+04 -3.994359999999999911e+00 -8.817540000000000100e-02 1.183420000000000000e+07 9.963540000000000000e+06 1.280610000000000070e+01
       dtu_10mw_rwt_13.0_59662.dat 6.905360000000000387e-01 7.578319999999999501e-01 4.935810000000000173e+02 5.819549999999999557e+00 4.207519999999999709e+04 -5.490400000000000000e+04 -2.182159999999999854e+04 1.018700000000000000e+04 -1.431370000000000073e+04 -3.873759999999999854e+04 -1.305910000000000036e+04 -5.131910000000000416e+00 -2.127600000000000047e-01 1.166200000000000000e+07 9.953880000000000000e+06 1.195529999999999937e+01
       dtu_10mw_rwt_13.0_63909.dat -1.383389999999999967e-02 7.583480000000000221e-01 6.128719999999999573e+02 5.986220000000000319e+00 3.832990000000000146e+04 -6.382600000000000364e+03 -2.103850000000000000e+04 1.086860000000000036e+04 -1.429120000000000073e+04 -4.250980000000000291e+04 -1.258720000000000073e+04 -4.054870000000000196e+00 -1.123579999999999995e-01 1.168780000000000000e+07 9.193550000000000000e+06 1.089889999999999937e+01
       dtu_10mw_rwt_13.0_64836.dat -1.485610000000000055e-02 7.782229999999999981e-01 6.162649999999999864e+02 7.434660000000000046e+00 6.231800000000000000e+04 -3.052479999999999927e+04 -1.421589999999999964e+04 1.120660000000000036e+04 -1.399020000000000073e+04 -3.936569999999999709e+04 -1.214170000000000073e+04 -2.845730000000000093e+00 5.345189999999999664e-02 1.176220000000000000e+07 9.235570000000000000e+06 1.045960000000000001e+01
        dtu_10mw_rwt_13.0_6610.dat 4.223209999999999908e+00 7.738150000000000306e-01 6.078759999999999764e+02 6.750539999999999985e+00 4.661419999999999709e+04 -2.461509999999999854e+04 -2.484420000000000073e+04 1.063600000000000000e+04 -1.404000000000000000e+04 -3.788180000000000291e+04 -1.341160000000000036e+04 -4.781130000000000102e+00 -1.945260000000000045e-01 1.180120000000000000e+07 9.963090000000000000e+06 1.290160000000000018e+01
       dtu_10mw_rwt_14.0_17103.dat -1.979940000000000172e-02 7.679040000000000310e-01 3.968039999999999736e+02 8.050629999999999953e+00 3.804119999999999709e+04 -1.257089999999999964e+04 -1.792450000000000000e+04 1.085670000000000073e+04 -1.428560000000000036e+04 -4.588759999999999854e+04 -1.366010000000000036e+04 -6.368859999999999744e+00 -3.582190000000000096e-01 1.086170000000000000e+07 8.350580000000000000e+06 1.089799999999999969e+01
       dtu_10mw_rwt_14.0_33723.dat 3.065199999999999925e+00 7.812099999999999600e-01 6.491369999999999436e+02 6.911209999999999631e+00 5.682530000000000291e+04 -1.457870000000000073e+04 -1.502629999999999927e+04 1.187170000000000073e+04 -1.395579999999999927e+04 -3.626969999999999709e+04 -1.211739999999999964e+04 -4.089319999999999844e+00 -1.291400000000000048e-01 1.184920000000000000e+07 9.963750000000000000e+06 1.282380000000000031e+01
       dtu_10mw_rwt_14.0_34311.dat 5.082589999999999719e+00 7.635530000000000372e-01 5.681100000000000136e+02 7.211769999999999570e+00 5.178350000000000000e+04 -1.165439999999999964e+04 -1.700759999999999854e+04 1.094079999999999927e+04 -1.435639999999999964e+04 -3.547900000000000000e+04 -1.365979999999999927e+04 -4.345679999999999765e+00 -1.387809999999999877e-01 1.181030000000000000e+07 9.961190000000000000e+06 1.314990000000000059e+01
       dtu_10mw_rwt_14.0_46217.dat 4.590670000000000250e+00 7.721959999999999935e-01 6.424139999999999873e+02 8.192890000000000228e+00 5.778300000000000000e+04 -5.568020000000000437e+03 -1.470160000000000036e+04 1.196129999999999927e+04 -1.402770000000000073e+04 -3.900319999999999709e+04 -1.225210000000000036e+04 -3.655050000000000132e+00 -8.589829999999999688e-02 1.175300000000000000e+07 9.965280000000000000e+06 1.267939999999999934e+01
        dtu_10mw_rwt_14.0_7720.dat 5.238380000000000258e+00 7.716790000000000038e-01 4.831659999999999968e+02 8.268539999999999779e+00 5.096090000000000146e+04 -1.124310000000000036e+04 -1.966850000000000000e+04 1.145450000000000000e+04 -1.423460000000000036e+04 -3.736590000000000146e+04 -1.303360000000000036e+04 -6.373310000000000031e+00 -4.104369999999999963e-01 1.177210000000000000e+07 9.946920000000000000e+06 1.343009999999999948e+01
        dtu_10mw_rwt_14.0_8754.dat 3.444199999999999928e+00 7.631630000000000358e-01 4.876320000000000050e+02 7.801549999999999763e+00 2.876170000000000073e+04 -2.478259999999999854e+04 -1.748209999999999854e+04 1.152700000000000000e+04 -1.426229999999999927e+04 -3.466769999999999709e+04 -1.355810000000000036e+04 -4.944819999999999993e+00 -2.473090000000000011e-01 1.173240000000000000e+07 9.965050000000000000e+06 1.183980000000000032e+01
       dtu_10mw_rwt_15.0_10279.dat 9.152240000000000819e+00 7.522929999999999895e-01 4.168369999999999891e+02 7.695199999999999818e+00 3.355859999999999854e+04 -1.714059999999999854e+04 -1.716329999999999927e+04 1.053189999999999964e+04 -1.463689999999999964e+04 -3.282140000000000146e+04 -1.298089999999999964e+04 -5.959900000000000198e+00 -3.676349999999999896e-01 1.172610000000000000e+07 9.954460000000000000e+06 1.455969999999999942e+01
       dtu_10mw_rwt_15.0_22297.dat 7.222850000000000215e+00 7.539700000000000291e-01 4.433890000000000100e+02 7.938039999999999985e+00 2.807070000000000073e+04 -2.154000000000000000e+04 -2.315140000000000146e+04 1.074839999999999964e+04 -1.452450000000000000e+04 -3.542409999999999854e+04 -1.403389999999999964e+04 -7.754520000000000302e+00 -5.613620000000000276e-01 1.163070000000000000e+07 9.949340000000000000e+06 1.184810000000000052e+01
       dtu_10mw_rwt_15.0_25148.dat 5.613870000000000360e+00 7.724029999999999507e-01 4.838290000000000077e+02 7.401370000000000005e+00 4.112440000000000146e+04 -1.831659999999999854e+04 -1.998390000000000146e+04 1.169689999999999964e+04 -1.416120000000000073e+04 -3.273120000000000073e+04 -1.240670000000000073e+04 -4.663170000000000037e+00 -1.908469999999999889e-01 1.167210000000000000e+07 9.957820000000000000e+06 1.433689999999999998e+01
       dtu_10mw_rwt_15.0_33167.dat 9.015449999999999520e+00 7.455340000000000300e-01 4.997259999999999991e+02 8.800359999999999516e+00 2.074579999999999927e+04 -2.184729999999999927e+04 -2.310070000000000073e+04 1.068289999999999964e+04 -1.460570000000000073e+04 -3.459259999999999854e+04 -1.391970000000000073e+04 -5.898530000000000051e+00 -3.547719999999999763e-01 1.149060000000000000e+07 9.953150000000000000e+06 1.440590000000000082e+01
       dtu_10mw_rwt_15.0_41424.dat 6.804540000000000255e+00 7.702679999999999527e-01 4.405230000000000246e+02 8.373039999999999594e+00 3.059009999999999854e+04 -2.535770000000000073e+04 -2.855700000000000000e+04 1.087370000000000073e+04 -1.440200000000000000e+04 -3.518619999999999709e+04 -1.341960000000000036e+04 -6.540239999999999831e+00 -3.898469999999999991e-01 1.158070000000000000e+07 9.952350000000000000e+06 1.326050000000000040e+01
       dtu_10mw_rwt_15.0_57600.dat 5.969879999999999853e+00 7.669939999999999536e-01 4.701820000000000164e+02 7.118269999999999875e+00 3.606469999999999709e+04 -2.716670000000000073e+04 -2.126870000000000073e+04 1.152589999999999964e+04 -1.414900000000000000e+04 -3.348169999999999709e+04 -1.343810000000000036e+04 -5.468440000000000190e+00 -3.080010000000000248e-01 1.171840000000000000e+07 9.958850000000000000e+06 1.440169999999999995e+01
       dtu_10mw_rwt_16.0_19655.dat 1.001099999999999923e+01 7.478709999999999525e-01 4.223600000000000136e+02 8.701589999999999492e+00 3.828809999999999854e+04 -1.498939999999999964e+04 -2.212470000000000073e+04 1.117329999999999927e+04 -1.455800000000000000e+04 -2.908879999999999927e+04 -1.444079999999999927e+04 -4.880069999999999908e+00 -2.179270000000000096e-01 1.171730000000000000e+07 9.940390000000000000e+06 1.450980000000000025e+01
       dtu_10mw_rwt_16.0_45772.dat 1.041569999999999929e+01 7.479510000000000325e-01 2.650269999999999868e+02 9.576750000000000540e+00 1.044489999999999964e+04 -2.691529999999999927e+04 -1.861990000000000146e+04 1.069300000000000000e+04 -1.459520000000000073e+04 -3.209220000000000073e+04 -1.456979999999999927e+04 -6.191519999999999690e+00 -3.805720000000000214e-01 1.150840000000000000e+07 9.940770000000000000e+06 1.479669999999999952e+01
       dtu_10mw_rwt_16.0_55975.dat 7.055170000000000385e+00 7.474340000000000428e-01 3.883709999999999809e+02 9.400529999999999831e+00 2.623620000000000073e+04 -1.966670000000000073e+04 -2.396040000000000146e+04 1.065450000000000000e+04 -1.472529999999999927e+04 -3.355559999999999854e+04 -1.397679999999999927e+04 -7.177539999999999587e+00 -5.047359999999999625e-01 1.168590000000000000e+07 9.942910000000000000e+06 1.373049999999999926e+01
        dtu_10mw_rwt_16.0_5616.dat 9.757770000000000721e+00 7.743980000000000308e-01 4.922470000000000141e+02 9.054589999999999250e+00 4.026969999999999709e+04 -1.304079999999999927e+04 -1.937690000000000146e+04 1.093229999999999927e+04 -1.413250000000000000e+04 -3.038129999999999927e+04 -1.511539999999999964e+04 -7.203949999999999854e+00 -4.668749999999999845e-01 1.167080000000000000e+07 9.957650000000000000e+06 1.516520000000000046e+01
       dtu_10mw_rwt_16.0_56353.dat 9.303800000000000736e+00 7.483870000000000244e-01 4.141499999999999773e+02 9.961299999999999599e+00 2.460320000000000073e+04 -1.455460000000000036e+04 -1.875759999999999854e+04 1.140579999999999927e+04 -1.453679999999999927e+04 -2.950740000000000146e+04 -1.397170000000000073e+04 -6.649040000000000283e+00 -4.722259999999999791e-01 1.167040000000000000e+07 9.948820000000000000e+06 1.339480000000000004e+01
        dtu_10mw_rwt_16.0_7031.dat 9.785349999999999326e+00 7.725030000000000507e-01 4.611909999999999741e+02 9.592959999999999710e+00 3.963430000000000291e+04 -1.401339999999999964e+04 -1.593239999999999964e+04 1.102850000000000000e+04 -1.417160000000000036e+04 -3.208120000000000073e+04 -1.303439999999999964e+04 -6.232840000000000380e+00 -4.299270000000000036e-01 1.178780000000000000e+07 9.957660000000000000e+06 1.520969999999999978e+01
       dtu_10mw_rwt_17.0_20390.dat 9.004310000000000258e+00 7.540489999999999693e-01 3.569879999999999995e+02 7.269169999999999909e+00 1.490770000000000073e+04 -3.736950000000000000e+04 -2.238120000000000073e+04 1.061889999999999964e+04 -1.448660000000000036e+04 -3.105529999999999927e+04 -1.541570000000000073e+04 -7.636260000000000048e+00 -5.402959999999999985e-01 1.152070000000000000e+07 9.937850000000000000e+06 1.405569999999999986e+01
       dtu_10mw_rwt_17.0_37683.dat 9.418480000000000629e+00 7.605480000000000018e-01 3.588050000000000068e+02 1.037650000000000006e+01 3.156650000000000000e+04 -2.043890000000000146e+04 -1.871220000000000073e+04 1.144110000000000036e+04 -1.444589999999999964e+04 -3.137459999999999854e+04 -1.483729999999999927e+04 -7.247860000000000191e+00 -5.048460000000000170e-01 1.166890000000000000e+07 9.950190000000000000e+06 1.503989999999999938e+01
       dtu_10mw_rwt_17.0_45521.dat 1.196720000000000006e+01 7.410719999999999530e-01 3.016770000000000209e+02 9.924939999999999429e+00 2.040820000000000073e+04 -2.301320000000000073e+04 -2.529750000000000000e+04 1.087400000000000000e+04 -1.481760000000000036e+04 -2.981500000000000000e+04 -1.432650000000000000e+04 -8.862280000000000157e+00 -7.145740000000000425e-01 1.158150000000000000e+07 9.936540000000000000e+06 1.533639999999999937e+01
       dtu_10mw_rwt_17.0_49865.dat 1.053110000000000035e+01 7.610879999999999868e-01 4.174920000000000186e+02 9.898450000000000415e+00 2.142440000000000146e+04 -1.179879999999999927e+04 -1.760559999999999854e+04 1.182879999999999927e+04 -1.453500000000000000e+04 -3.111450000000000000e+04 -1.425739999999999964e+04 -8.108109999999999928e+00 -6.283180000000000431e-01 1.157800000000000000e+07 9.947440000000000000e+06 1.508440000000000047e+01
       dtu_10mw_rwt_17.0_60465.dat 9.460710000000000619e+00 7.657019999999999937e-01 4.576340000000000146e+02 1.093369999999999997e+01 4.285450000000000000e+04 -1.395429999999999927e+04 -1.703120000000000073e+04 1.123400000000000000e+04 -1.422139999999999964e+04 -2.963400000000000000e+04 -1.297610000000000036e+04 -5.441910000000000025e+00 -2.787290000000000045e-01 1.169390000000000000e+07 9.959860000000000000e+06 1.599039999999999928e+01
        dtu_10mw_rwt_17.0_7334.dat 8.708159999999999457e+00 7.587310000000000443e-01 3.997389999999999759e+02 9.339430000000000121e+00 1.776140000000000146e+04 -2.202350000000000000e+04 -2.724359999999999854e+04 1.100689999999999964e+04 -1.448289999999999964e+04 -3.052529999999999927e+04 -1.431239999999999964e+04 -6.298980000000000246e+00 -3.674689999999999901e-01 1.150060000000000000e+07 9.938880000000000000e+06 1.370739999999999981e+01
       dtu_10mw_rwt_18.0_25103.dat 1.364879999999999960e+01 7.468770000000000131e-01 2.713079999999999927e+02 1.006709999999999994e+01 8.832629999999999200e+03 -2.202320000000000073e+04 -1.914009999999999854e+04 1.086700000000000000e+04 -1.477489999999999964e+04 -3.144209999999999854e+04 -1.449510000000000036e+04 -7.124240000000000350e+00 -5.302569999999999784e-01 1.138880000000000000e+07 9.931290000000000000e+06 1.573470000000000013e+01
       dtu_10mw_rwt_18.0_27317.dat 1.083079999999999998e+01 7.438310000000000199e-01 3.479689999999999941e+02 9.113609999999999545e+00 1.515239999999999964e+04 -2.316559999999999854e+04 -2.036809999999999854e+04 1.093970000000000073e+04 -1.472710000000000036e+04 -3.008779999999999927e+04 -1.626929999999999927e+04 -7.937960000000000349e+00 -5.551629999999999621e-01 1.146360000000000000e+07 9.935100000000000000e+06 1.523820000000000086e+01
       dtu_10mw_rwt_18.0_28016.dat 7.441329999999999778e+00 7.418489999999999807e-01 3.929089999999999918e+02 1.014869999999999983e+01 3.134409999999999854e+04 -2.300809999999999854e+04 -1.562960000000000036e+04 1.139489999999999964e+04 -1.462120000000000073e+04 -2.888629999999999927e+04 -1.287120000000000073e+04 -6.977560000000000429e+00 -5.156319999999999792e-01 1.159600000000000000e+07 9.947880000000000000e+06 1.340090000000000003e+01
       dtu_10mw_rwt_18.0_34558.dat 1.185829999999999984e+01 7.544159999999999755e-01 2.875910000000000082e+02 1.002679999999999971e+01 8.381969999999999345e+03 -3.805200000000000000e+04 -2.510579999999999927e+04 9.553629999999999200e+03 -1.473539999999999964e+04 -3.141190000000000146e+04 -1.492629999999999927e+04 -8.421129999999999782e+00 -6.614339999999999664e-01 1.152460000000000000e+07 9.930000000000000000e+06 1.393759999999999977e+01
       dtu_10mw_rwt_18.0_46192.dat 1.238269999999999982e+01 7.576230000000000464e-01 3.201229999999999905e+02 1.000699999999999967e+01 1.947529999999999927e+04 -3.006590000000000146e+04 -2.041229999999999927e+04 1.134289999999999964e+04 -1.452750000000000000e+04 -3.037979999999999927e+04 -1.601160000000000036e+04 -7.491640000000000299e+00 -5.555320000000000258e-01 1.148340000000000000e+07 9.949100000000000000e+06 1.583510000000000062e+01
        dtu_10mw_rwt_18.0_8966.dat 1.160479999999999912e+01 7.345439999999999747e-01 3.289850000000000136e+02 1.149660000000000082e+01 2.029220000000000073e+04 -3.570230000000000291e+04 -1.989340000000000146e+04 1.157270000000000073e+04 -1.483579999999999927e+04 -3.165920000000000073e+04 -1.450220000000000073e+04 -7.252749999999999808e+00 -5.008299999999999974e-01 1.166450000000000000e+07 9.943700000000000000e+06 1.605120000000000147e+01
       dtu_10mw_rwt_19.0_17843.dat 1.346499999999999986e+01 7.482130000000000170e-01 3.299119999999999777e+02 1.126520000000000010e+01 1.539360000000000036e+04 -2.150479999999999927e+04 -1.966959999999999854e+04 1.149560000000000036e+04 -1.460579999999999927e+04 -2.830350000000000000e+04 -1.530839999999999964e+04 -7.856749999999999901e+00 -5.913899999999999713e-01 1.162870000000000000e+07 9.933720000000000000e+06 1.616479999999999961e+01
       dtu_10mw_rwt_19.0_20935.dat 1.060369999999999990e+01 7.286540000000000239e-01 2.485219999999999914e+02 1.001360000000000028e+01 7.730310000000000059e+01 -4.425430000000000291e+04 -2.882950000000000000e+04 1.100410000000000036e+04 -1.502970000000000073e+04 -3.639700000000000000e+04 -1.495300000000000000e+04 -8.519140000000000157e+00 -7.058740000000000014e-01 1.138700000000000000e+07 9.921940000000000000e+06 1.540889999999999915e+01
       dtu_10mw_rwt_19.0_33144.dat 1.511330000000000062e+01 7.451210000000000333e-01 2.302860000000000014e+02 1.014550000000000018e+01 -2.705559999999999945e+03 -8.681510000000000218e+03 -2.352429999999999927e+04 1.046510000000000036e+04 -1.475960000000000036e+04 -3.142600000000000000e+04 -1.585250000000000000e+04 -8.901970000000000383e+00 -7.316660000000000386e-01 1.154510000000000000e+07 9.925430000000000000e+06 1.588569999999999993e+01
       dtu_10mw_rwt_19.0_51363.dat 1.371690000000000076e+01 7.487000000000000322e-01 3.210339999999999918e+02 1.167169999999999952e+01 1.946240000000000146e+04 -2.768579999999999927e+04 -2.071859999999999854e+04 1.043860000000000036e+04 -1.469000000000000000e+04 -3.065870000000000073e+04 -1.424139999999999964e+04 -9.490759999999999863e+00 -7.737939999999999818e-01 1.152220000000000000e+07 9.946790000000000000e+06 1.491450000000000031e+01
       dtu_10mw_rwt_19.0_56307.dat 1.204690000000000083e+01 7.552720000000000544e-01 2.799889999999999759e+02 1.067970000000000041e+01 9.736120000000000800e+03 -3.407250000000000000e+04 -2.050590000000000146e+04 1.060229999999999927e+04 -1.455370000000000073e+04 -3.024120000000000073e+04 -1.392370000000000073e+04 -8.205550000000000566e+00 -6.207529999999999992e-01 1.157110000000000000e+07 9.945970000000000000e+06 1.437410000000000032e+01
       dtu_10mw_rwt_19.0_63447.dat 1.372630000000000017e+01 7.568190000000000195e-01 2.974289999999999736e+02 1.191660000000000075e+01 2.524179999999999927e+04 -3.015670000000000073e+04 -1.822029999999999927e+04 1.133539999999999964e+04 -1.454370000000000073e+04 -3.173909999999999854e+04 -1.492289999999999964e+04 -7.949860000000000149e+00 -6.502499999999999947e-01 1.151060000000000000e+07 9.945030000000000000e+06 1.575290000000000035e+01
       dtu_10mw_rwt_20.0_20852.dat 1.371219999999999928e+01 7.514750000000000041e-01 2.849119999999999777e+02 1.196729999999999983e+01 8.216059999999999491e+03 -2.850920000000000073e+04 -1.859420000000000073e+04 1.098029999999999927e+04 -1.468339999999999964e+04 -2.871809999999999854e+04 -1.432170000000000073e+04 -9.974510000000000431e+00 -8.391760000000000330e-01 1.146360000000000000e+07 9.928740000000000000e+06 1.530519999999999925e+01
       dtu_10mw_rwt_20.0_25497.dat 1.510560000000000080e+01 7.458110000000000017e-01 3.065269999999999868e+02 1.198329999999999984e+01 1.889500000000000000e+04 -3.133240000000000146e+04 -2.041250000000000000e+04 1.072760000000000036e+04 -1.462310000000000036e+04 -2.797890000000000146e+04 -1.385179999999999927e+04 -9.361359999999999459e+00 -7.059929999999999817e-01 1.157490000000000000e+07 9.946020000000000000e+06 1.555450000000000088e+01
       dtu_10mw_rwt_20.0_29025.dat 1.291140000000000043e+01 7.177700000000000191e-01 2.038540000000000134e+02 1.151099999999999923e+01 9.982809999999999491e+03 -2.498229999999999927e+04 -2.504640000000000146e+04 1.085800000000000000e+04 -1.527720000000000073e+04 -2.920970000000000073e+04 -1.602520000000000073e+04 -9.263690000000000424e+00 -7.414150000000000462e-01 1.150570000000000000e+07 9.915650000000000000e+06 1.631850000000000023e+01
       dtu_10mw_rwt_20.0_43745.dat 1.353710000000000058e+01 7.521970000000000045e-01 3.068070000000000164e+02 1.015409999999999968e+01 1.346100000000000000e+04 -1.565629999999999927e+04 -1.874879999999999927e+04 1.139779999999999927e+04 -1.455210000000000036e+04 -2.881050000000000000e+04 -1.440950000000000000e+04 -8.012409999999999144e+00 -6.205810000000000493e-01 1.154480000000000000e+07 9.936360000000000000e+06 1.623179999999999978e+01
       dtu_10mw_rwt_20.0_51504.dat 1.594500000000000028e+01 7.251389999999999780e-01 1.940010000000000048e+02 1.037160000000000082e+01 -5.345430000000000291e+03 -3.027320000000000073e+04 -2.775470000000000073e+04 1.031279999999999927e+04 -1.539560000000000036e+04 -2.911929999999999927e+04 -1.614350000000000000e+04 -9.717589999999999506e+00 -8.123770000000000158e-01 1.140920000000000000e+07 9.900200000000000000e+06 1.643680000000000163e+01
       dtu_10mw_rwt_20.0_54726.dat 1.365990000000000038e+01 7.360290000000000443e-01 2.708480000000000132e+02 1.290259999999999962e+01 1.201960000000000036e+04 -1.533079999999999927e+04 -2.077170000000000073e+04 1.050260000000000036e+04 -1.479239999999999964e+04 -3.112770000000000073e+04 -1.484589999999999964e+04 -7.868540000000000312e+00 -6.332689999999999708e-01 1.147620000000000000e+07 9.932420000000000000e+06 1.587689999999999912e+01
       dtu_10mw_rwt_21.0_25181.dat 1.632659999999999911e+01 7.293610000000000371e-01 1.951080000000000041e+02 1.245229999999999926e+01 9.097819999999999709e+03 -2.325820000000000073e+04 -2.077040000000000146e+04 1.038770000000000073e+04 -1.520310000000000036e+04 -3.135300000000000000e+04 -1.635900000000000000e+04 -1.072090000000000032e+01 -8.685629999999999740e-01 1.141520000000000000e+07 9.925830000000000000e+06 1.631250000000000000e+01
        dtu_10mw_rwt_21.0_3963.dat 1.658599999999999852e+01 7.278790000000000537e-01 1.297609999999999957e+02 1.030869999999999997e+01 -2.494240000000000146e+04 -2.675409999999999854e+04 -2.663929999999999927e+04 9.814100000000000364e+03 -1.520870000000000073e+04 -3.503050000000000000e+04 -1.774520000000000073e+04 -1.586560000000000059e+01 -1.204779999999999962e+00 1.127610000000000000e+07 9.896440000000000000e+06 1.552110000000000056e+01
       dtu_10mw_rwt_21.0_42162.dat 1.706660000000000110e+01 7.580249999999999488e-01 1.805140000000000100e+02 1.435459999999999958e+01 1.162200000000000045e+03 -4.400780000000000291e+04 -1.615420000000000073e+04 1.129629999999999927e+04 -1.455560000000000036e+04 -2.775000000000000000e+04 -1.377960000000000036e+04 -9.564349999999999241e+00 -7.986419999999999630e-01 1.123120000000000000e+07 9.935370000000000000e+06 1.702670000000000172e+01
        dtu_10mw_rwt_21.0_5160.dat 1.820329999999999870e+01 7.408679999999999710e-01 1.946049999999999898e+02 1.150789999999999935e+01 -8.185479999999999563e+03 -4.527730000000000291e+04 -2.771700000000000000e+04 1.049770000000000073e+04 -1.491400000000000000e+04 -2.719600000000000000e+04 -1.750770000000000073e+04 -1.076169999999999938e+01 -8.456590000000000495e-01 1.122060000000000000e+07 9.908570000000000000e+06 1.591089999999999982e+01
       dtu_10mw_rwt_21.0_57341.dat 1.598719999999999963e+01 7.244739999999999513e-01 1.515370000000000061e+02 1.195299999999999940e+01 -2.734170000000000073e+04 -3.406680000000000291e+04 -2.456750000000000000e+04 1.019489999999999964e+04 -1.512500000000000000e+04 -3.034890000000000146e+04 -1.751350000000000000e+04 -1.119020000000000081e+01 -9.554540000000000255e-01 1.138760000000000000e+07 9.919790000000000000e+06 1.656350000000000122e+01
       dtu_10mw_rwt_21.0_61500.dat 1.591479999999999961e+01 7.343730000000000535e-01 1.698700000000000045e+02 9.858180000000000831e+00 -1.164339999999999964e+04 -4.586569999999999709e+04 -2.813320000000000073e+04 1.033200000000000000e+04 -1.521650000000000000e+04 -3.022870000000000073e+04 -1.629679999999999927e+04 -1.068890000000000029e+01 -8.592269999999999630e-01 1.120400000000000000e+07 9.918820000000000000e+06 1.635460000000000136e+01
       dtu_10mw_rwt_22.0_29503.dat 1.564819999999999922e+01 7.538519999999999666e-01 1.485149999999999864e+02 1.248349999999999937e+01 -1.291559999999999945e+03 -2.351170000000000073e+04 -2.049350000000000000e+04 1.060060000000000036e+04 -1.481350000000000000e+04 -2.886190000000000146e+04 -1.618729999999999927e+04 -9.727380000000000138e+00 -8.199349999999999694e-01 1.133350000000000000e+07 9.917500000000000000e+06 1.664310000000000045e+01
       dtu_10mw_rwt_22.0_40013.dat 1.691410000000000124e+01 7.234329999999999927e-01 2.164509999999999934e+02 1.276360000000000028e+01 -1.225120000000000073e+04 -2.947020000000000073e+04 -2.239640000000000146e+04 1.099220000000000073e+04 -1.523239999999999964e+04 -3.277159999999999854e+04 -1.543979999999999927e+04 -9.581300000000000594e+00 -8.057029999999999470e-01 1.129730000000000000e+07 9.913090000000000000e+06 1.647409999999999997e+01
       dtu_10mw_rwt_22.0_40231.dat 1.910630000000000095e+01 7.605039999999999578e-01 2.521709999999999923e+02 1.146359999999999957e+01 -2.547360000000000127e+03 -4.761119999999999709e+04 -2.458770000000000073e+04 1.053589999999999964e+04 -1.467420000000000073e+04 -2.908950000000000000e+04 -1.894829999999999927e+04 -9.892070000000000363e+00 -8.193129999999999580e-01 1.148130000000000000e+07 9.925600000000000000e+06 1.735660000000000025e+01
       dtu_10mw_rwt_22.0_41304.dat 1.733759999999999835e+01 7.387000000000000233e-01 2.606419999999999959e+02 1.273789999999999978e+01 3.261269999999999982e+03 -3.072070000000000073e+04 -1.843450000000000000e+04 1.083800000000000000e+04 -1.496379999999999927e+04 -3.060779999999999927e+04 -1.466360000000000036e+04 -8.807620000000000005e+00 -7.269670000000000298e-01 1.149280000000000000e+07 9.927750000000000000e+06 1.652990000000000137e+01
       dtu_10mw_rwt_22.0_47014.dat 1.690960000000000107e+01 7.387150000000000105e-01 1.874590000000000032e+02 1.297070000000000078e+01 -2.576760000000000218e+03 -4.289430000000000291e+04 -2.277909999999999854e+04 9.953950000000000728e+03 -1.490920000000000073e+04 -2.996920000000000073e+04 -1.768170000000000073e+04 -1.046299999999999919e+01 -8.774149999999999450e-01 1.152970000000000000e+07 9.900580000000000000e+06 1.636739999999999995e+01
       dtu_10mw_rwt_22.0_52742.dat 1.654360000000000142e+01 7.316700000000000426e-01 2.407649999999999864e+02 1.458200000000000074e+01 -2.013090000000000146e+04 -3.423330000000000291e+04 -2.486900000000000000e+04 1.043650000000000000e+04 -1.505560000000000036e+04 -3.283809999999999854e+04 -1.708529999999999927e+04 -1.023349999999999937e+01 -8.504739999999999522e-01 1.141870000000000000e+07 9.920380000000000000e+06 1.709260000000000090e+01
       dtu_10mw_rwt_23.0_18883.dat 1.875789999999999935e+01 7.333169999999999966e-01 7.870789999999999509e+01 1.272879999999999967e+01 -3.513869999999999709e+04 -3.839709999999999854e+04 -2.303729999999999927e+04 9.813409999999999854e+03 -1.496760000000000036e+04 -3.000759999999999854e+04 -1.642720000000000073e+04 -1.303999999999999915e+01 -1.071099999999999941e+00 1.123610000000000000e+07 9.908910000000000000e+06 1.727299999999999969e+01
       dtu_10mw_rwt_23.0_31026.dat 1.661149999999999949e+01 7.291509999999999936e-01 1.360600000000000023e+02 1.126909999999999989e+01 -3.442609999999999854e+04 -4.641019999999999709e+04 -2.760200000000000000e+04 1.042020000000000073e+04 -1.527620000000000073e+04 -2.827359999999999854e+04 -1.575500000000000000e+04 -1.083730000000000082e+01 -8.943210000000000326e-01 1.133970000000000000e+07 9.914780000000000000e+06 1.631550000000000011e+01
       dtu_10mw_rwt_23.0_36127.dat 1.627390000000000114e+01 7.016520000000000534e-01 1.704370000000000118e+02 1.274840000000000018e+01 -1.502170000000000073e+04 -2.939279999999999927e+04 -2.462950000000000000e+04 1.028770000000000073e+04 -1.554929999999999927e+04 -2.981759999999999854e+04 -1.927159999999999854e+04 -1.221020000000000039e+01 -1.035570000000000102e+00 1.123680000000000000e+07 9.909930000000000000e+06 1.660389999999999944e+01
       dtu_10mw_rwt_23.0_49683.dat 1.886329999999999885e+01 7.245620000000000394e-01 1.286090000000000089e+02 1.440370000000000061e+01 -1.495429999999999927e+04 -3.535430000000000291e+04 -3.116740000000000146e+04 1.009360000000000036e+04 -1.546710000000000036e+04 -3.082740000000000146e+04 -1.862200000000000000e+04 -1.297749999999999915e+01 -1.062119999999999953e+00 1.140320000000000000e+07 9.912700000000000000e+06 1.569250000000000078e+01
       dtu_10mw_rwt_23.0_49834.dat 1.860330000000000084e+01 7.299820000000000197e-01 1.691719999999999970e+02 1.502350000000000030e+01 -2.817879999999999927e+04 -4.172780000000000291e+04 -2.434620000000000073e+04 1.066210000000000036e+04 -1.508139999999999964e+04 -2.869520000000000073e+04 -1.576589999999999964e+04 -1.076260000000000083e+01 -8.974210000000000242e-01 1.142920000000000000e+07 9.905300000000000000e+06 1.674579999999999913e+01
       dtu_10mw_rwt_23.0_57680.dat 1.830689999999999884e+01 7.537209999999999743e-01 1.256970000000000027e+02 1.319720000000000049e+01 -1.959710000000000036e+03 -3.479230000000000291e+04 -2.173409999999999854e+04 1.054270000000000073e+04 -1.472129999999999927e+04 -2.716740000000000146e+04 -1.645820000000000073e+04 -9.788180000000000547e+00 -8.062120000000000397e-01 1.133510000000000000e+07 9.920800000000000000e+06 1.736899999999999977e+01
       dtu_10mw_rwt_24.0_11244.dat 2.050509999999999877e+01 7.192610000000000392e-01 1.222319999999999993e+02 1.563490000000000002e+01 -7.412439999999999600e+03 -3.914369999999999709e+04 -1.988009999999999854e+04 1.026789999999999964e+04 -1.524210000000000036e+04 -2.828300000000000000e+04 -1.884609999999999854e+04 -1.186040000000000028e+01 -1.004040000000000044e+00 1.120240000000000000e+07 9.907780000000000000e+06 1.665709999999999980e+01
       dtu_10mw_rwt_24.0_11250.dat 1.757770000000000010e+01 7.204429999999999445e-01 1.189819999999999993e+02 1.480659999999999954e+01 -2.490090000000000146e+04 -5.140259999999999854e+04 -3.046879999999999927e+04 1.064970000000000073e+04 -1.526250000000000000e+04 -2.773970000000000073e+04 -1.692559999999999854e+04 -1.228129999999999988e+01 -9.991940000000000266e-01 1.120940000000000000e+07 9.891890000000000000e+06 1.574200000000000088e+01
         dtu_10mw_rwt_24.0_377.dat 1.960030000000000072e+01 7.350790000000000379e-01 1.068199999999999932e+02 1.504840000000000089e+01 -4.173039999999999964e+03 -4.247319999999999709e+04 -3.654319999999999709e+04 1.053560000000000036e+04 -1.520920000000000073e+04 -2.970940000000000146e+04 -1.613800000000000000e+04 -1.276629999999999932e+01 -1.071199999999999930e+00 1.105050000000000000e+07 9.919200000000000000e+06 1.669829999999999970e+01
       dtu_10mw_rwt_24.0_44891.dat 2.048880000000000123e+01 7.072040000000000548e-01 2.807910000000000039e+01 1.352210000000000001e+01 -2.570129999999999927e+04 -7.144700000000000000e+04 -3.493990000000000146e+04 8.993500000000000000e+03 -1.556589999999999964e+04 -3.142609999999999854e+04 -1.791750000000000000e+04 -1.278379999999999939e+01 -1.076820000000000110e+00 1.139830000000000000e+07 9.905730000000000000e+06 1.468060000000000009e+01
       dtu_10mw_rwt_24.0_50518.dat 1.916710000000000136e+01 7.317409999999999748e-01 1.743609999999999900e+02 1.358649999999999913e+01 -8.001159999999999854e+03 -4.870140000000000146e+04 -2.033779999999999927e+04 1.005050000000000000e+04 -1.489889999999999964e+04 -2.680179999999999927e+04 -1.645240000000000146e+04 -1.079039999999999999e+01 -9.056110000000000548e-01 1.139880000000000000e+07 9.909110000000000000e+06 1.724129999999999896e+01
       dtu_10mw_rwt_24.0_60394.dat 1.894900000000000162e+01 7.240389999999999882e-01 8.643330000000000268e+01 1.331789999999999985e+01 -1.695900000000000000e+04 -4.407130000000000291e+04 -2.931690000000000146e+04 9.440770000000000437e+03 -1.533600000000000000e+04 -3.668409999999999854e+04 -1.921150000000000000e+04 -1.230550000000000033e+01 -1.015179999999999971e+00 1.140520000000000000e+07 9.900380000000000000e+06 1.559270000000000067e+01
