Statistics: p99. Generated: 10/11/2021 11:32:51. No. files: 120.
                              File                       4                      10                      13                      15                      17                      18                      20                      21                      25                      26                      27                      61                      64                      70                     100                     108
       dtu_10mw_rwt_05.0_21716.dat 0.000000000000000000e+00 4.628792700000000093e-01 5.962346100000002025e+02 8.126426100000001540e+00 9.082484100000001490e+04 2.315504700000000958e+04 4.607368100000036293e+02 5.357260100000000421e+03 -1.620249900000000025e+03 -3.977419799999997849e+03 1.398250100000000020e+04 1.533889999999999887e+01 1.883661100000000088e+00 4.358950299999999814e+06 2.013930099999999860e+06 8.207010399999998640e+01
       dtu_10mw_rwt_05.0_40322.dat 0.000000000000000000e+00 4.143120100000000083e-01 4.744514700000001426e+02 7.947252800000000228e+00 5.534402000000000407e+04 1.104650300000000061e+04 -3.440492999999996755e+03 4.128481399999999667e+03 -1.961959599999999909e+03 -4.387788299999995616e+03 1.341881600000000253e+04 1.423731100000000183e+01 1.837320600000000193e+00 3.501600199999999721e+06 1.449850100000000093e+06 8.210040799999998740e+01
       dtu_10mw_rwt_05.0_43619.dat 0.000000000000000000e+00 4.759270500000000181e-01 6.170023100000000795e+02 9.125162200000008994e+00 1.034311500000000378e+05 1.919701100000000224e+04 7.411058100000021795e+02 5.316504100000001017e+03 -2.236379399999999805e+03 -3.852663099999992482e+03 1.399960400000000118e+04 1.653650800000000132e+01 1.935030500000000098e+00 4.629420099999999627e+06 2.201721000000000466e+06 8.204440700000000675e+01
       dtu_10mw_rwt_05.0_47165.dat 0.000000000000000000e+00 3.837340100000000143e-01 4.146222400000000334e+02 8.330807700000001148e+00 5.476624500000005355e+04 1.112121800000000439e+04 -1.606848999999999705e+03 3.617220800000000054e+03 -2.011329799999999750e+03 -3.334511199999998098e+03 1.325800100000000020e+04 1.563180600000000275e+01 1.893490800000000140e+00 3.007550000000000000e+06 1.153980100000000093e+06 8.213890100000000416e+01
       dtu_10mw_rwt_05.0_47952.dat 0.000000000000000000e+00 4.960210299999999739e-01 6.425306000000001632e+02 7.962392500000000872e+00 1.005480100000000093e+05 2.309204500000000917e+04 6.576512600004877918e+00 5.469430400000001100e+03 -1.990450000000000045e+03 -3.838839300000000094e+03 1.323150400000000081e+04 1.528272400000000530e+01 1.883550099999999894e+00 5.029632099999999627e+06 2.494300199999999721e+06 8.210280200000001116e+01
       dtu_10mw_rwt_05.0_50292.dat 0.000000000000000000e+00 4.147180399999999545e-01 4.760443100000000527e+02 7.536414500000001127e+00 5.824700000000000000e+04 1.182650100000000020e+04 -2.724627299999992829e+03 4.206073599999999715e+03 -1.783259199999999964e+03 -3.861079199999999673e+03 1.356420100000000093e+04 1.534433700000000833e+01 1.870479999999999920e+00 3.513541800000000279e+06 1.458350900000000140e+06 8.211940400000000295e+01
       dtu_10mw_rwt_06.0_14324.dat 0.000000000000000000e+00 4.964590200000000286e-01 6.761730999999999767e+02 8.905816900000003145e+00 1.084621700000000419e+05 3.137211300000000119e+04 1.534371500000002243e+03 5.730190600000002632e+03 -2.691719399999999951e+03 -5.440995199999999386e+03 1.384872700000000623e+04 1.441940300000000086e+01 1.846602300000000474e+00 5.039770800000000745e+06 2.501440000000000000e+06 8.199133900000001063e+01
       dtu_10mw_rwt_06.0_26862.dat 0.000000000000000000e+00 5.169669999999999543e-01 7.315520400000002610e+02 9.038336700000003887e+00 1.146900200000000041e+05 2.613491000000000349e+04 8.962754000000010137e+02 6.150675400000000991e+03 -2.254478999999999814e+03 -4.989419199999999364e+03 1.385911600000000362e+04 1.494104000000000809e+01 1.862580699999999867e+00 5.452170500000000931e+06 2.817060100000000093e+06 8.201010100000000591e+01
       dtu_10mw_rwt_06.0_47824.dat 0.000000000000000000e+00 4.710321200000000541e-01 6.153112100000000737e+02 9.287320299999999307e+00 9.404429400000009628e+04 1.878369300000001749e+04 -1.102535399999999072e+03 5.156727200000001176e+03 -1.767309899999999971e+03 -3.800619499999999789e+03 1.383440099999999984e+04 1.404661500000000274e+01 1.808051300000000250e+00 4.521940000000000000e+06 2.127562700000000652e+06 8.207100499999999954e+01
       dtu_10mw_rwt_06.0_51321.dat 0.000000000000000000e+00 5.409980100000000292e-01 7.790650100000000293e+02 9.704599100000001144e+00 1.107470700000002107e+05 3.389807300000001851e+04 3.111549300000087328e+02 6.485055900000003021e+03 -2.984049399999999878e+03 -5.307359099999999671e+03 1.395501200000000244e+04 1.526712100000000305e+01 1.874779999999999891e+00 5.984842700000001118e+06 3.241090900000000373e+06 8.200791400000001374e+01
       dtu_10mw_rwt_06.0_52263.dat 0.000000000000000000e+00 5.210290100000000146e-01 7.281431800000001431e+02 8.900742100000002210e+00 1.214841000000000204e+05 4.886909700000018347e+04 -1.713741699999977754e+02 6.662073800000000119e+03 -3.305389900000000125e+03 -6.734092599999999038e+03 1.420500900000000183e+04 1.369210600000000078e+01 1.802590099999999751e+00 5.545740000000000000e+06 2.887690100000000093e+06 8.195530599999999311e+01
       dtu_10mw_rwt_06.0_55769.dat 0.000000000000000000e+00 5.259250100000000261e-01 7.389010299999999916e+02 9.124540999999998903e+00 1.336362900000000664e+05 4.830259000000009837e+04 9.653229700000010780e+02 6.790823900000000322e+03 -2.776299899999999980e+03 -5.261289200000000164e+03 1.440570600000000195e+04 1.506772400000000545e+01 1.876691700000000296e+00 5.643050900000000373e+06 2.966641800000000279e+06 8.196101900000000740e+01
        dtu_10mw_rwt_07.0_2336.dat 0.000000000000000000e+00 7.105940099999998871e-01 1.304270900000000211e+03 1.057960299999999876e+01 1.747771500000000233e+05 5.137794200000001001e+04 7.329705100000001039e+03 1.129340200000000004e+04 -3.412380000000000109e+03 -6.737230199999996330e+03 1.562531200000000172e+04 1.456390099999999954e+01 1.854430300000000198e+00 1.031200000000000000e+07 7.326141099999999627e+06 8.173830199999999024e+01
       dtu_10mw_rwt_07.0_40743.dat 0.000000000000000000e+00 6.292670000000000208e-01 1.061360500000000002e+03 9.562041100000000071e+00 1.465450800000000163e+05 6.811740100000001257e+04 4.288881100000008701e+03 8.973417200000003504e+03 -4.080230000000000018e+03 -8.443599200000000565e+03 1.498730400000000009e+04 1.306870100000000079e+01 1.760220900000000199e+00 8.080860100000000559e+06 5.082780599999999627e+06 8.176750899999998978e+01
       dtu_10mw_rwt_07.0_45626.dat 0.000000000000000000e+00 5.898160100000000572e-01 9.668180500000000848e+02 1.005102000000000473e+01 1.524540300000000279e+05 4.433119700000002194e+04 3.013706700000001092e+03 8.323845300000000861e+03 -3.558899899999999889e+03 -8.057491199999998571e+03 1.468620700000000215e+04 1.339421000000000106e+01 1.778670100000000032e+00 7.106610500000000000e+06 4.188960399999999907e+06 8.178221700000000283e+01
       dtu_10mw_rwt_07.0_52870.dat 0.000000000000000000e+00 6.217580300000000726e-01 1.056270500000000084e+03 1.047750900000000129e+01 1.751010900000000256e+05 7.033480800000007730e+04 6.714646300000002157e+03 9.526895599999999831e+03 -4.592055599999999686e+03 -7.848188099999991209e+03 1.499942200000000412e+04 1.398460300000000167e+01 1.817522300000000479e+00 7.892670900000000373e+06 4.911511500000000931e+06 8.175152599999999836e+01
       dtu_10mw_rwt_07.0_52899.dat 0.000000000000000000e+00 5.890100300000000733e-01 9.750161799999999630e+02 9.876301400000006225e+00 1.719620199999999895e+05 5.579895100000003004e+04 3.330124800000002779e+03 8.528226700000001074e+03 -3.392799199999999928e+03 -5.934133299999999508e+03 1.479480400000000009e+04 1.422420499999999954e+01 1.834380300000000075e+00 7.086280100000000559e+06 4.170480400000000373e+06 8.184800900000000468e+01
        dtu_10mw_rwt_07.0_8564.dat 0.000000000000000000e+00 6.303349999999999786e-01 1.086750700000000052e+03 9.507420599999999666e+00 1.587556500000001397e+05 8.448170800000002782e+04 2.391853300000002946e+03 9.700803200000000288e+03 -3.074889999999999873e+03 -6.845724099999994905e+03 1.477890300000000025e+04 1.419321400000000111e+01 1.825660700000000247e+00 8.145950300000000745e+06 5.137191200000000186e+06 8.181911500000001070e+01
       dtu_10mw_rwt_08.0_15536.dat 0.000000000000000000e+00 7.285930400000000251e-01 1.435901000000000295e+03 1.122870200000000018e+01 1.867893000000000466e+05 5.533034500000005210e+04 9.893055400000022928e+03 1.188210200000000077e+04 -4.527629600000000210e+03 -9.463658099999986007e+03 1.537860100000000057e+04 1.322280100000000047e+01 1.768630200000000041e+00 1.083590900000000186e+07 7.883552200000001118e+06 8.165991999999999962e+01
       dtu_10mw_rwt_08.0_22441.dat 0.000000000000000000e+00 6.961000299999999807e-01 1.304680600000000140e+03 1.176402900000000606e+01 1.787310300000000279e+05 5.021465300000000570e+04 7.699792700000004515e+03 1.131770200000000114e+04 -5.142470000000000255e+03 -1.023977899999999499e+04 1.556190700000000106e+04 1.304390700000000258e+01 1.755620299999999911e+00 9.886052099999999627e+06 6.875160099999999627e+06 8.168582200000000171e+01
       dtu_10mw_rwt_08.0_32293.dat 0.000000000000000000e+00 6.811421000000000836e-01 1.267131300000000238e+03 1.089692200000000533e+01 1.767713200000000652e+05 5.837991100000000006e+04 4.941258000000001630e+03 1.037640099999999984e+04 -4.085538599999999860e+03 -8.743966699999997218e+03 1.570390400000000045e+04 1.352531900000000320e+01 1.787330000000000085e+00 9.464760800000000745e+06 6.454121800000000745e+06 8.167390299999999570e+01
       dtu_10mw_rwt_08.0_41120.dat 0.000000000000000000e+00 7.350530299999998851e-01 1.431810400000000072e+03 1.180473400000000694e+01 1.789842000000000407e+05 6.255882800000002317e+04 7.000602500000002692e+03 1.225930199999999968e+04 -5.048568599999998696e+03 -1.026029699999999866e+04 1.668070700000000215e+04 1.300091000000000108e+01 1.755050600000000127e+00 1.086170000000000000e+07 7.978590500000000000e+06 8.158930399999999850e+01
       dtu_10mw_rwt_08.0_46290.dat 0.000000000000000000e+00 6.690780399999999295e-01 1.198660800000000336e+03 1.174619999999999997e+01 1.684180000000000000e+05 6.573353300000001036e+04 5.837939800000002833e+03 1.100970900000000256e+04 -4.333988399999999274e+03 -8.487444299999993746e+03 1.551330199999999968e+04 1.371271400000000362e+01 1.808110100000000164e+00 9.121070299999998882e+06 6.093440600000000559e+06 8.172140400000000682e+01
       dtu_10mw_rwt_08.0_60415.dat 0.000000000000000000e+00 6.746760299999999821e-01 1.227010099999999966e+03 1.166789999999999949e+01 1.547710200000000186e+05 6.289378400000007969e+04 3.322038400000005822e+03 1.028580099999999948e+04 -5.030199999999999818e+03 -1.060539299999999821e+04 1.566090900000000147e+04 1.264544800000001068e+01 1.729830200000000096e+00 9.291970600000001490e+06 6.268920200000000186e+06 8.164750399999999786e+01
       dtu_10mw_rwt_09.0_26343.dat 1.863800499999999971e+00 8.164449999999999763e-01 1.657120900000000120e+03 1.344250300000000031e+01 2.039672000000000407e+05 4.081795800000000600e+04 8.265556000000004133e+03 1.461892500000000473e+04 -5.685599500000000262e+03 -1.273429399999999805e+04 1.707890400000000227e+04 1.295600400000000008e+01 1.749100100000000158e+00 1.233830100000000000e+07 1.000190100000000000e+07 8.147252000000000294e+01
       dtu_10mw_rwt_09.0_34715.dat 0.000000000000000000e+00 7.330181399999999847e-01 1.447430299999999988e+03 1.301630199999999959e+01 1.862400599999999977e+05 4.374528600000003644e+04 6.819338300000002164e+03 1.242180199999999968e+04 -6.619470000000000255e+03 -1.306768799999999828e+04 1.677103200000000652e+04 1.293771100000000196e+01 1.751480699999999890e+00 1.086170000000000000e+07 7.960520100000000559e+06 8.150480600000000209e+01
        dtu_10mw_rwt_09.0_5751.dat 1.392663300000000604e+00 8.140340300000000751e-01 1.661831000000000131e+03 1.315100600000000242e+01 2.020700800000000163e+05 5.256211200000002282e+04 1.136050200000000041e+04 1.343921100000000297e+04 -5.759719099999999344e+03 -1.175247099999999409e+04 1.637700500000000102e+04 1.291680800000000140e+01 1.745870199999999928e+00 1.224620100000000000e+07 9.964570200000001118e+06 8.144082099999999969e+01
       dtu_10mw_rwt_09.0_59920.dat 2.601825900000001468e+00 8.166680800000000184e-01 1.640410100000000057e+03 1.440930700000000186e+01 1.953250299999999988e+05 3.871869100000001345e+04 1.078451100000000224e+04 1.355390200000000004e+04 -6.734679700000000594e+03 -1.343228399999999601e+04 1.628730299999999988e+04 1.264190699999999978e+01 1.724370500000000028e+00 1.232520000000000000e+07 1.000140000000000000e+07 8.147390099999999791e+01
        dtu_10mw_rwt_09.0_8821.dat 0.000000000000000000e+00 7.832420599999999622e-01 1.589850300000000061e+03 1.260590099999999936e+01 1.923662800000000861e+05 3.951150700000002689e+04 7.473404900000000453e+03 1.269400100000000020e+04 -5.594926400000000285e+03 -1.147242699999998513e+04 1.695870500000000175e+04 1.289671100000000159e+01 1.745991500000000141e+00 1.086170000000000000e+07 8.516120400000000373e+06 8.148020400000000052e+01
        dtu_10mw_rwt_09.0_9468.dat 0.000000000000000000e+00 7.808250499999999095e-01 1.546320200000000114e+03 1.395116200000001250e+01 1.943220599999999977e+05 3.077662100000004648e+04 1.169002600000000530e+04 1.248050200000000041e+04 -5.718784799999999450e+03 -1.135038899999999740e+04 1.656730199999999968e+04 1.303480600000000145e+01 1.756270099999999834e+00 1.086170000000000000e+07 8.484460199999999255e+06 8.151310300000000097e+01
       dtu_10mw_rwt_10.0_13708.dat 7.067280100000000509e+00 8.280410500000000562e-01 1.678970400000000154e+03 1.393410600000000166e+01 2.058470500000000175e+05 3.039278100000001723e+04 1.366510200000000077e+04 1.466311000000000240e+04 -9.156189300000000003e+03 -1.730207299999999304e+04 1.796383500000000640e+04 1.228291700000000297e+01 1.698590800000000289e+00 1.267480000000000000e+07 1.001030000000000000e+07 8.125571300000000008e+01
        dtu_10mw_rwt_10.0_2246.dat 6.517644900000000519e+00 8.243290200000000789e-01 1.668660300000000234e+03 1.516031600000000346e+01 2.030720200000000186e+05 3.180281000000000131e+04 1.350910800000000199e+04 1.454639999999999964e+04 -7.432319199999999000e+03 -1.395519800000000032e+04 1.744471800000000439e+04 1.270359999999999978e+01 1.727091000000000154e+00 1.261770100000000000e+07 1.001000000000000000e+07 8.138560700000000736e+01
       dtu_10mw_rwt_10.0_25797.dat 4.302953800000000939e+00 8.197400000000000242e-01 1.725700400000000172e+03 1.375441200000000208e+01 2.162150200000000186e+05 3.799256200000000536e+04 1.443860400000000118e+04 1.466250000000000000e+04 -7.085235399999998663e+03 -1.225024699999998847e+04 1.743274000000000888e+04 1.313931500000000341e+01 1.754843000000000597e+00 1.257540500000000186e+07 1.000920000000000000e+07 8.133690400000000409e+01
       dtu_10mw_rwt_10.0_25824.dat 6.131710599999999900e+00 8.222231400000000745e-01 1.647011400000000322e+03 1.513923000000000663e+01 2.024671700000000419e+05 3.955712000000000990e+04 9.804889700000006997e+03 1.388190200000000004e+04 -7.540419499999999971e+03 -1.352549499999999898e+04 1.671850800000000163e+04 1.260740900000000053e+01 1.725310199999999794e+00 1.253100000000000000e+07 1.000850000000000000e+07 8.147800399999999854e+01
       dtu_10mw_rwt_10.0_53407.dat 5.292944600000000221e+00 8.265570399999999651e-01 1.731363500000000613e+03 1.426598000000001676e+01 2.144870400000000081e+05 3.788843000000000757e+04 1.201065500000001157e+04 1.453081600000000253e+04 -7.028598299999999654e+03 -1.492678499999999622e+04 1.768480800000000090e+04 1.241970900000000100e+01 1.707300200000000157e+00 1.263640200000000000e+07 1.001000000000000000e+07 8.131400199999998790e+01
        dtu_10mw_rwt_10.0_7055.dat 6.513817100000006910e+00 8.289820099999999359e-01 1.706410400000000209e+03 1.382591000000000214e+01 2.191240599999999977e+05 5.248446600000001490e+04 1.290987700000001496e+04 1.450930900000000111e+04 -7.177220000000000255e+03 -1.236063099999998667e+04 1.774980099999999948e+04 1.355921300000000329e+01 1.788931600000000177e+00 1.267250000000000000e+07 1.001310000000000000e+07 8.142141800000001695e+01
        dtu_10mw_rwt_11.0_1633.dat 8.304280600000002011e+00 8.286860200000001342e-01 1.727450199999999995e+03 1.527241000000000071e+01 2.221230500000000175e+05 4.833740400000000227e+04 1.814149100000003818e+04 1.486270300000000134e+04 -8.829186999999999898e+03 -1.357227799999999479e+04 1.786200600000000122e+04 1.263380700000000267e+01 1.722773500000000624e+00 1.274130000000000000e+07 1.001530000000000000e+07 8.136311600000000510e+01
       dtu_10mw_rwt_11.0_25765.dat 1.007320100000000096e+01 8.295940400000000325e-01 1.710859999999999900e+03 1.558910499999999999e+01 2.086852300000000396e+05 3.998321300000000338e+04 1.157630900000000111e+04 1.482860300000000097e+04 -9.270688899999999194e+03 -1.546334499999998843e+04 1.773830800000000090e+04 1.190130700000000274e+01 1.670410500000000020e+00 1.275780100000000000e+07 1.001150000000000000e+07 8.131919999999999504e+01
       dtu_10mw_rwt_11.0_37345.dat 1.024020600000000236e+01 8.299539999999999695e-01 1.723722200000000612e+03 1.522710100000000111e+01 2.159130499999999884e+05 2.974023600000000806e+04 1.665680100000002130e+04 1.520050200000000041e+04 -9.683638499999999112e+03 -1.223598799999999756e+04 1.811581600000000253e+04 1.179350300000000118e+01 1.656700700000000248e+00 1.285280500000000000e+07 1.001690000000000000e+07 8.134680099999999925e+01
       dtu_10mw_rwt_11.0_41193.dat 1.033150200000000041e+01 8.310830000000000162e-01 1.675160100000000057e+03 1.580359999999999943e+01 2.086010299999999988e+05 2.876120300000000134e+04 1.158192700000000514e+04 1.445570200000000114e+04 -9.053909499999999753e+03 -1.491261299999998300e+04 1.746780500000000029e+04 1.235580100000000137e+01 1.703889999999999905e+00 1.274490200000000000e+07 1.001040000000000000e+07 8.135650200000000609e+01
       dtu_10mw_rwt_11.0_43724.dat 8.971616000000002700e+00 8.317801599999999906e-01 1.663291800000000194e+03 1.488190200000000019e+01 2.058343000000000466e+05 2.920594400000002861e+04 1.051771200000000317e+04 1.450080099999999948e+04 -9.780227499999999054e+03 -1.651207899999999427e+04 1.747530400000000009e+04 1.230220099999999839e+01 1.700291100000000277e+00 1.266510000000000000e+07 1.001270000000000000e+07 8.132710600000000056e+01
       dtu_10mw_rwt_11.0_59287.dat 7.768401700000000076e+00 8.298560100000000883e-01 1.743691200000000208e+03 1.558030400000000171e+01 2.189640500000000175e+05 3.731881800000002841e+04 1.660203300000000672e+04 1.466001000000000204e+04 -8.980159200000000055e+03 -1.503157399999999507e+04 1.741080500000000029e+04 1.277391900000000291e+01 1.733751100000000100e+00 1.277360200000000000e+07 1.001400000000000000e+07 8.133951600000000326e+01
       dtu_10mw_rwt_12.0_23697.dat 1.003731400000000207e+01 8.291399999999999881e-01 1.665160800000000336e+03 1.613910500000000070e+01 2.052752200000000594e+05 3.660400900000002002e+04 1.283211600000000362e+04 1.484151300000000265e+04 -1.150649899999999980e+04 -1.173429599999999846e+04 1.778410399999999936e+04 1.090417500000001461e+01 1.571590100000000101e+00 1.268850400000000000e+07 1.001490000000000000e+07 8.148101199999999267e+01
       dtu_10mw_rwt_12.0_28003.dat 1.109621400000000158e+01 8.391640900000001402e-01 1.722832400000000234e+03 1.665040100000000223e+01 2.117801600000000326e+05 3.505531399999999849e+04 1.556345700000001125e+04 1.487470000000000073e+04 -1.164219900000000052e+04 -9.978305599999992410e+03 1.799721300000000338e+04 1.078750100000000067e+01 1.562801800000000352e+00 1.291400300000000000e+07 1.001730000000000000e+07 8.140691900000000203e+01
       dtu_10mw_rwt_12.0_29989.dat 1.140990100000000140e+01 8.305030100000000415e-01 1.661980099999999993e+03 1.674360000000000070e+01 2.055600200000000186e+05 3.425732000000000698e+04 1.341650900000000183e+04 1.492590099999999984e+04 -1.143329599999999846e+04 -1.222389299999999821e+04 1.806812100000000282e+04 1.045712400000000564e+01 1.532650300000000243e+00 1.279470000000000000e+07 1.001870000000000000e+07 8.145880199999999149e+01
       dtu_10mw_rwt_12.0_40278.dat 1.134570600000000162e+01 8.363160299999999880e-01 1.723290799999999990e+03 1.642500500000000230e+01 2.196331100000000151e+05 3.772255400000000373e+04 1.283791600000000290e+04 1.497970100000000093e+04 -1.163239899999999943e+04 -1.226953099999998631e+04 1.787171100000000297e+04 1.091292800000000618e+01 1.574160700000000190e+00 1.285690100000000000e+07 1.001660000000000000e+07 8.147340599999999711e+01
       dtu_10mw_rwt_12.0_56645.dat 1.209860200000000141e+01 8.338460199999999656e-01 1.669440100000000029e+03 1.624450799999999973e+01 2.124601100000000151e+05 3.855731200000004901e+04 1.445090400000000045e+04 1.481750100000000020e+04 -1.164019800000000032e+04 -1.159117999999999665e+04 1.788810800000000017e+04 1.073740300000000047e+01 1.560231600000000274e+00 1.274450100000000000e+07 1.001660000000000000e+07 8.150120100000000889e+01
        dtu_10mw_rwt_12.0_6007.dat 1.197720099999999910e+01 8.390670199999999967e-01 1.662150400000000218e+03 1.640850200000000214e+01 2.080110000000000000e+05 3.714601200000001700e+04 1.602912600000000566e+04 1.490291200000000208e+04 -9.772888899999998102e+03 -1.183579899999999907e+04 1.771541700000000492e+04 1.171831600000000329e+01 1.645260700000000131e+00 1.299060000000000000e+07 1.001650000000000000e+07 8.149600700000000586e+01
       dtu_10mw_rwt_13.0_24246.dat 1.362730400000000053e+01 8.366030299999999142e-01 1.656480500000000120e+03 1.722530100000000175e+01 2.011030600000000268e+05 3.920440299999999843e+04 1.355617300000003524e+04 1.525680099999999948e+04 -1.165289999999999964e+04 -7.753176699999999983e+03 1.804630500000000029e+04 1.039030500000000146e+01 1.527530000000000054e+00 1.279800100000000000e+07 1.002130100000000000e+07 8.160491000000000383e+01
        dtu_10mw_rwt_13.0_3219.dat 1.285480099999999837e+01 8.358261900000000244e-01 1.337800099999999929e+03 1.757590900000000289e+01 1.689890299999999988e+05 5.019426800000001094e+04 1.182111400000000322e+04 1.495090099999999984e+04 -1.278969900000000052e+04 -8.912586299999997209e+03 1.776760099999999875e+04 7.097832100000001532e+00 1.172081300000000326e+00 1.290530400000000186e+07 1.001970000000000000e+07 8.168440900000000227e+01
       dtu_10mw_rwt_13.0_59662.dat 1.412609999999999921e+01 8.429610199999999498e-01 1.592572800000000598e+03 1.737600300000000075e+01 1.930480900000000256e+05 7.467544200000001001e+04 1.584710200000000077e+04 1.524932200000000375e+04 -1.263350000000000000e+04 -5.952243799999981093e+03 1.782321700000000419e+04 8.121297500000004277e+00 1.279460299999999995e+00 1.296970200000000000e+07 1.002560000000000000e+07 8.171070199999999772e+01
       dtu_10mw_rwt_13.0_63909.dat 1.455120400000000203e+01 8.441030400000000267e-01 1.631650700000000143e+03 1.825371000000000166e+01 1.986172700000000477e+05 3.436441400000000431e+04 1.619348700000001736e+04 1.528840099999999984e+04 -1.265809900000000016e+04 -8.095900899999995090e+03 1.819130099999999948e+04 9.777460800000010721e+00 1.459189999999999987e+00 1.294030100000000186e+07 1.002090000000000000e+07 8.167380199999999491e+01
       dtu_10mw_rwt_13.0_64836.dat 1.301521500000000486e+01 8.374270000000000325e-01 1.613021500000000287e+03 1.775182200000000421e+01 1.938320500000000175e+05 5.239980400000000373e+04 1.278253300000000672e+04 1.526010400000000118e+04 -1.275410000000000036e+04 -1.007979599999999846e+04 1.782130700000000070e+04 8.791936400000000873e+00 1.364121700000000326e+00 1.279260300000000000e+07 1.001930000000000000e+07 8.160021100000000160e+01
        dtu_10mw_rwt_13.0_6610.dat 1.183309999999999995e+01 8.355731400000000475e-01 1.337900600000000168e+03 1.781390100000000132e+01 1.677884200000001001e+05 4.675464300000001094e+04 1.564360900000000220e+04 1.525040099999999984e+04 -1.276469599999999991e+04 -7.965102199999997538e+03 1.856580199999999968e+04 7.735911099999999152e+00 1.233613200000000631e+00 1.278440000000000000e+07 1.002150000000000000e+07 8.162991300000001615e+01
       dtu_10mw_rwt_14.0_17103.dat 1.618390100000000231e+01 8.483860799999999314e-01 1.638230199999999968e+03 1.998493200000000769e+01 2.049000900000000256e+05 3.853652599999999802e+04 1.661840500000000247e+04 1.517110800000000199e+04 -1.165349799999999959e+04 -2.625938199999993230e+03 1.849460900000000038e+04 9.833620200000005696e+00 1.469370800000000310e+00 1.287360300000000186e+07 1.002880000000000000e+07 8.173864400000002206e+01
       dtu_10mw_rwt_14.0_33723.dat 1.427860200000000113e+01 8.355670699999999673e-01 1.402904200000000856e+03 1.859401600000000343e+01 1.732511800000000512e+05 3.827685400000001391e+04 1.056492600000000493e+04 1.501640099999999984e+04 -1.279609900000000016e+04 -7.974525399999999536e+03 1.803210699999999997e+04 7.723085700000011045e+00 1.243605200000001076e+00 1.271470100000000000e+07 1.001860000000000000e+07 8.170882299999999532e+01
       dtu_10mw_rwt_14.0_34311.dat 1.432540300000000144e+01 8.379670200000000069e-01 1.279370300000000043e+03 1.917840800000000101e+01 1.636482200000000303e+05 3.786511800000000221e+04 1.316040700000000106e+04 1.516760200000000077e+04 -1.272649899999999980e+04 -6.437965699999993376e+03 1.836797600000001694e+04 7.141165700000001060e+00 1.182132800000000428e+00 1.293410000000000000e+07 1.002350000000000000e+07 8.171801299999999912e+01
       dtu_10mw_rwt_14.0_46217.dat 1.489230200000000082e+01 8.388652000000000886e-01 1.347329999999999927e+03 1.969381900000000485e+01 1.647561300000000338e+05 3.210210199999999895e+04 1.177370900000000256e+04 1.488110400000000118e+04 -1.272939799999999923e+04 -8.924028299999990850e+03 1.802420100000000093e+04 6.968803799999999882e+00 1.165300200000000119e+00 1.280000600000000186e+07 1.001890000000000000e+07 8.169480199999999570e+01
        dtu_10mw_rwt_14.0_7720.dat 1.623942500000000422e+01 8.388300200000000650e-01 1.264210100000000011e+03 1.884600300000000317e+01 1.714065700000001234e+05 3.604800500000000466e+04 1.556690200000000004e+04 1.504370000000000073e+04 -1.269089599999999882e+04 -7.002741199999992205e+03 1.813200400000000081e+04 6.902450700000001937e+00 1.143056600000001310e+00 1.289010200000000000e+07 1.002230000000000000e+07 8.171821199999999408e+01
        dtu_10mw_rwt_14.0_8754.dat 1.609840100000000263e+01 8.436810399999999932e-01 1.401340699999999970e+03 1.930330300000000321e+01 1.758290499999999884e+05 4.458042200000002049e+04 1.184373300000000745e+04 1.522880500000000029e+04 -1.267879899999999907e+04 -6.355558799999997063e+03 1.839922800000000643e+04 7.692525400000000957e+00 1.237620100000000001e+00 1.292600000000000000e+07 1.002000000000000000e+07 8.162450199999999256e+01
       dtu_10mw_rwt_15.0_10279.dat 1.630870300000000128e+01 8.431740199999999685e-01 1.141524200000000974e+03 2.038770299999999835e+01 1.529731800000000221e+05 4.448841200000002573e+04 1.461320600000000195e+04 1.533600000000000000e+04 -1.264349899999999980e+04 -4.569428299999993214e+03 1.896240300000000207e+04 5.977004500000004938e+00 1.040560499999999999e+00 1.310040200000000000e+07 1.002710000000000000e+07 8.180570099999999911e+01
       dtu_10mw_rwt_15.0_22297.dat 1.736060700000000523e+01 8.480659999999999865e-01 1.211980600000000095e+03 2.025780800000000070e+01 1.600432100000000501e+05 4.759222100000002683e+04 1.970231500000000233e+04 1.566541200000000208e+04 -1.255410000000000036e+04 -1.165603799999998728e+03 1.894048100000001796e+04 6.487230700000002237e+00 1.085560200000000197e+00 1.311110300000000186e+07 1.003220000000000000e+07 8.178441700000000480e+01
       dtu_10mw_rwt_15.0_25148.dat 1.782080399999999898e+01 8.428530499999998815e-01 1.248260700000000270e+03 1.972570100000000082e+01 1.572700700000000361e+05 4.348153600000000733e+04 1.233881600000000253e+04 1.496380299999999988e+04 -1.266099699999999939e+04 -6.025330099999996492e+03 1.785381000000000131e+04 6.299698100000001411e+00 1.079442900000000538e+00 1.286180100000000000e+07 1.002320000000000000e+07 8.182729999999999393e+01
       dtu_10mw_rwt_15.0_33167.dat 1.777140700000000351e+01 8.466342199999999929e-01 1.126779999999999973e+03 2.104451099999999997e+01 1.562240900000000256e+05 4.716320799999999872e+04 1.501270300000000134e+04 1.576441100000000188e+04 -1.254359799999999996e+04 -3.789276999999997315e+03 1.879990200000000186e+04 5.848482700000000811e+00 1.016580200000000156e+00 1.311120000000000000e+07 1.003090000000000000e+07 8.180870699999999829e+01
       dtu_10mw_rwt_15.0_41424.dat 1.641390600000000077e+01 8.511250500000000496e-01 1.215540600000000040e+03 2.042911600000000405e+01 1.656290499999999884e+05 5.063700400000000081e+04 1.413653800000000774e+04 1.537340099999999984e+04 -1.256450000000000000e+04 -4.181569199999998091e+03 1.880971100000000297e+04 6.501907100000005713e+00 1.094530299999999956e+00 1.286130200000000000e+07 1.002740000000000000e+07 8.180501600000000906e+01
       dtu_10mw_rwt_15.0_57600.dat 1.640480200000000011e+01 8.409541200000000272e-01 1.195624100000000908e+03 2.091902400000000384e+01 1.527450700000000070e+05 5.118853100000000268e+04 1.388471700000000419e+04 1.535180199999999968e+04 -1.269399899999999980e+04 -4.463289299999993091e+03 1.847120600000000195e+04 5.930956500000001519e+00 1.029750299999999896e+00 1.291510200000000000e+07 1.002530000000000000e+07 8.179571599999999876e+01
       dtu_10mw_rwt_16.0_19655.dat 1.673070099999999982e+01 8.436270100000000660e-01 1.059730399999999918e+03 2.141441400000000073e+01 1.430251600000000326e+05 3.876875900000001275e+04 1.198771100000000297e+04 1.513010000000000036e+04 -1.262060000000000036e+04 -4.677022099999996499e+03 1.830513900000000649e+04 5.005785000000000373e+00 9.338481300000006646e-01 1.316420200000000186e+07 1.002660000000000000e+07 8.186330199999999024e+01
       dtu_10mw_rwt_16.0_45772.dat 1.894104900000001024e+01 8.552100799999999836e-01 1.077371700000000374e+03 2.265990200000000243e+01 1.535140599999999977e+05 5.682195100000005186e+04 1.676720400000000154e+04 1.549470700000000215e+04 -1.251160000000000036e+04 -2.665620599999994283e+03 1.902551800000000367e+04 5.561331400000000258e+00 9.767895600000009448e-01 1.307610300000000000e+07 1.002820000000000000e+07 8.187991300000001615e+01
       dtu_10mw_rwt_16.0_55975.dat 1.815380100000000141e+01 8.460120299999999149e-01 1.212791200000000117e+03 2.139350100000000054e+01 1.573731400000000140e+05 4.428730599999999686e+04 1.549214400000000933e+04 1.538780299999999988e+04 -1.255489899999999943e+04 -2.228279700000000048e+03 1.883025100000001112e+04 5.957540100000000116e+00 1.031410200000000055e+00 1.315720100000000000e+07 1.003140000000000000e+07 8.187971900000000858e+01
        dtu_10mw_rwt_16.0_5616.dat 1.696740000000000137e+01 8.441831400000000540e-01 1.060280600000000049e+03 2.171469300000002178e+01 1.427084000000000815e+05 4.036592200000000594e+04 1.290775700000001234e+04 1.523150200000000041e+04 -1.261949899999999980e+04 -4.433478099999997539e+03 1.833712900000000445e+04 4.771967200000009512e+00 8.944445800000002667e-01 1.281120100000000000e+07 1.002620000000000000e+07 8.182772599999999841e+01
       dtu_10mw_rwt_16.0_56353.dat 1.743581500000000162e+01 8.466900200000000432e-01 1.088731700000000274e+03 2.159780299999999897e+01 1.478502800000000279e+05 3.925803200000000652e+04 1.445702000000000407e+04 1.530300500000000102e+04 -1.260239799999999923e+04 -3.488080799999996088e+03 1.860024900000001071e+04 5.399841799999999914e+00 9.749462300000000248e-01 1.313170200000000000e+07 1.002670000000000000e+07 8.186070299999998667e+01
        dtu_10mw_rwt_16.0_7031.dat 1.847990199999999916e+01 8.367001200000000471e-01 1.075470100000000230e+03 2.266030500000000103e+01 1.448571000000000058e+05 4.673865700000001380e+04 1.435151200000000244e+04 1.512179999999999927e+04 -1.271899899999999980e+04 -2.820276499999997213e+03 1.849373200000000725e+04 5.473987400000001280e+00 9.764174899999999990e-01 1.283640000000000000e+07 1.002510000000000000e+07 8.187540299999999149e+01
       dtu_10mw_rwt_17.0_20390.dat 1.864181000000000310e+01 8.516643000000000407e-01 1.046531900000000178e+03 2.217460400000000220e+01 1.409661000000000349e+05 6.348898100000001432e+04 1.703272500000000582e+04 1.566980199999999968e+04 -1.247649899999999980e+04 -4.999645499999901403e+02 1.945846000000001368e+04 4.967331300000002337e+00 9.199176500000001422e-01 1.302330700000000186e+07 1.003550000000000000e+07 8.190120100000001457e+01
       dtu_10mw_rwt_17.0_37683.dat 1.922030000000000172e+01 8.476310400000000023e-01 1.029010300000000143e+03 2.246679999999999922e+01 1.354220600000000268e+05 4.457020900000004622e+04 1.569552100000000428e+04 1.540450000000000000e+04 -1.259069700000000012e+04 -6.087692599999926415e+02 1.940700600000000122e+04 4.700282600000005750e+00 8.817420500000000549e-01 1.301940000000000000e+07 1.003040000000000000e+07 8.188320099999999968e+01
       dtu_10mw_rwt_17.0_45521.dat 1.979620900000000105e+01 8.514290600000000708e-01 9.988931100000000924e+02 2.322577600000001752e+01 1.401421200000000536e+05 5.285342600000002130e+04 1.636060100000000057e+04 1.552912100000000464e+04 -1.248189899999999943e+04 -1.117167899999999690e+03 1.857170300000000134e+04 4.735845100000003249e+00 8.851718100000002254e-01 1.325650200000000186e+07 1.003410000000000000e+07 8.197534000000000276e+01
       dtu_10mw_rwt_17.0_49865.dat 1.933691700000000324e+01 8.480080100000000343e-01 1.062150100000000066e+03 2.291066300000001377e+01 1.456380000000000000e+05 4.157964300000003277e+04 1.525663500000000749e+04 1.551370700000000215e+04 -1.255909900000000016e+04 -2.047869299999997793e+03 1.906711100000000079e+04 4.998035400000005346e+00 9.216845500000004909e-01 1.297760000000000000e+07 1.003030100000000000e+07 8.191200000000000614e+01
       dtu_10mw_rwt_17.0_60465.dat 1.998351400000000311e+01 8.453170199999999745e-01 1.024961700000000519e+03 2.319500400000000084e+01 1.454790400000000081e+05 4.605873900000000867e+04 1.334082400000000416e+04 1.510379999999999927e+04 -1.260529799999999886e+04 -3.230139299999999821e+03 1.793160199999999895e+04 4.800443100000004293e+00 9.057068900000002643e-01 1.289800000000000000e+07 1.002600000000000000e+07 8.191560099999999522e+01
        dtu_10mw_rwt_17.0_7334.dat 1.930870000000000175e+01 8.596250300000000122e-01 1.139960500000000138e+03 2.233980400000000088e+01 1.535280299999999988e+05 5.028440299999999843e+04 1.748232200000000375e+04 1.529850400000000081e+04 -1.241720000000000073e+04 -2.233790699999990466e+03 1.837731800000000294e+04 5.686242400000004693e+00 1.011815200000001136e+00 1.305880100000000000e+07 1.003240000000000000e+07 8.194980299999998863e+01
       dtu_10mw_rwt_18.0_25103.dat 2.069270099999999957e+01 8.583365000000000578e-01 9.674058600000004162e+02 2.395230300000000057e+01 1.380910000000000000e+05 5.426534200000006967e+04 1.693703400000002875e+04 1.552910200000000077e+04 -1.238689699999999903e+04 4.956283100000219974e+02 1.965972400000000562e+04 4.258883200000001423e+00 8.267196300000000386e-01 1.305580200000000000e+07 1.003540000000000000e+07 8.198560100000001682e+01
       dtu_10mw_rwt_18.0_27317.dat 2.137650099999999753e+01 8.552820600000000661e-01 1.042391400000000431e+03 2.498330599999999890e+01 1.389930199999999895e+05 5.327321800000000076e+04 1.570464600000000974e+04 1.569753500000000713e+04 -1.245799899999999980e+04 -9.402408699999863302e+02 1.928201600000000326e+04 4.246075700000003117e+00 8.264014500000003149e-01 1.319420200000000000e+07 1.003470000000000000e+07 8.193420100000000161e+01
       dtu_10mw_rwt_18.0_28016.dat 2.148500500000000102e+01 8.501711899999999655e-01 1.153552000000000362e+03 2.436720400000000097e+01 1.429851600000000326e+05 5.130890300000002026e+04 1.517200500000002103e+04 1.506920100000000093e+04 -1.253120000000000073e+04 -1.269524899999996933e+03 1.809900900000000183e+04 4.985031100000004045e+00 9.384450499999998918e-01 1.322760000000000000e+07 1.002930000000000000e+07 8.196172599999999875e+01
       dtu_10mw_rwt_18.0_34558.dat 1.974760799999999961e+01 8.515842100000000636e-01 1.013690200000000004e+03 2.326390400000000014e+01 1.434273800000000920e+05 5.812901099999999860e+04 2.049370400000000154e+04 1.565730099999999948e+04 -1.244909599999999955e+04 1.510914000000007036e+03 1.972241500000000451e+04 4.654499700000004125e+00 8.759601399999999982e-01 1.306070100000000000e+07 1.004100000000000000e+07 8.191800600000000543e+01
       dtu_10mw_rwt_18.0_46192.dat 2.057921300000000286e+01 8.506110299999999347e-01 9.607731199999999490e+02 2.426530899999999846e+01 1.344460100000000093e+05 5.470162300000000687e+04 1.575672200000000521e+04 1.545540200000000004e+04 -1.251669599999999991e+04 2.741272600000143598e+02 1.999181800000000294e+04 4.275029600000001651e+00 8.301157700000004747e-01 1.305460100000000186e+07 1.003240000000000000e+07 8.196921900000000960e+01
        dtu_10mw_rwt_18.0_8966.dat 2.139360599999999835e+01 8.497890900000000247e-01 9.864903500000000349e+02 2.557193200000000743e+01 1.406600200000000186e+05 5.841326500000001397e+04 1.726246300000005431e+04 1.545590300000000025e+04 -1.253479799999999886e+04 -4.116495499999911090e+02 1.862501700000000346e+04 4.318832900000000308e+00 8.393182300000002760e-01 1.328780000000000000e+07 1.003330000000000000e+07 8.198960399999999993e+01
       dtu_10mw_rwt_19.0_17843.dat 2.230990299999999849e+01 8.491300400000000304e-01 9.143293400000000020e+02 2.621650800000000103e+01 1.357592000000000407e+05 5.317174300000000949e+04 1.885512800000002608e+04 1.536350500000000102e+04 -1.246569499999999971e+04 5.718727800000003754e+02 1.880180900000000111e+04 3.699078800000001888e+00 7.574711400000000427e-01 1.312220300000000186e+07 1.003620000000000000e+07 8.204680100000000209e+01
       dtu_10mw_rwt_19.0_20935.dat 2.154550600000000316e+01 8.591292000000000373e-01 9.982545900000001211e+02 2.514573000000000746e+01 1.455000100000000093e+05 7.609583299999999872e+04 1.853481200000000172e+04 1.598390099999999984e+04 -1.236649599999999919e+04 3.048252000000000407e+03 2.050981700000000274e+04 4.619160900000016667e+00 8.749381299999999806e-01 1.317580400000000000e+07 1.004170000000000000e+07 8.197170699999999499e+01
       dtu_10mw_rwt_19.0_33144.dat 2.189621000000000350e+01 8.515360499999999888e-01 9.122425200000001269e+02 2.506411000000000300e+01 1.339150600000000268e+05 4.990895500000003813e+04 2.043831700000000274e+04 1.584260200000000077e+04 -1.243870000000000073e+04 3.629838100000008126e+03 2.006011400000000140e+04 4.055218800000004009e+00 8.064862200000004755e-01 1.308760000000000000e+07 1.004140000000000000e+07 8.204200199999999654e+01
       dtu_10mw_rwt_19.0_51363.dat 2.194420900000000074e+01 8.522402900000001225e-01 9.510205900000003112e+02 2.497472900000000351e+01 1.379541900000000314e+05 5.608137300000001414e+04 2.084574900000002890e+04 1.555230099999999948e+04 -1.251669900000000052e+04 2.092498600000003535e+03 1.919191800000000512e+04 3.923313900000002352e+00 7.918209000000008269e-01 1.323540100000000000e+07 1.003510000000000000e+07 8.208530700000000024e+01
       dtu_10mw_rwt_19.0_56307.dat 2.144821700000000320e+01 8.504511099999999546e-01 9.548557200000001330e+02 2.486290299999999931e+01 1.390361000000000349e+05 5.728092399999999907e+04 1.614278300000001764e+04 1.577590400000000045e+04 -1.248829999999999927e+04 7.079300500000007332e+02 1.949082300000000396e+04 4.007639900000004474e+00 7.932943600000003093e-01 1.299910100000000000e+07 1.003440000000000000e+07 8.203551099999999963e+01
       dtu_10mw_rwt_19.0_63447.dat 2.416531000000000162e+01 8.491300200000000409e-01 9.180655700000000934e+02 2.528223100000000656e+01 1.333930299999999988e+05 5.987899000000001979e+04 1.550961900000000423e+04 1.554780099999999948e+04 -1.253709900000000016e+04 -1.917114399999888974e+02 1.851092200000000594e+04 3.370283200000002921e+00 7.177134300000003186e-01 1.310220100000000000e+07 1.003140000000000000e+07 8.204330099999999959e+01
       dtu_10mw_rwt_20.0_20852.dat 2.322990400000000122e+01 8.529742200000000052e-01 9.406073099999999840e+02 2.620200100000000276e+01 1.386280900000000256e+05 5.076612200000002485e+04 1.923860900000000038e+04 1.549029999999999927e+04 -1.242489899999999943e+04 2.515419700000004013e+03 1.945360399999999936e+04 3.676044400000000767e+00 7.594599700000000952e-01 1.316660100000000000e+07 1.003990000000000000e+07 8.204720299999999611e+01
       dtu_10mw_rwt_20.0_25497.dat 2.240710199999999830e+01 8.515550899999999590e-01 8.939466800000003559e+02 2.660461700000000462e+01 1.341770599999999977e+05 5.527753800000002957e+04 1.885343800000000920e+04 1.556550100000000020e+04 -1.244300000000000000e+04 2.404395900000027723e+03 1.966523900000002686e+04 3.766947500000001448e+00 7.681673900000006716e-01 1.317140000000000000e+07 1.003620000000000000e+07 8.203430099999999925e+01
       dtu_10mw_rwt_20.0_29025.dat 2.283970000000000056e+01 8.580661300000000935e-01 9.420793000000005577e+02 2.600430000000000064e+01 1.370803900000000722e+05 5.910333900000000722e+04 1.987170400000000154e+04 1.600570200000000114e+04 -1.236370000000000073e+04 3.241945800000005420e+03 1.987900200000000041e+04 3.623740500000004250e+00 7.540439100000002615e-01 1.349310500000000186e+07 1.004010000000000000e+07 8.200111199999999201e+01
       dtu_10mw_rwt_20.0_43745.dat 2.449870299999999901e+01 8.498130900000000487e-01 9.192091500000000224e+02 2.629623400000000544e+01 1.307550900000000256e+05 4.636233900000002177e+04 1.443004600000000937e+04 1.525670800000000236e+04 -1.252689899999999943e+04 9.937248800000028268e+02 1.880200200000000041e+04 3.290133400000000652e+00 7.125867800000004193e-01 1.311620100000000000e+07 1.003360000000000000e+07 8.205660100000000057e+01
       dtu_10mw_rwt_20.0_51504.dat 2.448320299999999961e+01 8.594370000000000065e-01 9.079114200000000210e+02 2.764590499999999906e+01 1.367841000000000349e+05 6.131612000000002445e+04 1.767860900000000038e+04 1.613350300000000061e+04 -1.230129999999999927e+04 4.095996000000029653e+03 2.086002300000000469e+04 3.534872000000002235e+00 7.308990800000004784e-01 1.325280300000000186e+07 1.004790000000000000e+07 8.201610199999998940e+01
       dtu_10mw_rwt_20.0_54726.dat 2.309290500000000179e+01 8.600311099999999875e-01 9.093712800000000698e+02 2.680605300000001279e+01 1.330581300000000047e+05 4.841358600000002480e+04 1.433433000000000538e+04 1.532260600000000159e+04 -1.236169599999999991e+04 5.666921500000127025e+02 1.864486900000001333e+04 3.839253200000004806e+00 7.854388200000002040e-01 1.333480400000000000e+07 1.003710100000000000e+07 8.205330100000000471e+01
       dtu_10mw_rwt_21.0_25181.dat 2.505490900000000210e+01 8.597571600000000203e-01 8.812293500000000677e+02 2.705731200000000314e+01 1.304651500000000233e+05 5.647242100000000210e+04 1.887400200000000041e+04 1.592880299999999988e+04 -1.231099699999999939e+04 4.029253800000017236e+03 2.017653800000000774e+04 3.245956300000005346e+00 7.096944300000002093e-01 1.339350600000000186e+07 1.004520000000000000e+07 8.206790600000000779e+01
        dtu_10mw_rwt_21.0_3963.dat 2.394699999999999918e+01 8.620880099999999047e-01 9.404348500000008926e+02 2.748730500000000276e+01 1.437450400000000081e+05 5.998518200000001525e+04 2.410973100000002523e+04 1.638580500000000029e+04 -1.218299699999999939e+04 7.011730400000005829e+03 2.124070400000000154e+04 4.552156800000011216e+00 8.532899300000008624e-01 1.336000000000000000e+07 1.006000000000000000e+07 8.213660200000001055e+01
       dtu_10mw_rwt_21.0_42162.dat 2.491670300000000182e+01 8.592083699999999435e-01 8.462491600000000744e+02 3.020022700000000171e+01 1.274860100000000093e+05 6.646164300000001094e+04 1.832960800000000017e+04 1.576120600000000195e+04 -1.238529099999999744e+04 2.152095800000006875e+03 1.904700700000000143e+04 3.034010300000000271e+00 6.814893500000001048e-01 1.305210000000000000e+07 1.003800000000000000e+07 8.206180600000000425e+01
        dtu_10mw_rwt_21.0_5160.dat 2.486570000000000036e+01 8.590200199999999953e-01 8.689245400000000927e+02 2.969481600000000299e+01 1.445940899999999965e+05 6.767154000000006636e+04 2.113631000000000131e+04 1.594210100000000057e+04 -1.230389899999999943e+04 5.301175700000012512e+03 2.064332600000000457e+04 3.058062400000002512e+00 6.749620200000000514e-01 1.315040200000000000e+07 1.004980000000000000e+07 8.203620499999999538e+01
       dtu_10mw_rwt_21.0_57341.dat 2.540540200000000226e+01 8.621342899999999698e-01 9.203651199999999335e+02 2.827250599999999991e+01 1.482960500000000175e+05 5.904240700000002107e+04 2.211232700000000477e+04 1.612660600000000159e+04 -1.222809799999999996e+04 5.928336400000013782e+03 1.999550100000000020e+04 3.999680500000014405e+00 7.971140600000000687e-01 1.338370200000000186e+07 1.005020000000000000e+07 8.209132800000001851e+01
       dtu_10mw_rwt_21.0_61500.dat 2.475319999999999965e+01 8.663644300000000742e-01 9.084248900000001186e+02 2.709152200000000477e+01 1.430941800000000512e+05 6.620561100000000442e+04 2.018808100000001650e+04 1.603900100000000020e+04 -1.224559900000000016e+04 4.949367900000003829e+03 2.084071700000000419e+04 3.284053100000002612e+00 7.014410600000000606e-01 1.326430100000000000e+07 1.005040000000000000e+07 8.209260400000000857e+01
       dtu_10mw_rwt_22.0_29503.dat 2.626180000000000092e+01 8.607633500000000382e-01 8.713290700000000015e+02 2.930110100000000273e+01 1.348922300000000396e+05 6.265140000000002328e+04 2.093090400000000227e+04 1.568520100000000093e+04 -1.232119800000000032e+04 5.245616800000003423e+03 1.996640700000000288e+04 3.271540599999999799e+00 7.083577300000001298e-01 1.306150300000000000e+07 1.004600000000000000e+07 8.212952599999999848e+01
       dtu_10mw_rwt_22.0_40013.dat 2.533820000000000050e+01 8.622990400000001276e-01 8.640763600000005908e+02 2.897861700000000340e+01 1.383072000000000407e+05 6.044333600000001024e+04 2.085313100000000486e+04 1.560480299999999988e+04 -1.230399699999999939e+04 4.699854100000013204e+03 1.964891900000000533e+04 2.999321200000000243e+00 6.689963100000001495e-01 1.332900000000000000e+07 1.004480000000000000e+07 8.214771100000000104e+01
       dtu_10mw_rwt_22.0_40231.dat 2.597091300000000302e+01 8.561080099999999193e-01 8.457212500000002819e+02 2.995051400000000541e+01 1.362480200000000186e+05 7.266008800000003248e+04 1.991846600000001490e+04 1.605170100000000093e+04 -1.237200000000000000e+04 4.582651200000012977e+03 2.062595800000001327e+04 3.168231900000002099e+00 6.867399400000003817e-01 1.304310100000000000e+07 1.004880000000000000e+07 8.208330699999999069e+01
       dtu_10mw_rwt_22.0_41304.dat 2.577530000000000143e+01 8.571170200000000072e-01 8.441160899999999856e+02 2.815712500000000418e+01 1.287071700000000419e+05 6.056912400000001071e+04 1.801461100000000079e+04 1.562920100000000093e+04 -1.242549899999999980e+04 4.104943300000002637e+03 1.968512000000000262e+04 3.295850700000002131e+00 7.150783500000008619e-01 1.314750200000000000e+07 1.004210000000000000e+07 8.211320300000001282e+01
       dtu_10mw_rwt_22.0_47014.dat 2.530620300000000000e+01 8.559261299999999517e-01 8.746922200000004750e+02 2.950802400000000603e+01 1.347962100000000501e+05 6.943180100000000675e+04 2.027504900000000998e+04 1.607190800000000127e+04 -1.231199299999999857e+04 4.995306800000001203e+03 2.074415800000001036e+04 2.800262500000000543e+00 6.439013600000005333e-01 1.323680100000000000e+07 1.004970100000000000e+07 8.210860299999998801e+01
       dtu_10mw_rwt_22.0_52742.dat 2.564980900000000119e+01 8.617390100000000830e-01 8.486582200000000284e+02 2.899791900000000311e+01 1.377321500000000233e+05 5.887384800000001269e+04 1.920939500000001863e+04 1.616471600000000399e+04 -1.231760000000000036e+04 6.025474400000004607e+03 2.123141000000000349e+04 3.618534900000006882e+00 7.553622199999999731e-01 1.342700100000000000e+07 1.004450000000000000e+07 8.203220299999999554e+01
       dtu_10mw_rwt_23.0_18883.dat 2.710250299999999868e+01 8.691307600000001132e-01 8.391389200000002120e+02 3.020554700000000992e+01 1.360800299999999988e+05 7.194504300000001967e+04 2.209450100000000020e+04 1.623190400000000045e+04 -1.217119900000000052e+04 7.799365600000007362e+03 2.093220800000000236e+04 2.981422700000004422e+00 6.631870400000003940e-01 1.334270100000000000e+07 1.005170000000000000e+07 8.213580600000000231e+01
       dtu_10mw_rwt_23.0_31026.dat 2.619429999999999836e+01 8.656110800000000882e-01 8.524305200000001150e+02 2.914630900000000224e+01 1.379490599999999977e+05 6.736021199999999953e+04 2.158606200000001263e+04 1.650540500000000247e+04 -1.226960000000000036e+04 6.878397300000009636e+03 1.993354200000000856e+04 3.137226800000001870e+00 6.941269800000003931e-01 1.349110100000000000e+07 1.005180000000000000e+07 8.215330700000001229e+01
       dtu_10mw_rwt_23.0_36127.dat 2.615030800000000255e+01 8.633330300000000568e-01 9.177487900000000991e+02 2.951722200000000385e+01 1.452195400000001246e+05 6.045531500000000233e+04 2.353712500000000364e+04 1.619161100000000260e+04 -1.220960000000000036e+04 6.941894500000001244e+03 2.063158000000001630e+04 2.941182500000000477e+00 6.637548800000003801e-01 1.372150500000000000e+07 1.005260100000000000e+07 8.212470100000001594e+01
       dtu_10mw_rwt_23.0_49683.dat 2.684720400000000495e+01 8.622780200000000894e-01 8.411464200000000346e+02 3.039641400000000360e+01 1.399022500000000582e+05 7.031955000000001746e+04 2.496661100000000079e+04 1.627180299999999988e+04 -1.221019900000000052e+04 8.257353900000016438e+03 2.085021600000000399e+04 3.278531800000002328e+00 7.083217100000001043e-01 1.340270400000000186e+07 1.005260000000000000e+07 8.216680099999999243e+01
       dtu_10mw_rwt_23.0_49834.dat 2.715850400000000064e+01 8.592221700000001183e-01 8.596033700000004956e+02 3.069974000000000558e+01 1.332520299999999988e+05 6.974501500000011583e+04 2.262933700000000681e+04 1.598310100000000057e+04 -1.226649899999999980e+04 6.672581100000008519e+03 2.043311500000000160e+04 2.410674000000001094e+00 5.950083800000000034e-01 1.343650100000000000e+07 1.004980000000000000e+07 8.213091300000000672e+01
       dtu_10mw_rwt_23.0_57680.dat 2.705740199999999973e+01 8.568092000000001596e-01 8.098515300000001389e+02 2.985880599999999774e+01 1.332340700000000070e+05 6.582335900000001129e+04 1.994422900000000664e+04 1.575111700000000383e+04 -1.238509799999999996e+04 5.286956800000000840e+03 1.944730099999999948e+04 2.435084100000000973e+00 6.028523000000001186e-01 1.309780000000000000e+07 1.004740000000000000e+07 8.213640900000000045e+01
       dtu_10mw_rwt_24.0_11244.dat 2.697100600000000270e+01 8.701970599999999667e-01 8.539260900000000447e+02 3.201383800000001401e+01 1.378342600000000384e+05 6.262484800000001269e+04 2.102405100000001039e+04 1.593090700000000106e+04 -1.214450000000000000e+04 7.501633400000004258e+03 1.982680800000000090e+04 2.858527700000003335e+00 6.618952700000000355e-01 1.343120100000000000e+07 1.005380000000000000e+07 8.219481199999999887e+01
       dtu_10mw_rwt_24.0_11250.dat 2.864770100000000141e+01 8.694850199999999418e-01 8.725702400000001262e+02 3.088812200000000274e+01 1.403010100000000093e+05 7.731130600000009872e+04 2.312173600000000806e+04 1.599100200000000041e+04 -1.210629999999999927e+04 7.009188000000003740e+03 2.137971900000000460e+04 2.955561000000000771e+00 6.570992000000002164e-01 1.351800400000000186e+07 1.006230100000000000e+07 8.209070200000000739e+01
         dtu_10mw_rwt_24.0_377.dat 2.891960099999999656e+01 8.686950500000000241e-01 8.421404300000003786e+02 3.131390800000000141e+01 1.351600100000000093e+05 7.270109600000001956e+04 2.314712900000000445e+04 1.608670200000000114e+04 -1.213919900000000052e+04 8.788120300000004136e+03 2.069730800000000090e+04 2.774038100000009610e+00 6.321795100000000556e-01 1.334310100000000000e+07 1.005440000000000000e+07 8.221100300000000516e+01
       dtu_10mw_rwt_24.0_44891.dat 2.853310500000000260e+01 8.661980800000000924e-01 8.488391300000001820e+02 3.204621699999999862e+01 1.468832500000000582e+05 7.874397400000001653e+04 2.618224400000000969e+04 1.620850100000000020e+04 -1.209819900000000052e+04 8.312015400000003865e+03 2.089180700000000070e+04 2.857215600000000855e+00 6.561531200000001451e-01 1.361791400000000186e+07 1.006210000000000000e+07 8.222360500000000627e+01
       dtu_10mw_rwt_24.0_50518.dat 2.974301100000000275e+01 8.592371700000001056e-01 8.160711100000000897e+02 3.208470100000000258e+01 1.380880400000000081e+05 7.598402100000003702e+04 1.948970600000000195e+04 1.566382600000000457e+04 -1.225309299999999894e+04 6.119133200000001125e+03 1.953891700000000492e+04 1.920378500000001765e+00 5.345166600000000878e-01 1.319460000000000000e+07 1.005020000000000000e+07 8.216681300000000476e+01
       dtu_10mw_rwt_24.0_60394.dat 2.767980100000000121e+01 8.632870900000000347e-01 8.523400699999999688e+02 3.193020100000000028e+01 1.415320500000000175e+05 7.093358000000003085e+04 2.442204500000000917e+04 1.667620400000000154e+04 -1.217089999999999964e+04 8.812389100000007602e+03 2.155411500000000160e+04 3.025010100000000257e+00 6.739930199999999427e-01 1.345660500000000186e+07 1.005490000000000000e+07 8.221529999999999916e+01
