Statistics: del10. Generated: 10/11/2021 11:32:51. No. files: 120.
                              File                       4                      10                      13                      15                      17                      18                      20                      21                      25                      26                      27                      61                      64                      70                     100                     108
       dtu_10mw_rwt_05.0_21716.dat nan 1.037417336389519495e-01 2.537390509832731595e+02 3.654782024861340073e+00 7.056376258406326815e+04 2.802083866961206513e+04 1.141792113594509101e+04 2.299238804293276189e+03 1.672860880404187583e+03 7.513312864039547094e+03 1.908369251326673475e+04 1.157625539519886892e+01 1.000991405804845691e+00 1.547973615103659686e+06 8.666727359775995137e+05 5.493966706176872350e+01
       dtu_10mw_rwt_05.0_40322.dat nan 6.196778238449475451e-02 1.567643095129996880e+02 3.378899111549712231e+00 3.220257026790097007e+04 1.192397372952815749e+04 6.130565204644442929e+03 1.318136072221627273e+03 9.740251640614421831e+02 5.030709282171344057e+03 1.856178957346482275e+04 8.964539504920759683e+00 8.522326160143074425e-01 9.014504328983022133e+05 4.847951872234971961e+05 5.447657152876085718e+01
       dtu_10mw_rwt_05.0_43619.dat nan 8.446830336707060460e-02 2.273505946383795333e+02 3.686059645332444568e+00 6.767432693331124028e+04 2.182684267657552846e+04 1.100464134399619616e+04 2.137966170613538452e+03 1.473674747644472518e+03 8.971037341438928706e+03 1.919400835775952510e+04 1.169481115544699357e+01 1.042173639494911708e+00 1.380525737273122184e+06 8.276783579880186589e+05 5.500592291975218728e+01
       dtu_10mw_rwt_05.0_47165.dat nan 4.350191665519168027e-02 1.412954200421540918e+02 3.677080542626798287e+00 3.838478989377061953e+04 1.189487099408385802e+04 8.250147324609546558e+03 1.080653960256537403e+03 6.564431802092700536e+02 5.887431341603978581e+03 1.857187119493194405e+04 1.284028377288113809e+01 1.175783964447802754e+00 6.073774191736165667e+05 3.129115011497390806e+05 5.418452543482734285e+01
       dtu_10mw_rwt_05.0_47952.dat nan 9.855537689084865882e-02 2.493267360751400190e+02 3.304928899579518298e+00 6.866633628121296351e+04 2.742007597726599124e+04 8.392241024589426161e+03 1.999635248330690501e+03 1.739232769174823034e+03 8.980291285017461632e+03 1.863083961340393944e+04 1.183252061922742371e+01 1.005039464760169032e+00 1.597278347604661947e+06 9.787796478361665504e+05 5.475182073362137203e+01
       dtu_10mw_rwt_05.0_50292.dat nan 6.813206409121402851e-02 1.638108437549149983e+02 3.123982731979511485e+00 3.372127460602192150e+04 1.180647600023386076e+04 6.929866097884633746e+03 1.387534962807941611e+03 1.045061821839712593e+03 6.080477447147259227e+03 1.876845628350419429e+04 1.085305141664710682e+01 9.771259013117242764e-01 9.721507619908654597e+05 5.162964623211600119e+05 5.467637293341161353e+01
       dtu_10mw_rwt_06.0_14324.dat nan 7.584876055438720399e-02 2.349251662124134725e+02 3.730119192605535261e+00 7.600456984385124815e+04 3.974056634159846726e+04 1.109477089560518652e+04 1.986068600523243276e+03 1.429549706450690337e+03 8.181187068314197859e+03 1.917220381871103382e+04 1.015895696340936816e+01 9.678106542993961670e-01 1.308557209574239329e+06 8.405457345158488024e+05 5.560744910106696892e+01
       dtu_10mw_rwt_06.0_26862.dat nan 1.017893444296004701e-01 2.809552088461931021e+02 3.840448650811727038e+00 7.413719771343588945e+04 3.028714871885243701e+04 9.288367371544218258e+03 2.299078647640109466e+03 1.870679110698109980e+03 7.984875375756794710e+03 1.903753131369022594e+04 9.760534812084632250e+00 9.165751600654802322e-01 1.727534728047803277e+06 1.100589476570702391e+06 5.575490910706651704e+01
       dtu_10mw_rwt_06.0_47824.dat nan 9.546920247498505430e-02 2.667775848810375123e+02 4.051604209797341483e+00 5.991906010103226436e+04 2.194801308013608286e+04 8.168966720133739727e+03 1.860032469925925170e+03 1.581358118412368185e+03 6.946379801661646525e+03 1.909803183884666214e+04 1.092604529384266954e+01 1.050432502355909792e+00 1.461513489362486638e+06 8.471497343651938718e+05 5.548548238507177643e+01
       dtu_10mw_rwt_06.0_51321.dat nan 9.283527629410782966e-02 2.861296636756138128e+02 4.090244960394973539e+00 6.951025945595388475e+04 4.557114046280882030e+04 9.986197082007491190e+03 2.183463886717011974e+03 1.848802318477372182e+03 8.987013370345634030e+03 1.913065376312326771e+04 1.078652543590908941e+01 9.835899723346400725e-01 1.705949568659717450e+06 1.185510310930420645e+06 5.590487941441868713e+01
       dtu_10mw_rwt_06.0_52263.dat nan 6.983793805498000884e-02 2.181440289707732347e+02 3.601086497991837998e+00 8.454252140994060028e+04 6.843209884187743592e+04 9.426925004943766908e+03 2.120617860667423429e+03 1.406225360210458120e+03 7.080866587455177068e+03 1.956429173571645515e+04 7.805350637379025791e+00 7.539798556684169650e-01 1.289568051207900047e+06 8.848813704450419173e+05 5.639330681491452424e+01
       dtu_10mw_rwt_06.0_55769.dat nan 8.987154996229428094e-02 2.777504646041056162e+02 3.673378848754133230e+00 1.156123420025986270e+05 7.091698119033790135e+04 1.131606009801516484e+04 2.685907612433648410e+03 1.734609123380909750e+03 9.996185215804467589e+03 1.986064246815715524e+04 1.095710945244163348e+01 9.439630073118413511e-01 1.605056503948925296e+06 1.077085722490566550e+06 5.648006058591086997e+01
        dtu_10mw_rwt_07.0_2336.dat nan 1.650389741051576931e-01 5.797763933257575673e+02 4.526546220138037313e+00 1.433114612752101384e+05 6.831799338730420277e+04 1.896294327044340389e+04 5.010164928118195348e+03 4.025726098776935942e+03 1.607447924543501176e+04 2.042258282603373300e+04 1.141721437285551666e+01 1.021712398818181544e+00 3.666269892514095176e+06 3.118627940675227437e+06 5.860036609598225255e+01
       dtu_10mw_rwt_07.0_40743.dat nan 1.009318988209703533e-01 3.808691927870872860e+02 4.232450697048555810e+00 1.015659501102863578e+05 9.424938708333225804e+04 1.200187157576308709e+04 3.246995859724554975e+03 2.359755681324546458e+03 1.034461462447489794e+04 2.011989608241091992e+04 8.230611166051200911e+00 8.015898323579505602e-01 2.179951366453500930e+06 1.747703471906245919e+06 5.796004000983124627e+01
       dtu_10mw_rwt_07.0_45626.dat nan 1.007256312769632123e-01 3.441408737621040927e+02 4.755127054998089520e+00 9.814460315652345889e+04 6.081517760015701788e+04 1.174463961382226444e+04 3.002816511988937691e+03 2.199977774618104831e+03 1.018008143739358275e+04 1.971401921461947859e+04 7.667226908737901248e+00 7.112102349656892475e-01 2.018338361258554738e+06 1.508943636799219064e+06 5.823860034099858041e+01
       dtu_10mw_rwt_07.0_52870.dat nan 9.324372449521881046e-02 3.625323169104922272e+02 4.173339653643454383e+00 1.170320385734052252e+05 9.685703309230225568e+04 1.549495636539562474e+04 3.906317616517683291e+03 2.270609411117496165e+03 1.352143447788891172e+04 1.992960111792325188e+04 9.920382110596307257e+00 9.731868138307702143e-01 2.069025955145702697e+06 1.682345807402899256e+06 5.789461467565656960e+01
       dtu_10mw_rwt_07.0_52899.dat nan 9.971003527610769468e-02 3.560159813343473729e+02 4.192668571499505781e+00 1.342907050840110169e+05 7.638642870456742821e+04 1.158145802287454535e+04 3.176311432698505541e+03 2.198920962653648530e+03 1.052666074011467026e+04 2.019107640980131328e+04 1.058725111886341352e+01 1.009315303583455892e+00 2.026038432757894276e+06 1.515281514980735723e+06 5.741787726366857214e+01
        dtu_10mw_rwt_07.0_8564.dat nan 1.334025378960486397e-01 4.225207690446786160e+02 3.527081560055248310e+00 9.708304561219258176e+04 1.137000621339440549e+05 1.270885527214316062e+04 3.946616071916779219e+03 2.938789295759142078e+03 1.200452360326934468e+04 1.968477208476202213e+04 9.467504766930900928e+00 7.980418768105130845e-01 2.737357613951464184e+06 2.100285386717733461e+06 5.762783732955440996e+01
       dtu_10mw_rwt_08.0_15536.dat nan 1.499409605616438823e-01 5.624609498909474041e+02 4.003644426817405844e+00 1.268283855663481809e+05 8.721763657074166986e+04 1.805379847858779249e+04 4.708787792598418491e+03 3.837810637111093001e+03 1.597356334856243302e+04 2.032303100841104970e+04 8.310650684295909585e+00 7.910593771821127218e-01 3.517680182858154643e+06 3.253471876902546734e+06 5.935768318398837806e+01
       dtu_10mw_rwt_08.0_22441.dat nan 1.135425754781683727e-01 4.394889557952230348e+02 4.394476266804417719e+00 1.469037837922472681e+05 6.530643752017663792e+04 1.618042723213131285e+04 3.924355797649263877e+03 2.958244736364024902e+03 1.421605513710477135e+04 2.064786408389723874e+04 7.768937087124341723e+00 7.347217886094756789e-01 2.729658992246383335e+06 2.455360780541469343e+06 5.906611466449751191e+01
       dtu_10mw_rwt_08.0_32293.dat nan 1.309065108891203921e-01 4.913992541360429414e+02 4.965277473307987854e+00 1.254839428916108736e+05 8.097192802588302584e+04 1.449722137447681780e+04 3.842380674520830780e+03 3.230076609067298705e+03 1.249005509575698488e+04 2.066989503620079267e+04 8.963009525643439446e+00 8.427029726445033342e-01 2.959429864079678897e+06 2.508060874584252946e+06 5.923227879894457715e+01
       dtu_10mw_rwt_08.0_41120.dat nan 1.318984816032635898e-01 5.039653821829910498e+02 4.607565960886153889e+00 1.232481884531712130e+05 8.317133766031567939e+04 1.382585403602126462e+04 4.499201995037765300e+03 3.437175004258291210e+03 1.479527035969538520e+04 2.130876555410865330e+04 8.404571827984332444e+00 7.860527182791956502e-01 3.140752322638428770e+06 2.952206529720414896e+06 5.888780746917726816e+01
       dtu_10mw_rwt_08.0_46290.dat nan 1.250112306028862974e-01 4.518186441346438755e+02 4.667419348188968087e+00 1.125129121183416137e+05 8.541541058632207569e+04 1.472580384459492961e+04 4.108662325574748138e+03 3.093900946122332698e+03 1.318929864345397436e+04 2.078340105330073493e+04 9.650046483876963066e+00 9.049508602257374523e-01 2.866433411301468033e+06 2.404656767561287154e+06 5.870979191308826728e+01
       dtu_10mw_rwt_08.0_60415.dat nan 1.049985989776950623e-01 4.142322565423319247e+02 4.272394226389843119e+00 1.041899071169698873e+05 9.115134416993150080e+04 1.046103146196139824e+04 3.462743859964952208e+03 2.647686201887935567e+03 1.163758053380837373e+04 2.029210700162172361e+04 6.950609561909101508e+00 6.772664974169018137e-01 2.452309058772671968e+06 2.125041745196433738e+06 5.890964141617068606e+01
       dtu_10mw_rwt_09.0_26343.dat 1.178057509139763148e+00 1.551151211896606152e-01 6.016794719246554450e+02 5.068549247506747513e+00 1.166875068443791679e+05 4.854459688128742710e+04 1.633509900970213675e+04 4.911191500658842415e+03 3.936170357273677837e+03 1.599191246888316164e+04 2.158563828592290156e+04 7.658207794792078360e+00 7.273391728034025450e-01 3.631234166816539131e+06 3.640042205873990431e+06 6.054726412353929987e+01
       dtu_10mw_rwt_09.0_34715.dat nan 1.034235572725862307e-01 4.529634047580029232e+02 5.694396788246977259e+00 9.408847977493383223e+04 5.379063218836761371e+04 1.416007090013072957e+04 4.069317162758371524e+03 2.904794607295885271e+03 1.460724664125064919e+04 2.139567084413691919e+04 7.906507920505179143e+00 7.423233633076014026e-01 2.649252005032754503e+06 2.573900628841246478e+06 6.005648169626348931e+01
        dtu_10mw_rwt_09.0_5751.dat 1.042384787326418927e+00 1.625673469417815986e-01 5.887405622203954181e+02 4.866413095669642530e+00 1.125521277590998943e+05 7.026014242838132486e+04 1.768011602051079535e+04 4.703667138718161368e+03 4.088751787067858459e+03 1.719873538434093280e+04 2.111078602580502047e+04 7.635459455615076330e+00 7.363022556718453737e-01 3.756769784126750194e+06 3.893176156860974617e+06 6.072251703544966972e+01
       dtu_10mw_rwt_09.0_59920.dat 1.486389914230364262e+00 1.361740453229957071e-01 4.975879465012952210e+02 4.738501993215584740e+00 8.959084731979675416e+04 4.496781059653638658e+04 1.577929869045560372e+04 4.199155983384693172e+03 3.446677804622645453e+03 1.697006656853592722e+04 2.071054552399957174e+04 7.173033001330573200e+00 7.066490076730850278e-01 3.160482083657482173e+06 3.282476632678964641e+06 6.036495142177315643e+01
        dtu_10mw_rwt_09.0_8821.dat 7.711044175637081499e-02 1.457043160257477654e-01 5.710620067920002612e+02 4.922791612258897942e+00 1.254644221110639191e+05 4.717042607959389716e+04 1.482133600134425433e+04 4.710989672347941450e+03 3.358851917797205715e+03 1.689795906615347485e+04 2.172953778209706434e+04 8.125300428847310741e+00 8.225049536418473917e-01 3.076829333315941505e+06 3.128211985103981569e+06 6.045131196001170792e+01
        dtu_10mw_rwt_09.0_9468.dat nan 1.460193047334619187e-01 5.416351954850165384e+02 5.106569025736735767e+00 1.052589233025024878e+05 3.139539704659446943e+04 1.609246055972353133e+04 4.068098663758113616e+03 3.253973462577985174e+03 1.743603654336446562e+04 2.124704502813270301e+04 8.232834049463336967e+00 8.089178592612640273e-01 2.955600702167633921e+06 3.105838716327458154e+06 6.006368755804862758e+01
       dtu_10mw_rwt_10.0_13708.dat 4.004614206560060730e+00 1.039711043952462749e-01 4.742838016640188243e+02 5.075385848596032368e+00 9.205095056743810710e+04 2.548909862919489751e+04 2.106894097668246104e+04 3.798860655956055325e+03 2.670369362198827275e+03 1.672526874557865813e+04 2.282404730211648712e+04 7.844773945705433071e+00 7.969629805972385794e-01 2.395902310233435128e+06 2.595325346967531834e+06 6.214119951834802436e+01
        dtu_10mw_rwt_10.0_2246.dat 3.759615477704953523e+00 1.303213831874682205e-01 5.457136674776415930e+02 6.069088538280083434e+00 9.663731402897472435e+04 3.451552801309250208e+04 1.863904292076603087e+04 4.344702890413293972e+03 3.430881237239283109e+03 1.873691446439589708e+04 2.214442709189056404e+04 8.497383316154815347e+00 8.430068176504043054e-01 3.113772390354938339e+06 3.215638814909992740e+06 6.096504653553896702e+01
       dtu_10mw_rwt_10.0_25797.dat 2.644763537189109837e+00 1.392823654842378356e-01 5.691674916683731453e+02 5.688630117457702084e+00 1.057072071942207549e+05 4.545219207121205545e+04 2.142592568196659340e+04 4.524287922967751911e+03 3.579407575043443103e+03 1.990041973102251359e+04 2.244345162938044814e+04 9.166377544940022659e+00 8.714415773098933560e-01 3.284011629018452018e+06 3.369335546742296312e+06 6.184990001534713855e+01
       dtu_10mw_rwt_10.0_25824.dat 3.562606543727350417e+00 1.299403381307041583e-01 5.008125135270508395e+02 5.961783769460542004e+00 9.767747108532092534e+04 4.445394972494604735e+04 1.526237400008997793e+04 3.920908187430202361e+03 3.279089534886647471e+03 1.529190649373356064e+04 2.148138718919009625e+04 9.060450420652477632e+00 9.143302213877555484e-01 3.039791889536528382e+06 3.167693188791720197e+06 6.086443909302287381e+01
       dtu_10mw_rwt_10.0_53407.dat 3.363979056690503899e+00 1.406593521051342222e-01 5.722380296812802953e+02 5.521399832966815246e+00 1.203003907762211893e+05 3.699202846065695485e+04 1.853517419748178872e+04 4.337435501068860503e+03 3.622963519212541996e+03 1.692000770353922053e+04 2.208243712998528645e+04 8.608979414542892172e+00 8.621573969337791299e-01 3.333349337132541928e+06 3.407220519456758164e+06 6.228021672259799146e+01
        dtu_10mw_rwt_10.0_7055.dat 3.796948896558113962e+00 1.410833057444285943e-01 5.918447494795585726e+02 5.259815219484053728e+00 1.245081259937408031e+05 6.930054943537912914e+04 2.282761812140908660e+04 4.748630169880954782e+03 3.561008196265416245e+03 1.950268038693472408e+04 2.266342819898821836e+04 1.001759354221394283e+01 9.660474190243689696e-01 3.256646822917208541e+06 3.309059022087107413e+06 6.145208978427977797e+01
        dtu_10mw_rwt_11.0_1633.dat 4.613717619546571669e+00 1.106054924062237488e-01 5.585283355394831233e+02 5.927209047168461531e+00 1.106849822606994858e+05 4.986407561700139922e+04 2.605349322869989555e+04 4.300713824751253924e+03 2.888861802803656701e+03 2.102830229771825179e+04 2.301843584642841961e+04 9.612487421072630767e+00 9.701699232853081556e-01 2.579166335082823876e+06 2.737872857232035603e+06 6.150902190270189607e+01
       dtu_10mw_rwt_11.0_25765.dat 5.639304317904967334e+00 9.837467045588174641e-02 5.109708322039970199e+02 5.525056430399518881e+00 8.245091861449409043e+04 3.895652144887763279e+04 1.717293890016986552e+04 3.537958471559057671e+03 2.480740522964658794e+03 1.704847078139937003e+04 2.233751922419147013e+04 8.035015955950475686e+00 8.424177687347544907e-01 2.281037604100655764e+06 2.379175897063690238e+06 6.166254411122302059e+01
       dtu_10mw_rwt_11.0_37345.dat 5.688757604226305276e+00 9.294608366461470927e-02 5.658568536537388809e+02 5.256542354215772761e+00 8.781408471481433662e+04 2.388476984459312007e+04 2.152096282784875802e+04 3.499340293217174803e+03 2.402126986535894957e+03 2.093439444217139680e+04 2.299457664125383599e+04 9.064841229110813359e+00 9.619548100226297249e-01 2.115365968336412217e+06 2.214379430724037345e+06 6.158752532595342188e+01
       dtu_10mw_rwt_11.0_41193.dat 5.219159085613581439e+00 1.049319708612361235e-01 4.855827884138093964e+02 5.538589262201038643e+00 8.392660979056172073e+04 2.486480387310317383e+04 1.682268013745508142e+04 3.461751642013981836e+03 2.653932400001835504e+03 1.595464668548771624e+04 2.207852248076018077e+04 8.265726555428610567e+00 8.311612153241146883e-01 2.428066081637518015e+06 2.496698756574146915e+06 6.155694392263736603e+01
       dtu_10mw_rwt_11.0_43724.dat 5.007444957957214449e+00 9.323267609096679009e-02 4.851864982891896716e+02 5.200440622130537704e+00 7.969912637369263393e+04 2.348788087792132501e+04 1.680757427150812146e+04 3.113556499427666040e+03 2.237583523677925314e+03 1.519828562312301074e+04 2.192107247201099017e+04 7.664616554353276712e+00 7.948662491982534384e-01 1.962817253663507989e+06 2.186354824907214381e+06 6.173681478814483370e+01
       dtu_10mw_rwt_11.0_59287.dat 4.353558577680872510e+00 1.128356391692815486e-01 5.156533785364644018e+02 5.514114655111557184e+00 9.261030833621352213e+04 3.370868027029641235e+04 2.239648751188772076e+04 4.166886024628858650e+03 2.956174096941904281e+03 1.858910701963059182e+04 2.236767747545869497e+04 9.095343840653924872e+00 8.997029046388662632e-01 2.643473831691891421e+06 2.702318854053405579e+06 6.191445163612945635e+01
       dtu_10mw_rwt_12.0_23697.dat 5.432834110519993764e+00 6.148587566792575870e-02 5.388030752847432723e+02 5.505435791536680945e+00 8.165284191321140679e+04 3.408211320143730700e+04 1.970296076603167239e+04 2.513412750242169295e+03 1.404912551776011696e+03 1.795710831619241071e+04 2.223011607633199674e+04 7.849277217499097681e+00 8.360578628753593255e-01 1.228593899147085613e+06 1.293436672402045922e+06 6.122309081908034756e+01
       dtu_10mw_rwt_12.0_28003.dat 5.616762478454405461e+00 4.467315079041692810e-02 5.906793006456110788e+02 5.994914711139195163e+00 9.498893315454953699e+04 2.935114396521420349e+04 2.331159020279160541e+04 2.851042862759249601e+03 1.409033805101216103e+03 1.990249193077601740e+04 2.273504253147895724e+04 8.791749870256222010e+00 9.366002603529717252e-01 1.172503002853370737e+06 9.037214890826528426e+05 6.185823138781646691e+01
       dtu_10mw_rwt_12.0_29989.dat 6.152123291401454530e+00 6.417403775431057555e-02 5.215104733987202508e+02 5.614333167017334425e+00 8.243143363252472773e+04 2.958978627652020077e+04 1.889283746060085468e+04 2.564718717593237670e+03 1.538811571910818884e+03 1.949073785455406687e+04 2.262043510972868535e+04 7.825375633449509039e+00 8.541150783103738098e-01 1.338386316529001575e+06 1.407108597800442483e+06 6.097274957072364998e+01
       dtu_10mw_rwt_12.0_40278.dat 5.844178964747469784e+00 5.085746024607842170e-02 5.538019815493840952e+02 5.421939222899021082e+00 8.522320618100461434e+04 3.660278537336184672e+04 1.989463134212243676e+04 2.600936985745199763e+03 1.295230568562576082e+03 1.746842392120286968e+04 2.273986913542175898e+04 8.011717705306772075e+00 8.463017353569207701e-01 1.104171971546670888e+06 1.028748251375010586e+06 6.148440469118222040e+01
       dtu_10mw_rwt_12.0_56645.dat 6.546445520346121150e+00 5.020501624620704595e-02 6.077970352574683375e+02 5.859014728243446157e+00 8.777690511822246481e+04 3.559046977609521855e+04 1.846345448299308191e+04 2.179906300708214076e+03 1.326780069884506020e+03 1.868399365161118476e+04 2.262095153089290034e+04 7.571997030205162460e+00 8.340180825259394526e-01 1.068639884839113103e+06 1.009285554253818234e+06 6.095444280094658041e+01
        dtu_10mw_rwt_12.0_6007.dat 6.248308436667154631e+00 9.690816414594938255e-02 6.023367361989713800e+02 6.473237089024840962e+00 9.314564162163210858e+04 3.353475156822447752e+04 2.153208451639446139e+04 3.130640896943819826e+03 2.430493915504014694e+03 1.853178323198313228e+04 2.224136449742781406e+04 8.782135962479756586e+00 9.252630659078200370e-01 2.168767610120177735e+06 2.161996339105624240e+06 6.083034874478565257e+01
       dtu_10mw_rwt_13.0_24246.dat 7.148353481847670388e+00 4.228081466916910197e-02 6.481341845348520110e+02 5.996959722896597178e+00 9.546931192518895841e+04 3.801301757318704040e+04 2.127485757203949834e+04 2.951612252876057937e+03 1.362586338769879148e+03 2.146904086018387898e+04 2.269867946170258074e+04 8.989937625511711161e+00 9.717751788402484436e-01 1.104813985410048626e+06 8.750993374909758568e+05 6.054326397058255083e+01
        dtu_10mw_rwt_13.0_3219.dat 4.506636148423566191e+00 4.226380578598370324e-02 4.561059197269937044e+02 6.309801580939862653e+00 7.629834170255904610e+04 5.354382761352555826e+04 1.938042241001595903e+04 2.270947074465163041e+03 9.087239918134445134e+02 1.748954735015311599e+04 2.235677513653091228e+04 7.075762615405561284e+00 7.872806078004500607e-01 6.688359533918282250e+05 4.234156655202209367e+04 6.035647001845238435e+01
       dtu_10mw_rwt_13.0_59662.dat 7.199881422381301910e+00 5.116421650046796415e-02 6.926761014215826435e+02 6.499594005339797143e+00 9.637849529654317303e+04 8.956186099528730847e+04 2.557141377491842286e+04 3.271151766935044634e+03 1.171453404084003296e+03 2.044004944735891695e+04 2.261424278633142967e+04 8.970593126638089387e+00 9.764436584678942710e-01 8.513651492514241254e+05 5.470041177875854191e+04 6.026745599598362446e+01
       dtu_10mw_rwt_13.0_63909.dat 7.752695886447922291e+00 5.061788466719144980e-02 6.297484354429545874e+02 6.675572745438807409e+00 9.630062902104272507e+04 2.913608384531237243e+04 2.422551787303317542e+04 2.787184314436604382e+03 1.072409733559010419e+03 2.208172440129928509e+04 2.288982169271885141e+04 9.152322029116763957e+00 9.944201288735191602e-01 8.073373897736949148e+05 4.430880233738264069e+05 6.047666681648308895e+01
       dtu_10mw_rwt_13.0_64836.dat 7.082266121709704265e+00 3.711912821798420137e-02 6.046924399884078412e+02 6.273115071606476967e+00 8.163004114825306169e+04 5.719838774397366797e+04 1.847482128753263169e+04 2.633039299450192630e+03 8.107283561716071745e+02 1.909886858215537723e+04 2.251459755081275944e+04 7.913216048024957594e+00 8.612089578893152853e-01 6.031224350996259600e+05 4.194475460527212708e+05 6.049532169648426105e+01
        dtu_10mw_rwt_13.0_6610.dat 4.269961985283660333e+00 3.994154698164956857e-02 4.913479710846904140e+02 6.400093965275091001e+00 7.530595048951884382e+04 4.930420916843671876e+04 2.493243208310274349e+04 2.907222191307108915e+03 9.351894241180096969e+02 1.969466745298948445e+04 2.331549091696215692e+04 8.372350958453408154e+00 9.425647738392413100e-01 6.380077496398867806e+05 4.458102940187964850e+04 6.043883870645898782e+01
       dtu_10mw_rwt_14.0_17103.dat 8.407658853211984251e+00 5.081600347236932269e-02 7.136260735427817963e+02 6.729579002592520176e+00 9.841559754928025359e+04 3.354036872158252663e+04 2.446731333250564785e+04 2.719576111614382171e+03 1.464626925259488189e+03 2.592213943883830507e+04 2.350819294344783339e+04 1.047231113072599662e+01 1.125746165545271182e+00 1.103907690401981352e+06 8.931489942362519214e+05 5.990113203165738298e+01
       dtu_10mw_rwt_14.0_33723.dat 5.772840426998160801e+00 3.322113025085189630e-02 4.629435850750245436e+02 6.751718435210350755e+00 7.694310479338004370e+04 3.505743461572402884e+04 1.647288962713452929e+04 2.115701956529544532e+03 7.804241153584024460e+02 1.764716061326575073e+04 2.237544062965770354e+04 7.796077895128325608e+00 8.751932938610494928e-01 5.353917499292453285e+05 4.034579065658646141e+04 6.014572103114124246e+01
       dtu_10mw_rwt_14.0_34311.dat 4.800109751440350792e+00 4.456190680422970896e-02 4.346052810469070664e+02 7.328055825516528898e+00 7.245530922977629234e+04 3.271248392977313415e+04 1.944275951518332295e+04 2.547595342749902557e+03 1.006625481848764025e+03 1.910615163316683174e+04 2.289368558273598683e+04 7.704048368411505088e+00 8.576554032864830424e-01 7.228587677860364784e+05 4.936099923389160540e+04 5.986019310870995014e+01
       dtu_10mw_rwt_14.0_46217.dat 5.327397018424023578e+00 4.000915484413847256e-02 4.024617442164887962e+02 7.035231747172191241e+00 6.602187750761034840e+04 2.578898098493133512e+04 1.686003697848983575e+04 1.896213557589130232e+03 8.645575249800353959e+02 1.786150730505977481e+04 2.272479631098703248e+04 6.664849120316716835e+00 7.636667428502602606e-01 6.197957895081287716e+05 4.084555280617402605e+04 6.013801699883291718e+01
        dtu_10mw_rwt_14.0_7720.dat 5.733487517092869190e+00 4.279091635104239483e-02 4.842023634519923689e+02 6.351396507393529234e+00 8.151036905817718070e+04 3.192916493652656209e+04 2.300335543954325112e+04 2.274387224135411998e+03 9.998461206272584150e+02 1.834810147579613476e+04 2.281212418775834522e+04 8.347997947488263293e+00 9.599311370740929439e-01 6.738841260505795944e+05 5.274191907513971091e+04 5.975750914086103194e+01
        dtu_10mw_rwt_14.0_8754.dat 6.451981012756459855e+00 4.854586925418899468e-02 5.302848281407337936e+02 6.932316732093675604e+00 8.941439898967712361e+04 4.497680779146020359e+04 1.984115315231134446e+04 2.439222535809316014e+03 1.023770196994740559e+03 1.917427580316914464e+04 2.335320162766960493e+04 8.158722487900655906e+00 9.313146694164223804e-01 7.602578774518033024e+05 4.293681621464199270e+04 6.020191627176503602e+01
       dtu_10mw_rwt_15.0_10279.dat 4.122899498069799940e+00 5.411865381501952676e-02 4.854834038305106674e+02 7.368126010988664376e+00 8.322293569523587939e+04 4.216676825358538190e+04 2.127543358162351069e+04 2.802651877790223352e+03 1.237737190746057195e+03 1.885103318897541612e+04 2.372839153038189761e+04 8.198241571995035670e+00 9.243245841724784251e-01 8.790955611378856702e+05 5.901189773485145997e+04 5.915579316335548299e+01
       dtu_10mw_rwt_15.0_22297.dat 5.409485007903298559e+00 5.729921579435649087e-02 4.863200162889681337e+02 7.681025771795900958e+00 8.688601990276353899e+04 4.455681088751413336e+04 2.836725075247084533e+04 2.935867635159075689e+03 1.271927926692341998e+03 2.280684333926219915e+04 2.429815571548702792e+04 9.291830748882912161e+00 1.056110191584145763e+00 9.108096818542686524e+05 6.527528116825257894e+04 5.930407682019545490e+01
       dtu_10mw_rwt_15.0_25148.dat 6.290824805418107069e+00 4.536521591735607345e-02 4.405629397020614419e+02 6.570663570166511924e+00 7.271149732648201461e+04 4.181195751051069965e+04 1.972315732070826925e+04 2.142361306517982484e+03 9.909061062449945894e+02 1.721704903521507003e+04 2.257584063833843175e+04 7.300408403466416729e+00 8.234205884353742455e-01 7.040682762160365237e+05 5.126894389149185736e+04 5.922028987191077221e+01
       dtu_10mw_rwt_15.0_33167.dat 4.488203240548755524e+00 6.319752897378994039e-02 4.013547659371836858e+02 7.127763389796782256e+00 9.178901355634201900e+04 4.536630538768114639e+04 2.509125975459157053e+04 3.089921711064962437e+03 1.337728818268485384e+03 2.016659385401639156e+04 2.409208663833580795e+04 7.516530299902015599e+00 8.513667933425109746e-01 9.889842958568924805e+05 6.313694890814314567e+04 5.937653813627876787e+01
       dtu_10mw_rwt_15.0_41424.dat 5.049526014996241763e+00 5.143459638886870022e-02 4.866918938071602270e+02 7.007679558985094204e+00 9.169329491755667550e+04 5.253906505533986638e+04 2.518357458076000694e+04 2.761360605641872553e+03 1.225329164042129378e+03 2.035176427133793914e+04 2.365570239491385291e+04 8.337222642683375540e+00 9.305209185844154351e-01 7.988035977137024747e+05 5.871287762289649254e+04 5.947474909371673846e+01
       dtu_10mw_rwt_15.0_57600.dat 5.313692940823123045e+00 4.462261932538115483e-02 4.496193906874875097e+02 7.766891686522777505e+00 7.951362897244800115e+04 5.382956703715152253e+04 2.271873721403550735e+04 2.522484353413939061e+03 9.668972099127433921e+02 1.830037288100880323e+04 2.314351163254690618e+04 7.612847883506957736e+00 8.619907548647094409e-01 7.110412393086827360e+05 5.112315847014353494e+04 5.919600936902806154e+01
       dtu_10mw_rwt_16.0_19655.dat 3.870283496125761946e+00 5.644577268541535464e-02 4.020814689263974628e+02 7.497040603126770897e+00 7.321603082940937020e+04 3.504588051129271480e+04 2.078984139796093586e+04 2.486182237642726705e+03 1.230763664291667737e+03 1.710416954546686247e+04 2.339991579147493758e+04 7.288725056892604748e+00 8.267502373707352747e-01 9.172348853273811983e+05 6.007947388303911430e+04 5.907077987328930391e+01
       dtu_10mw_rwt_16.0_45772.dat 4.818118666374072490e+00 6.250375912908505416e-02 5.044253396350953835e+02 7.520046923743030298e+00 9.163544178566410847e+04 5.728276721832151088e+04 2.363804190252020271e+04 3.023328289643343396e+03 1.333251318116050697e+03 2.042357287043496035e+04 2.441354304273983144e+04 8.119271930506647195e+00 8.975553854240018170e-01 9.851213549614972435e+05 6.147117399917083094e+04 5.873665162079548452e+01
       dtu_10mw_rwt_16.0_55975.dat 5.928000596106461906e+00 5.882910639510881279e-02 5.343828599381382674e+02 6.999966924658473033e+00 8.585437984735438658e+04 4.311057207571162871e+04 2.699611842831455579e+04 2.978270332858141046e+03 1.363584102875337976e+03 2.136981491341930814e+04 2.389813395029821186e+04 9.400595614598588057e+00 1.044258515574689294e+00 9.404890078919853549e+05 6.823592448275812785e+04 5.913474726675352855e+01
        dtu_10mw_rwt_16.0_5616.dat 4.001672780155592690e+00 4.527832036316752767e-02 3.979257015709487177e+02 7.445271403526640519e+00 6.875539314080515760e+04 3.555420219319219177e+04 2.015028674670541295e+04 2.656954542222544660e+03 1.069589676744580856e+03 1.760123438175715637e+04 2.345213887370171869e+04 7.509221858636236036e+00 8.422982982632850613e-01 7.121855601163180545e+05 5.479104302241411642e+04 5.893648883614778100e+01
       dtu_10mw_rwt_16.0_56353.dat 4.402454602952104779e+00 5.804623782749742528e-02 4.582179381284149144e+02 6.934386330138192278e+00 7.717522555554936116e+04 3.791017635727287416e+04 2.108750089239644876e+04 2.433530846722651859e+03 1.261377140981262983e+03 1.801465918667586448e+04 2.365575935067418686e+04 8.236425394519391929e+00 9.525634692814034521e-01 9.213372547803706257e+05 5.984866705955231009e+04 5.919160362498224970e+01
        dtu_10mw_rwt_16.0_7031.dat 4.792931532450070087e+00 4.133344151574003256e-02 3.864898794350991693e+02 7.545836588700639780e+00 7.142411955790511274e+04 4.407116905440537084e+04 1.944859781096145525e+04 2.658810459994860139e+03 1.044644124155860254e+03 1.993344538264175208e+04 2.330381410123026581e+04 7.605940910193214499e+00 8.651900704673036735e-01 6.622337937034420902e+05 5.400666513897509867e+04 5.888997893453082355e+01
       dtu_10mw_rwt_17.0_20390.dat 5.157378467037105452e+00 5.988443027648639172e-02 4.609780593862254818e+02 8.736582164456690336e+00 8.235027149883889069e+04 6.942760589156381320e+04 2.702081973599267440e+04 3.399563720045845002e+03 1.343133381266191009e+03 2.091316403553265263e+04 2.533143745381259214e+04 8.813538704118903055e+00 9.946637036825075606e-01 9.681331976393372752e+05 7.740708364422986051e+04 5.869190523872725151e+01
       dtu_10mw_rwt_17.0_37683.dat 5.038463925664945720e+00 5.303378506529002334e-02 4.017416385728605519e+02 7.078601229704746700e+00 7.272180337827293260e+04 4.493292415104329120e+04 2.175434705005874639e+04 2.742529553989640135e+03 1.250539256476650962e+03 2.009885352146046353e+04 2.465952266639251320e+04 8.528434336565240415e+00 9.747530311509025047e-01 8.396588085746923462e+05 6.587569595235044835e+04 5.846405364224944634e+01
       dtu_10mw_rwt_17.0_45521.dat 4.212333919805484328e+00 6.390625087801844739e-02 4.248911455272497619e+02 8.421017821053951025e+00 7.982297501641979034e+04 5.207681963769999129e+04 2.590340799366819192e+04 2.906447033088060834e+03 1.470788559592243018e+03 2.023946375947106208e+04 2.387295696364715695e+04 8.879225237425302453e+00 1.014563250531905769e+00 1.016607847753750160e+06 7.339883397751500888e+04 5.828212533823941754e+01
       dtu_10mw_rwt_17.0_49865.dat 4.570297742548819819e+00 5.386175106284676189e-02 4.349832814014228575e+02 7.983279174829688962e+00 8.956585779106862901e+04 3.635966430021211272e+04 2.228476791444599075e+04 2.481805288913543791e+03 1.333925875585780204e+03 1.943144748917648758e+04 2.448717006489236519e+04 8.432855400472682561e+00 9.712412842351507702e-01 8.441718013558563543e+05 6.578710128899069969e+04 5.883066100342779237e+01
       dtu_10mw_rwt_17.0_60465.dat 5.619294706031627840e+00 4.601991506480491295e-02 3.942793208943923560e+02 7.041700083624729878e+00 7.372804763357595948e+04 4.223814485277897620e+04 2.011764361302462567e+04 2.346349796904379673e+03 1.119768257603381926e+03 1.807315740611978981e+04 2.277712516612814215e+04 7.155464316084747978e+00 8.119254679157202892e-01 7.257281530916091288e+05 5.312856078214308945e+04 5.859715426955035156e+01
        dtu_10mw_rwt_17.0_7334.dat 5.557072036752805033e+00 6.092534938238374637e-02 4.529821576626060278e+02 7.642398286621228998e+00 8.993131411181566364e+04 5.116138763736834517e+04 2.705292438138394573e+04 2.775878390152000520e+03 1.363632153643557103e+03 1.918515578986698529e+04 2.351888282537043779e+04 8.202158471193417455e+00 9.179369910651602460e-01 9.473002127402165206e+05 6.950173098487890093e+04 5.883550841805501364e+01
       dtu_10mw_rwt_18.0_25103.dat 3.781043551345256937e+00 6.815502516331410632e-02 4.351375605648078704e+02 8.344173116796529399e+00 8.259101578131936549e+04 5.380673987430085253e+04 2.540221981473890992e+04 2.994627721864098930e+03 1.536509253047809807e+03 2.196837079742860806e+04 2.497292077212954609e+04 8.141987827520791754e+00 9.337884230930257878e-01 1.059879599488518666e+06 8.094507009206565272e+04 5.812962802177784027e+01
       dtu_10mw_rwt_18.0_27317.dat 5.375444021609433243e+00 6.820438099856941661e-02 4.716502371306796135e+02 9.363135530882548352e+00 8.318982787633083353e+04 5.300176149007267668e+04 2.328429764583138603e+04 2.990328142583517547e+03 1.507070602041796519e+03 1.972940963035132518e+04 2.494892578666602640e+04 8.071372399187257685e+00 9.049838797418101599e-01 1.071471880793103483e+06 7.857026288575251237e+04 5.830454378634466650e+01
       dtu_10mw_rwt_18.0_28016.dat 7.359464065064891258e+00 6.242721152471560064e-02 4.657335887273777644e+02 8.336962118376536779e+00 7.562385502774477936e+04 5.226335755213493394e+04 2.034901661514877924e+04 2.286582140169300146e+03 1.337014008505165521e+03 1.835743717934472443e+04 2.311572196504717795e+04 7.922859978727331054e+00 9.129746936084113251e-01 9.693047812979241135e+05 6.352125561627183197e+04 5.807807298196037493e+01
       dtu_10mw_rwt_18.0_34558.dat 4.330376966847348186e+00 6.325034711715007973e-02 4.929895987558705883e+02 8.160104846057127048e+00 9.339337917770867352e+04 6.712273024001302838e+04 2.920894115773856174e+04 3.461882768617128477e+03 1.546588614158431710e+03 2.318601508138286954e+04 2.534095590997051477e+04 9.094390794313516935e+00 1.027899544294149647e+00 9.692647576109521324e+05 8.784082521515092230e+04 5.822695390771153257e+01
       dtu_10mw_rwt_18.0_46192.dat 4.612270042925898927e+00 6.066425839361538896e-02 4.035083504647195696e+02 8.660081640706691175e+00 7.825738321056199493e+04 5.852947089042831067e+04 2.508273188901889080e+04 2.611660995427082071e+03 1.369215237383883959e+03 2.011874330203562931e+04 2.507881871775406398e+04 8.091338024482105595e+00 9.217996975458984110e-01 9.454806279160318663e+05 6.711852426703243691e+04 5.821837633674667245e+01
        dtu_10mw_rwt_18.0_8966.dat 5.119789450462174152e+00 6.387818959293617427e-02 4.257555135326205686e+02 8.191911550414754828e+00 8.313376209474960342e+04 6.411428756899019936e+04 2.604601549321340644e+04 2.609937675112069883e+03 1.449668146151858991e+03 2.052141652642646295e+04 2.378660330170083762e+04 7.837556046237442509e+00 8.912357415808997985e-01 1.021785722883867333e+06 6.962850930966740998e+04 5.820664127581328273e+01
       dtu_10mw_rwt_19.0_17843.dat 4.545997509223838939e+00 5.977660576802595882e-02 3.953137472837769906e+02 8.900484337527036161e+00 8.271076658004887577e+04 4.992416699195902765e+04 2.483067817735034623e+04 2.644731005671590538e+03 1.427899551077390470e+03 2.018145910497862133e+04 2.423430245374301376e+04 7.951911513478508553e+00 9.085006990866104637e-01 9.690177666630895110e+05 7.905126123386282416e+04 5.763525675486960864e+01
       dtu_10mw_rwt_19.0_20935.dat 5.619121745580033966e+00 7.550877885828458091e-02 5.193588461263757381e+02 8.823094397064986438e+00 1.010714676087178086e+05 8.427255673676470178e+04 3.056125539420964196e+04 3.302260333224244278e+03 1.640635685622302844e+03 2.498290943248235271e+04 2.621332810205998248e+04 9.339497966643945048e+00 1.071419244769909351e+00 1.206747989576008637e+06 8.664638567009966937e+04 5.788806590682715125e+01
       dtu_10mw_rwt_19.0_33144.dat 3.582717198122677971e+00 6.243899340107296470e-02 4.620519998569261020e+02 8.842125179755823794e+00 9.192557986026056460e+04 4.020643482928687445e+04 2.851281853084995237e+04 3.313082143479673505e+03 1.480727523576760177e+03 2.352276431997471809e+04 2.583584039027095787e+04 9.067659799918903474e+00 1.032657965573199110e+00 1.011756718871657387e+06 9.124430991555041692e+04 5.774232650101009767e+01
       dtu_10mw_rwt_19.0_51363.dat 4.428979268538445702e+00 6.565095669791747024e-02 4.227901099497507857e+02 7.805230059144317778e+00 8.389466727754744352e+04 5.774952461914190644e+04 2.613719470307755910e+04 3.047295613324519309e+03 1.439320107728159428e+03 2.214175770563321930e+04 2.471891600697188187e+04 9.194278881397183412e+00 1.070143727681311496e+00 1.047555058954206645e+06 7.415671889452610048e+04 5.785254785879030237e+01
       dtu_10mw_rwt_19.0_56307.dat 4.925519052889919536e+00 5.784922862712037900e-02 4.578101827223740088e+02 8.451628471697540945e+00 8.580668353943465627e+04 5.764402485352910298e+04 2.407689807697058859e+04 3.227867409359460453e+03 1.334752396505101842e+03 2.128162775318726563e+04 2.472242426397576855e+04 8.346267130977183868e+00 9.528116146963435673e-01 9.152942019512434490e+05 7.201306963174465636e+04 5.789350220910498734e+01
       dtu_10mw_rwt_19.0_63447.dat 5.308990295794255410e+00 5.748610433238401929e-02 4.010257249344271600e+02 8.128144674121243085e+00 7.674439370089424483e+04 6.114563703228408849e+04 2.327014373955848714e+04 2.762531533540890905e+03 1.306927413296073610e+03 2.035794867180915026e+04 2.377346183070083862e+04 7.815263235956686039e+00 8.975715551353756760e-01 9.012144998728461796e+05 6.704340367663081270e+04 5.781982220797500815e+01
       dtu_10mw_rwt_20.0_20852.dat 4.988867011142031238e+00 6.494363192979321631e-02 4.518581089556736856e+02 7.709124712659228607e+00 8.745883663873576734e+04 5.360392335420426389e+04 2.608088163923592219e+04 2.670863115066194041e+03 1.559116632879740564e+03 2.213173137865389799e+04 2.503828367773950595e+04 8.985669746347863196e+00 1.037093722763938963e+00 1.018861412430492695e+06 8.656100834233513160e+04 5.774457520930094745e+01
       dtu_10mw_rwt_20.0_25497.dat 4.009366452264233160e+00 6.557936062764292695e-02 3.944566148875455269e+02 8.854743730008097558e+00 7.873478021834755782e+04 5.591492628195389989e+04 2.537007656668400159e+04 3.020451844286115374e+03 1.523967367319324467e+03 2.106587418274183437e+04 2.461279005720100031e+04 8.940262588419777501e+00 1.007089333335825287e+00 1.061922068722712807e+06 7.554874038594697777e+04 5.760923193194768288e+01
       dtu_10mw_rwt_20.0_29025.dat 5.287375135680733251e+00 7.997851195834634885e-02 5.068602764514338901e+02 8.830829283929805484e+00 8.938585019255804946e+04 5.849924660384103481e+04 2.815091940196958967e+04 3.239840130347153263e+03 1.849880272596056102e+03 2.217390607776850447e+04 2.563276498565141810e+04 8.671234970409233966e+00 9.986723945726001528e-01 1.326970052511015907e+06 9.366288675237559073e+04 5.730227689943757952e+01
       dtu_10mw_rwt_20.0_43745.dat 5.639283445358572067e+00 5.909811126250218843e-02 3.954946474428465990e+02 8.802282911488186201e+00 7.842269603494739567e+04 4.162129245831354638e+04 2.063809916151483776e+04 2.489078290067651324e+03 1.309627950946422970e+03 1.908789316785087067e+04 2.394158396177439863e+04 7.613767037986422181e+00 8.852234663819221749e-01 9.383415421487237327e+05 7.399029889873748471e+04 5.773532757500011314e+01
       dtu_10mw_rwt_20.0_51504.dat 4.592906104895346786e+00 7.705682287220382010e-02 4.815189087786766891e+02 9.795532936317426831e+00 9.761123965784667234e+04 6.322443173949632182e+04 2.971262905575017066e+04 3.462413973869061465e+03 1.979429893831465506e+03 2.320770423653466059e+04 2.643742121181881521e+04 9.250673325489549015e+00 1.051573313039432023e+00 1.246747951402670238e+06 1.073572673935490893e+05 5.749448164176967424e+01
       dtu_10mw_rwt_20.0_54726.dat 4.940114065714660718e+00 7.155034490054451579e-02 4.191722901668871941e+02 8.207741514985144704e+00 8.383133055478717142e+04 4.470344947738301562e+04 2.442703543299840385e+04 2.930638184784423629e+03 1.586183353387847319e+03 2.119325801704637342e+04 2.433707599187070809e+04 8.239058804636915312e+00 9.555694548292640311e-01 1.139253041598137002e+06 7.972332146350010589e+04 5.775520135784068287e+01
       dtu_10mw_rwt_21.0_25181.dat 4.620488276815764905e+00 7.846777148911303346e-02 4.657099878077141852e+02 8.833075881402839613e+00 8.575413394802494440e+04 5.558447231476099114e+04 2.844304672518640655e+04 3.215659294148330446e+03 1.853356665161321644e+03 2.414845253077165398e+04 2.588494755539183097e+04 9.437611099315496688e+00 1.058324462907972885e+00 1.247740658795498079e+06 9.575238419824006269e+04 5.736356594008825027e+01
        dtu_10mw_rwt_21.0_3963.dat 4.064599976227273537e+00 8.439426040418188113e-02 5.811942365882927106e+02 9.952808001294291884e+00 1.158942792287420307e+05 6.052987651047337567e+04 3.473961366762952093e+04 4.415229866818713163e+03 2.046861191406630269e+03 2.903689926846932212e+04 2.755690334225892730e+04 1.270581121516855738e+01 1.332286627705397963e+00 1.352098828033531783e+06 1.309624292325436545e+05 5.738144845146193518e+01
       dtu_10mw_rwt_21.0_42162.dat 4.285194630090445322e+00 6.921479089358485715e-02 3.931844520487392174e+02 8.831381247539519919e+00 7.797846998752991203e+04 7.450381780704439734e+04 2.492314027587516102e+04 3.003274225292022493e+03 1.491652412227038894e+03 2.009443286135935341e+04 2.467370987685186628e+04 8.612988112823979137e+00 9.880700813574105901e-01 1.062154641444300301e+06 7.990673369242217450e+04 5.729666996324321815e+01
        dtu_10mw_rwt_21.0_5160.dat 3.833709903371101291e+00 7.409995025668930646e-02 4.848550766109955248e+02 1.057957190478366982e+01 1.075910776206895680e+05 7.548113421464680869e+04 3.161003774219343177e+04 3.589362675350675545e+03 1.833943724854464790e+03 2.311224835903254643e+04 2.722933885837118942e+04 9.174193860636865594e+00 1.021332931215829243e+00 1.183341341157104587e+06 1.079020951557777735e+05 5.738052322995861942e+01
       dtu_10mw_rwt_21.0_57341.dat 5.077909066532261484e+00 8.183055987286555477e-02 5.297456257995821716e+02 1.000815265259284637e+01 1.173752785173986922e+05 6.127065585010182986e+04 3.131064569290845247e+04 3.782619383148754878e+03 1.850264917630010132e+03 2.536328375580639113e+04 2.635768921798696101e+04 1.084969220644269861e+01 1.200932327646427655e+00 1.312048573957386194e+06 1.056021298009603197e+05 5.714080041263794385e+01
       dtu_10mw_rwt_21.0_61500.dat 4.657938957210494557e+00 8.011665611090239281e-02 5.444490568489607085e+02 9.669957080826099727e+00 1.119519921165579435e+05 7.539534417111467337e+04 3.195696462933034127e+04 3.578864673013741594e+03 1.875382039865683964e+03 2.398585751740601700e+04 2.678344341433473892e+04 9.373799014627611115e+00 1.056653010149042782e+00 1.263637194978305371e+06 1.111346165594149352e+05 5.723548727476593712e+01
       dtu_10mw_rwt_22.0_29503.dat 5.685031420935835911e+00 6.714041127499409400e-02 4.914864098588588490e+02 9.663636544267822259e+00 9.351174282780862995e+04 6.030593290883479494e+04 2.768377904433913136e+04 3.221738474222652258e+03 1.733401280671625955e+03 2.480955421849669438e+04 2.605414414429904718e+04 9.736060107379090667e+00 1.102126788902429100e+00 1.042159281996714300e+06 9.778369204931691638e+04 5.688569430783822867e+01
       dtu_10mw_rwt_22.0_40013.dat 4.459056273690463534e+00 8.383950896018538268e-02 4.352479182513125124e+02 9.983521953204617105e+00 9.740994536645938933e+04 5.971866299560239713e+04 2.871969242713462882e+04 3.054651879453784204e+03 1.845810235872487738e+03 2.425158573630197498e+04 2.548397319318383234e+04 8.690179099777985527e+00 9.871762884888805045e-01 1.308916437277388526e+06 9.720318117923734826e+04 5.708946590851270031e+01
       dtu_10mw_rwt_22.0_40231.dat 3.618118894349124925e+00 6.174874030308279138e-02 4.475836025098225832e+02 1.036582969363040263e+01 9.899267738539857964e+04 7.949514977197183180e+04 2.809573337239383909e+04 3.660593569895593646e+03 1.626226950006315064e+03 2.318694319099938366e+04 2.709087388449966238e+04 9.876141321470585765e+00 1.117952363725479126e+00 9.872516671924249968e+05 1.012407214182809112e+05 5.698929206590704410e+01
       dtu_10mw_rwt_22.0_41304.dat 4.428969370459936883e+00 7.017959999646410096e-02 3.962003054072285977e+02 9.113240044869163725e+00 8.389485046500807221e+04 6.083827238093790947e+04 2.517971666392230327e+04 3.317144976026280347e+03 1.687293373084788755e+03 2.310751123284011192e+04 2.490886681071842759e+04 8.710075520097824153e+00 1.003292616408691940e+00 1.150073365503130248e+06 8.996176692026248202e+04 5.706415034110676032e+01
       dtu_10mw_rwt_22.0_47014.dat 4.312522621445799231e+00 7.107729770641203759e-02 5.079230405808949058e+02 1.064650602091849763e+01 9.702866388262905821e+04 7.573637446637323592e+04 2.872731121382341371e+04 3.818344293403296888e+03 1.850332203907788880e+03 2.476388711847547165e+04 2.729506500187691563e+04 9.184384312191355093e+00 1.038538146150573604e+00 1.128433506356854457e+06 1.092510576583713409e+05 5.706019330024758318e+01
       dtu_10mw_rwt_22.0_52742.dat 4.899412872088355186e+00 7.780598049968365237e-02 4.215277140485991367e+02 9.195892645150678391e+00 1.120548599776195479e+05 6.014065209130726726e+04 2.831889679511880604e+04 3.519158288557768174e+03 1.786425916740202638e+03 2.504093034159121453e+04 2.697348700944526718e+04 9.369400589223722875e+00 1.066386361233495172e+00 1.243174401705323951e+06 9.832627457445423352e+04 5.686329007119488210e+01
       dtu_10mw_rwt_23.0_18883.dat 4.724934256141985145e+00 8.506758185070281697e-02 5.186654163825154455e+02 1.083753447119402580e+01 1.080855551799485256e+05 7.458634724642614310e+04 3.004205712056402626e+04 4.094599334768663084e+03 1.994587653169820896e+03 2.619842099329031771e+04 2.706233727042304963e+04 1.050258635421540276e+01 1.152031526063008515e+00 1.315523813359679421e+06 1.119876952043683705e+05 5.681413388039050716e+01
       dtu_10mw_rwt_23.0_31026.dat 5.158845963014178082e+00 8.114618079507682213e-02 4.634991426198264435e+02 9.907955258978759616e+00 1.084827203494355490e+05 7.128764575530380534e+04 3.248527680985746701e+04 3.698844484782546260e+03 1.958268351617302642e+03 2.531789486162425237e+04 2.614708185312610658e+04 9.429670037470433641e+00 1.066941442109049731e+00 1.306917461297648493e+06 1.108827160570627748e+05 5.693398072994765613e+01
       dtu_10mw_rwt_23.0_36127.dat 5.356064626920357341e+00 9.646147732919596596e-02 5.199790896024367157e+02 9.939309018805660756e+00 1.156838552662166767e+05 5.935185814377525094e+04 3.188157854999128904e+04 3.814262633365781312e+03 2.127315187403527489e+03 2.659024286769713581e+04 2.743966590024043398e+04 1.029980821457107076e+01 1.147694967300068924e+00 1.561869790224470897e+06 1.104577179022418131e+05 5.680708102913420987e+01
       dtu_10mw_rwt_23.0_49683.dat 4.332539158408639679e+00 8.188614706534952381e-02 4.929004300080798657e+02 9.561235625690001072e+00 1.064001114685190259e+05 7.563413247378612868e+04 3.465069172977814014e+04 4.064359242051484216e+03 2.011115257741993673e+03 2.723299793772208432e+04 2.778177039843119928e+04 1.066049094687346077e+01 1.172750496720583069e+00 1.328637690422913525e+06 1.123807459818105854e+05 5.675166575389387447e+01
       dtu_10mw_rwt_23.0_49834.dat 4.718691253257186524e+00 7.896112409692172818e-02 4.810696011806332990e+02 9.528379499383591522e+00 1.054685350937169133e+05 7.137243254416252603e+04 2.988883333092116663e+04 3.403140663203257191e+03 1.876577144415057774e+03 2.509136161076677672e+04 2.638330893883570388e+04 9.366430844156742097e+00 1.047746386344903469e+00 1.264267282088436186e+06 1.109693552854333975e+05 5.671866428350234912e+01
       dtu_10mw_rwt_23.0_57680.dat 4.451817548382140721e+00 6.833457491042661813e-02 4.630877353405682015e+02 9.688861868496422503e+00 9.717711902456344978e+04 6.682193117414663720e+04 2.735684810328045933e+04 3.242153725922852118e+03 1.685131686227382033e+03 2.243880717913796616e+04 2.534544016327642021e+04 8.553160409881792603e+00 9.736347070356693445e-01 1.058564201419309713e+06 1.030720813608507742e+05 5.680628626900661970e+01
       dtu_10mw_rwt_24.0_11244.dat 3.935183721579135874e+00 9.202394110977828168e-02 5.161182002930079307e+02 1.030859862176640362e+01 1.049146991898698470e+05 6.548435569231370027e+04 2.977007946085114963e+04 3.600404026861977854e+03 2.062796995383408557e+03 2.546299526172446713e+04 2.629831399748429249e+04 1.015774625554825761e+01 1.143799624337703325e+00 1.482636723680260824e+06 1.149787997625794669e+05 5.655774639254027392e+01
       dtu_10mw_rwt_24.0_11250.dat 5.722793665807772712e+00 9.023738969820212230e-02 5.166384829987873673e+02 1.048393383635030141e+01 1.108373362605256989e+05 8.536679903696046676e+04 3.525438711289267667e+04 3.436548167584484872e+03 2.195650244727467452e+03 2.471330911043985907e+04 2.753450646491068255e+04 1.109122043568266491e+01 1.197958340264951849e+00 1.457181117229808588e+06 1.367296050316248438e+05 5.680132234374537603e+01
         dtu_10mw_rwt_24.0_377.dat 4.907367571327569067e+00 8.824293200411190141e-02 4.979759257648299808e+02 9.286630233227096909e+00 9.810829099112594849e+04 7.780914230536279501e+04 3.597910355732908647e+04 3.810548992139944403e+03 2.029512814293948395e+03 2.555523201408050954e+04 2.663919372842415760e+04 1.074983129756471278e+01 1.169329722655723325e+00 1.371857100036734249e+06 1.142550115390445717e+05 5.666510214434177328e+01
       dtu_10mw_rwt_24.0_44891.dat 4.311994707878308297e+00 9.239326382876968113e-02 5.362796493665753133e+02 1.114215909604330434e+01 1.187658925432056276e+05 9.415197086439165287e+04 3.626799463623689371e+04 4.736567023464313024e+03 2.215970117523622775e+03 2.790149323985923183e+04 2.734650074483262506e+04 1.091073332644775817e+01 1.185891741255755472e+00 1.500350582757222699e+06 1.306236804347556172e+05 5.652199333193666320e+01
       dtu_10mw_rwt_24.0_50518.dat 5.474599005364451543e+00 7.507393972014526906e-02 4.317805505677034148e+02 1.056119552103753811e+01 1.026227974486457242e+05 8.193963578843860887e+04 2.695612552542067351e+04 3.416582855933293104e+03 1.823515924262807175e+03 2.222110527482544785e+04 2.552160746939549426e+04 8.881191831596996877e+00 1.001030323593469440e+00 1.208813980154884281e+06 1.123455591472001688e+05 5.650964220495965407e+01
       dtu_10mw_rwt_24.0_60394.dat 4.542361380356362943e+00 8.445065906484050533e-02 5.314742759665354015e+02 1.062275213160022247e+01 1.057679306432841113e+05 7.577375641170622839e+04 3.778355342275182193e+04 4.400652915920056330e+03 2.116172272809243168e+03 2.899871725692711334e+04 2.789021255484877474e+04 1.061474206492809813e+01 1.175204691884429442e+00 1.371034689256547019e+06 1.165754663254435291e+05 5.650013809014959776e+01
