Statistics: p99. Generated: 02/12/2021 09:15:51. No. files: 120.
                              File                       4                      10                      11                      13                      15                      17                      18                      20                      21                      25                      26                      27                      61                      64                      70                     100                     108
            v2_turb_05.0_21716.dat 3.211879999999999846e+00 5.909090099999999568e-01 3.470127000000001317e+03 5.675612399999999980e+02 7.726233500000001087e+00 9.524960800000000745e+04 2.366080199999999968e+04 -1.055049599999999828e+03 3.752147800000001553e+03 -5.080905199999978805e+00 -4.454327599999999620e+03 1.269091200000000208e+04 9.844048600000009586e+00 1.473020800000000241e+00 2.896460100000000093e+06 1.704571300000000279e+06 8.007670099999999991e+01
            v2_turb_05.0_40322.dat 3.211879999999999846e+00 5.904540100000000846e-01 3.098232100000000173e+03 5.555752000000001090e+02 7.979951599999999701e+00 7.547995100000004459e+04 1.503862000000000444e+04 -2.323039200000000164e+03 3.144720900000000256e+03 -4.695891599999994241e+02 -5.556056299999999283e+03 1.258830099999999948e+04 9.321643000000001678e+00 1.415132500000000570e+00 2.716191600000000093e+06 1.599000000000000000e+06 8.005241000000000895e+01
            v2_turb_05.0_43619.dat 3.211879999999999846e+00 5.926240200000000291e-01 4.552050200000000586e+03 6.097510499999999638e+02 9.273105600000009829e+00 1.019110900000000256e+05 2.088833300000000600e+04 6.334317000000040707e+02 4.377814600000001519e+03 -5.777302699999999049e+02 -4.045983699999996588e+03 1.299570500000000175e+04 1.194829999999999970e+01 1.662950099999999987e+00 3.776933000000000931e+06 2.223841300000000279e+06 8.001962600000000236e+01
            v2_turb_05.0_47165.dat 3.211879999999999846e+00 5.911620099999999045e-01 2.909310799999999745e+03 5.308521800000000894e+02 8.403255500000000211e+00 9.747357900000001246e+04 1.704270100000000093e+04 9.279390100000446751e+01 2.654204600000000937e+03 -5.295239100000000008e+02 -4.468719799999999850e+03 1.241920000000000073e+04 1.006110900000000186e+01 1.498310500000000101e+00 2.239252100000000093e+06 1.317460300000000047e+06 8.007540099999999939e+01
            v2_turb_05.0_47952.dat 3.211879999999999846e+00 5.910360000000000058e-01 4.802880800000001727e+03 6.262812400000000252e+02 7.898814300000000621e+00 9.303029700000004959e+04 1.714252800000002753e+04 3.927998300000020322e+02 4.283289999999999964e+03 -4.084620799999998439e+02 -4.030755599999999049e+03 1.243450200000000041e+04 1.104809999999999981e+01 1.583313300000000590e+00 4.172942000000000466e+06 2.454660200000000186e+06 8.007100300000000459e+01
            v2_turb_05.0_50292.dat 3.211879999999999846e+00 5.904710300000000078e-01 2.837304800000001251e+03 5.454160500000000411e+02 7.400721899999999742e+00 8.288856400000001304e+04 1.690794300000001022e+04 -9.476272899999999026e+02 3.136321200000000317e+03 -2.621863999999994803e+02 -3.962463899999998830e+03 1.255460600000000159e+04 9.067860399999998933e+00 1.393981400000000370e+00 2.458720700000000186e+06 1.445951400000000373e+06 8.008140400000000625e+01
            v2_turb_06.0_14324.dat 3.211879999999999846e+00 5.928450299999999951e-01 5.221050299999999879e+03 6.725690099999999347e+02 8.965652000000002175e+00 1.062554200000001001e+05 2.372834500000000844e+04 1.128901400000004287e+03 4.970227900000001682e+03 -1.303142699999998513e+03 -6.640623499999998785e+03 1.304681200000000172e+04 1.170490900000000245e+01 1.642791500000000404e+00 4.613144200000001118e+06 2.719073000000000466e+06 7.997620800000001395e+01
            v2_turb_06.0_26862.dat 3.123096800000001227e+00 5.927220100000000214e-01 5.447206100000001243e+03 6.895952200000000403e+02 9.128177400000001995e+00 9.611041999999999825e+04 2.192870800000000236e+04 7.904281300000012607e+02 5.252301100000000588e+03 -6.973718900000000076e+02 -5.846813499999996566e+03 1.309930500000000029e+04 1.236721100000000284e+01 1.702274800000000976e+00 4.774523700000001118e+06 2.811192200000000652e+06 8.000110099999999136e+01
            v2_turb_06.0_47824.dat 3.211879999999999846e+00 5.916010100000000937e-01 4.222760600000000522e+03 6.318525600000001532e+02 9.110994299999999768e+00 9.640884600000000501e+04 2.443483900000000722e+04 -8.023803499999985434e+02 3.812570900000000620e+03 -3.004319600000000037e+02 -3.777393199999994522e+03 1.297490600000000086e+04 1.060940200000000111e+01 1.544822300000000537e+00 3.513161600000000093e+06 2.067980300000000047e+06 8.003700200000000109e+01
            v2_turb_06.0_51321.dat 3.211879999999999846e+00 6.214020800000000788e-01 5.979696100000004662e+03 7.495763700000001108e+02 9.952082900000000620e+00 1.061841700000000419e+05 2.652451000000000204e+04 1.216260200000000168e+03 5.428386100000001534e+03 -1.459179699999999912e+03 -5.860768299999999726e+03 1.322050100000000020e+04 1.205360199999999971e+01 1.676230300000000062e+00 4.999660400000000373e+06 3.107290600000000093e+06 7.998740399999999795e+01
            v2_turb_06.0_52263.dat 3.211879999999999846e+00 5.923550099999999041e-01 5.291193100000000413e+03 6.749640100000001439e+02 8.773901300000000347e+00 1.084737800000001444e+05 1.970097900000001755e+04 -9.470378399999999601e+02 4.908432300000001305e+03 -1.516749499999999898e+03 -6.604359299999997347e+03 1.324200500000000102e+04 1.168550700000000120e+01 1.645270100000000069e+00 4.532993400000000373e+06 2.666810300000000279e+06 7.997870100000000093e+01
            v2_turb_06.0_55769.dat 3.211879999999999846e+00 5.931530100000000916e-01 5.623140000000003965e+03 6.885142000000000735e+02 9.162811500000000109e+00 1.134180500000000175e+05 2.542584400000000824e+04 9.234063400000036381e+02 5.392221800000000258e+03 -1.079099899999999934e+03 -5.476537099999999555e+03 1.371081700000000274e+04 1.304860800000000332e+01 1.751010700000000142e+00 4.902346000000001863e+06 2.894980900000000373e+06 7.998220700000000249e+01
             v2_turb_07.0_2336.dat 1.121670200000000062e+00 8.168970099999999235e-01 1.032231300000000192e+04 1.228770200000000159e+03 1.071010400000000118e+01 1.491967200000001467e+05 3.302610899999999674e+04 6.039365700000003926e+03 9.416293300000001182e+03 -1.707227299999999332e+03 -7.737519299999998111e+03 1.513240900000000147e+04 1.377162400000000453e+01 1.797781200000000190e+00 8.640595500000001863e+06 7.057101200000000186e+06 7.980111000000000843e+01
            v2_turb_07.0_40743.dat 2.494802900000000712e+00 7.260160300000000344e-01 8.148221300000000156e+03 1.015430299999999988e+03 9.650663400000000891e+00 1.205420200000000041e+05 2.274654500000000917e+04 3.037642100000000482e+03 7.635391900000000533e+03 -2.869298199999999724e+03 -8.994787499999996726e+03 1.430970200000000114e+04 1.255740299999999898e+01 1.712620200000000148e+00 6.820260200000000186e+06 4.949530700000000186e+06 7.983930600000000766e+01
            v2_turb_07.0_45626.dat 2.681491800000000314e+00 6.814140199999999536e-01 7.730260500000000320e+03 9.179005100000000539e+02 1.004190200000000033e+01 1.207780200000000041e+05 2.045940900000000329e+04 1.221930900000000065e+03 6.908683300000001509e+03 -2.206997899999999390e+03 -9.252477699999984907e+03 1.393840200000000004e+04 1.286511100000000241e+01 1.736021000000000258e+00 6.013820200000000186e+06 4.098470100000000093e+06 7.983310600000000079e+01
            v2_turb_07.0_52870.dat 2.011124900000004878e+00 6.986150700000000047e-01 8.285981100000000879e+03 9.597408200000000988e+02 1.034270800000000179e+01 1.247950900000000256e+05 2.849181800000000294e+04 5.211183000000010907e+03 7.363763700000000426e+03 -3.046841699999998127e+03 -8.464003199999991921e+03 1.423481400000000212e+04 1.371290199999999970e+01 1.793281000000000125e+00 6.319380400000000373e+06 4.416040200000000186e+06 7.984500100000001055e+01
            v2_turb_07.0_52899.dat 2.358816100000001192e+00 6.885100100000000056e-01 7.924064300000000912e+03 9.499410500000000184e+02 1.003121000000000329e+01 1.212520600000000122e+05 3.221349200000006022e+04 2.103158900000011727e+03 7.161051300000000083e+03 -2.027324999999992770e+03 -6.862890399999997499e+03 1.402220200000000114e+04 1.297300100000000178e+01 1.741161100000000239e+00 6.126360099999999627e+06 4.213680200000000186e+06 7.986010700000001350e+01
             v2_turb_07.0_8564.dat 3.210490800000000089e+00 7.067850099999999358e-01 7.946625100000002931e+03 9.784086000000000922e+02 9.408281299999998737e+00 1.269320500000000175e+05 3.382390099999999802e+04 1.081859800000005862e+03 7.223475000000001273e+03 -1.020088199999999574e+03 -7.207698099999997794e+03 1.389040099999999984e+04 1.265300200000000075e+01 1.724770299999999867e+00 6.460940400000000373e+06 4.564173100000000559e+06 7.990320200000000739e+01
            v2_turb_08.0_15536.dat 2.016361600000000642e+00 8.108490500000000711e-01 1.065612400000000525e+04 1.192811200000000326e+03 1.128220299999999909e+01 1.464550500000000175e+05 2.866671200000000317e+04 7.167231400000000576e+03 9.323903800000000047e+03 -2.946548399999999674e+03 -9.500320599999995466e+03 1.482110300000000097e+04 1.324390700000000187e+01 1.758510100000000076e+00 8.525110599999999627e+06 6.911270500000000000e+06 7.975130300000000716e+01
            v2_turb_08.0_22441.dat 2.155834700000000659e+00 7.868850299999999853e-01 9.647460199999999531e+03 1.138370700000000170e+03 1.182661700000000238e+01 1.415521500000000233e+05 2.447011500000000160e+04 5.487443000000000211e+03 9.078773000000001048e+03 -4.073928599999999278e+03 -1.105150000000000000e+04 1.457360600000000159e+04 1.276590500000000183e+01 1.730820400000000259e+00 8.037780099999999627e+06 6.326610599999999627e+06 7.976882400000000928e+01
            v2_turb_08.0_32293.dat 1.563303300000002949e+00 7.676680200000000065e-01 9.545810500000005050e+03 1.149041900000000396e+03 1.081310100000000141e+01 1.397274000000000815e+05 2.672226000000003114e+04 3.340919800000014220e+03 8.391730700000000070e+03 -2.434750999999998385e+03 -9.408677799999997660e+03 1.464631200000000172e+04 1.300881100000000323e+01 1.744270700000000174e+00 7.630130400000000373e+06 5.857440399999999441e+06 7.978031199999999501e+01
            v2_turb_08.0_41120.dat 2.287999999999999812e+00 8.425280400000000336e-01 1.085540099999999984e+04 1.318411500000000387e+03 1.207080100000000122e+01 1.557042800000000570e+05 2.760972700000000623e+04 5.561091700000000856e+03 1.020060300000000097e+04 -3.699529599999999846e+03 -1.038409399999999914e+04 1.570456400000001304e+04 1.326610300000000109e+01 1.760450300000000246e+00 9.194870800000000745e+06 7.751221900000000373e+06 7.969601800000000935e+01
            v2_turb_08.0_46290.dat 1.916640099999999958e+00 7.754250400000001209e-01 9.728394500000000335e+03 1.160039999999999964e+03 1.196139999999999937e+01 1.336900599999999977e+05 3.231830600000000049e+04 4.201790200000002187e+03 9.227710199999999531e+03 -3.218170099999997547e+03 -9.156321599999993850e+03 1.491790300000000025e+04 1.346810200000000002e+01 1.774930200000000013e+00 7.784720299999999814e+06 6.039833300000000745e+06 7.978941799999999773e+01
            v2_turb_08.0_60415.dat 1.870423400000000846e+00 7.507080499999999601e-01 8.844561200000000099e+03 1.077440200000000004e+03 1.149231600000000242e+01 1.276730000000000000e+05 1.904694300000001022e+04 1.902213500000000749e+03 7.979802600000000893e+03 -3.375696299999999155e+03 -1.029634399999998823e+04 1.477711500000000342e+04 1.245651800000000264e+01 1.710420600000000180e+00 7.292830000000000000e+06 5.476150200000000186e+06 7.978690299999999525e+01
            v2_turb_09.0_26343.dat 2.385981800000000153e+00 9.454680199999999646e-01 1.163180500000000029e+04 1.462290799999999990e+03 1.355311600000000283e+01 1.699120100000000093e+05 2.738999700000002122e+04 5.723723400000025322e+03 1.193510400000000118e+04 -5.275115699999998469e+03 -1.337518899999999849e+04 1.550200900000000183e+04 1.241272600000000459e+01 1.705330800000000036e+00 1.019650400000000186e+07 9.630503900000002235e+06 7.958381699999999626e+01
            v2_turb_09.0_34715.dat 2.287999999999999812e+00 8.251500400000000290e-01 1.070661300000000301e+04 1.255530399999999872e+03 1.307469999999999999e+01 1.505012100000000210e+05 2.593441100000000370e+04 4.757873300000007475e+03 9.985213700000000244e+03 -5.412769900000000234e+03 -1.247499499999999898e+04 1.557440400000000045e+04 1.279062300000000363e+01 1.733571800000000440e+00 8.807460800000000745e+06 7.269652500000000931e+06 7.967151099999999531e+01
             v2_turb_09.0_5751.dat 2.287999999999999812e+00 9.090400200000000597e-01 1.179490300000000025e+04 1.419901200000000244e+03 1.285280400000000078e+01 1.650180000000000000e+05 2.751355400000001100e+04 7.452397800000009738e+03 1.044070200000000114e+04 -4.393338399999999638e+03 -1.100358499999999731e+04 1.519441000000000167e+04 1.277464200000000716e+01 1.727371400000000445e+00 9.370500000000000000e+06 8.496820000000000000e+06 7.964122199999999907e+01
            v2_turb_09.0_59920.dat 2.287999999999999812e+00 9.391670100000000243e-01 1.172440300000000025e+04 1.487650100000000066e+03 1.425771500000000280e+01 1.699480500000000175e+05 2.127336200000001190e+04 8.058301000000000386e+03 1.088650400000000081e+04 -5.414749899999999798e+03 -1.263963999999998850e+04 1.510852500000000509e+04 1.258781700000000292e+01 1.716261700000000223e+00 9.965440200000001118e+06 9.354954300000000745e+06 7.963940799999998887e+01
             v2_turb_09.0_8821.dat 2.287999999999999812e+00 8.313771300000000197e-01 1.102060400000000118e+04 1.289430000000000064e+03 1.272500199999999992e+01 1.537450199999999895e+05 2.579960499999999956e+04 5.532915400000018053e+03 1.012970200000000114e+04 -4.077669100000000071e+03 -1.060899099999999817e+04 1.560040300000000025e+04 1.269061600000000212e+01 1.726510300000000164e+00 8.945420900000000373e+06 7.433346300000001676e+06 7.964939999999999998e+01
             v2_turb_09.0_9468.dat 2.287999999999999812e+00 8.530860300000000507e-01 1.115920200000000114e+04 1.333160500000000184e+03 1.413104100000000862e+01 1.571820700000000361e+05 2.629868300000001545e+04 8.256747600000006059e+03 1.023750700000000143e+04 -4.521068399999999201e+03 -1.077696399999999267e+04 1.543851000000000204e+04 1.289213700000000529e+01 1.736161100000000124e+00 9.344290000000000000e+06 7.973500099999999627e+06 7.966421499999999867e+01
            v2_turb_10.0_13708.dat 5.497681800000003172e+00 9.545280299999999718e-01 1.328381100000000151e+04 1.571820600000000240e+03 1.398630299999999949e+01 1.856180599999999977e+05 2.153887100000001374e+04 1.060831800000000294e+04 1.225030199999999968e+04 -7.159019699999999830e+03 -1.494087999999999556e+04 1.646921000000000276e+04 1.216999999999999993e+01 1.686300199999999805e+00 1.059200000000000000e+07 1.011310000000000000e+07 7.945709999999999695e+01
             v2_turb_10.0_2246.dat 4.731433199999999673e+00 9.513549999999999507e-01 1.347590600000000086e+04 1.516730000000000018e+03 1.503019100000001806e+01 1.839621600000000326e+05 2.040443000000000757e+04 1.168852400000000489e+04 1.212230199999999968e+04 -5.984898499999999331e+03 -1.244198999999999796e+04 1.549480299999999988e+04 1.260320800000000041e+01 1.717441500000000509e+00 1.059200000000000000e+07 1.007590000000000000e+07 7.956145400000001189e+01
            v2_turb_10.0_25797.dat 2.822382300000000566e+00 9.450770299999998736e-01 1.336760600000000159e+04 1.489980199999999968e+03 1.365121400000000307e+01 1.804601900000000314e+05 2.553460599999999977e+04 1.119160100000000057e+04 1.180210100000000057e+04 -5.887239199999999983e+03 -1.185898399999999674e+04 1.545850600000000122e+04 1.230571800000000238e+01 1.697171200000000324e+00 1.040550300000000000e+07 9.809880099999999627e+06 7.954830099999999504e+01
            v2_turb_10.0_25824.dat 5.317803300000004896e+00 9.506621899999999625e-01 1.288213500000000749e+04 1.471941400000000385e+03 1.536581500000000311e+01 1.776760500000000175e+05 2.165437200000001394e+04 7.851400200000000041e+03 1.170850400000000081e+04 -6.470507299999999304e+03 -1.288436299999999210e+04 1.537822500000000582e+04 1.222560900000000217e+01 1.687820700000000063e+00 1.059200000000000000e+07 1.006620100000000000e+07 7.960632700000000739e+01
            v2_turb_10.0_53407.dat 3.748822600000000449e+00 9.501930100000000046e-01 1.298850500000000102e+04 1.583401300000000447e+03 1.423984000000000982e+01 1.844350400000000081e+05 1.907941300000000410e+04 8.645121300000006158e+03 1.181720300000000134e+04 -5.822039800000000469e+03 -1.338855299999999079e+04 1.581534200000000783e+04 1.198363000000000511e+01 1.667262000000000244e+00 1.059200000000000000e+07 1.005680100000000000e+07 7.950300400000000423e+01
             v2_turb_10.0_7055.dat 4.499764400000004549e+00 9.520370100000000724e-01 1.405751000000000204e+04 1.544621200000000272e+03 1.357590600000000158e+01 1.831951900000000605e+05 2.324492300000000614e+04 9.013074900000019625e+03 1.194151100000000224e+04 -5.897979599999999664e+03 -1.092129799999999886e+04 1.601850600000000122e+04 1.312820500000000123e+01 1.750001700000000326e+00 1.059200000000000000e+07 1.008130200000000186e+07 7.961111099999999396e+01
             v2_turb_11.0_1633.dat 6.977716100000001198e+00 9.541789999999999994e-01 1.406043000000000575e+04 1.525510700000000270e+03 1.514494300000000848e+01 1.846630200000000186e+05 2.343251100000000224e+04 1.306940800000000127e+04 1.246821200000000317e+04 -7.809849799999999959e+03 -1.349777799999999479e+04 1.517610400000000118e+04 1.149290700000000243e+01 1.627912700000000656e+00 1.059200000000000000e+07 1.010870100000000000e+07 7.949050299999998970e+01
            v2_turb_11.0_25765.dat 8.874713800000005648e+00 9.561330099999999499e-01 1.326321800000000439e+04 1.490690000000000055e+03 1.581380300000000183e+01 1.803620499999999884e+05 2.105290300000000207e+04 9.915862900000003719e+03 1.239150600000000122e+04 -7.583889100000000326e+03 -1.490768899999999849e+04 1.541261900000000423e+04 1.177801100000000289e+01 1.652570000000000094e+00 1.059200000000000000e+07 1.012790100000000000e+07 7.945991200000000276e+01
            v2_turb_11.0_37345.dat 8.950647500000004086e+00 9.559740399999999694e-01 1.356550400000000081e+04 1.554810200000000123e+03 1.525190399999999968e+01 1.870810800000000163e+05 2.577690300000000207e+04 1.374412100000000464e+04 1.285020000000000073e+04 -8.221859500000000480e+03 -1.404929799999999886e+04 1.540240600000000086e+04 1.108020800000000072e+01 1.589050000000000074e+00 1.059200000000000000e+07 1.012690000000000000e+07 7.945941100000000290e+01
            v2_turb_11.0_41193.dat 7.717380100000000631e+00 9.539300400000000346e-01 1.286330800000000090e+04 1.473381200000000263e+03 1.522711400000000381e+01 1.749690100000000093e+05 2.189022900000000664e+04 7.866223300000004201e+03 1.215340500000000065e+04 -7.372379700000000412e+03 -1.534619900000000052e+04 1.523850800000000163e+04 1.185230700000000148e+01 1.660220600000000157e+00 1.059200000000000000e+07 1.010350000000000000e+07 7.950910500000000525e+01
            v2_turb_11.0_43724.dat 8.074470699999999113e+00 9.574771200000000704e-01 1.352900500000000102e+04 1.529070200000000114e+03 1.508690499999999979e+01 1.804732500000000582e+05 2.137023900000000867e+04 8.362937200000016674e+03 1.233430099999999948e+04 -8.649619000000000597e+03 -1.713069199999999910e+04 1.499540800000000127e+04 1.158081700000000325e+01 1.637011900000000519e+00 1.059200000000000000e+07 1.014100100000000000e+07 7.943883300000001668e+01
            v2_turb_11.0_59287.dat 6.453321400000000096e+00 9.545970000000000288e-01 1.375260300000000097e+04 1.513350599999999986e+03 1.570000700000000116e+01 1.845181000000000349e+05 2.314800600000000122e+04 1.243843500000002678e+04 1.243320900000000256e+04 -7.484219299999999748e+03 -1.350329899999999907e+04 1.551662700000000586e+04 1.229190600000000089e+01 1.694961500000000454e+00 1.059200000000000000e+07 1.011470000000000000e+07 7.949923900000001709e+01
            v2_turb_12.0_23697.dat 8.711653400000001213e+00 9.556190199999999857e-01 1.371450100000000020e+04 1.483410300000000234e+03 1.627479999999999905e+01 1.777450000000000000e+05 2.756060599999999977e+04 1.077000900000000183e+04 1.267980199999999968e+04 -9.680588899999998830e+03 -1.425299499999999898e+04 1.434550200000000041e+04 9.887445100000000764e+00 1.475842500000000390e+00 1.059200000000000000e+07 1.012340100000000186e+07 7.953180700000000058e+01
            v2_turb_12.0_28003.dat 9.703174900000000491e+00 9.615970000000000351e-01 1.394413400000000729e+04 1.526720100000000230e+03 1.671540099999999995e+01 1.824900000000000000e+05 2.991950800000000163e+04 1.368773800000000847e+04 1.270070400000000154e+04 -9.881226799999998548e+03 -1.299478399999999601e+04 1.474501000000000204e+04 9.701571500000007120e+00 1.451733100000000665e+00 1.059200000000000000e+07 1.018770000000000000e+07 7.949220300000000350e+01
            v2_turb_12.0_29989.dat 1.033600000000000030e+01 9.565570999999999380e-01 1.400240200000000004e+04 1.514610800000000154e+03 1.700970500000000030e+01 1.778361300000000338e+05 2.598905000000001019e+04 1.152321700000000419e+04 1.284570700000000215e+04 -9.333599699999998847e+03 -1.348897699999999531e+04 1.474580099999999948e+04 9.934950700000001689e+00 1.477812400000000581e+00 1.059200000000000000e+07 1.013520000000000000e+07 7.951240799999999354e+01
            v2_turb_12.0_40278.dat 1.006800500000000120e+01 9.596460100000000493e-01 1.370850300000000061e+04 1.501321900000000369e+03 1.654620099999999994e+01 1.802010199999999895e+05 2.830261000000000058e+04 1.013194400000000860e+04 1.269260600000000159e+04 -9.932639799999999013e+03 -1.324888899999999740e+04 1.446780199999999968e+04 1.013460100000000175e+01 1.499920800000000165e+00 1.059200000000000000e+07 1.016500100000000000e+07 7.951660299999998927e+01
            v2_turb_12.0_56645.dat 1.096750199999999964e+01 9.582240599999999331e-01 1.381683700000000681e+04 1.497320800000000190e+03 1.638460399999999950e+01 1.780280100000000093e+05 2.243770300000000134e+04 1.073130600000000049e+04 1.260050300000000061e+04 -9.978110000000000582e+03 -1.304168599999999788e+04 1.452853000000000611e+04 9.551610399999999501e+00 1.444010600000000144e+00 1.059200000000000000e+07 1.015080100000000186e+07 7.955700000000000216e+01
             v2_turb_12.0_6007.dat 1.028860200000000091e+01 9.620990100000000878e-01 1.412033500000000640e+04 1.515021500000000287e+03 1.625851800000000580e+01 1.854081400000000140e+05 2.590582400000000416e+04 1.318731800000000294e+04 1.254000200000000041e+04 -7.752903999999998632e+03 -1.310269900000000052e+04 1.493401200000000244e+04 1.110350400000000093e+01 1.592900099999999819e+00 1.059200000000000000e+07 1.018960000000000000e+07 7.951590299999999445e+01
            v2_turb_13.0_24246.dat 1.209561200000000269e+01 9.606800199999999679e-01 1.424921000000000276e+04 1.510820300000000088e+03 1.714690099999999973e+01 1.791213200000000652e+05 2.971933100000002742e+04 1.075510800000000199e+04 1.289981500000000233e+04 -9.752108800000001793e+03 -1.052017199999999502e+04 1.454681000000000131e+04 1.040911500000000345e+01 1.529821100000000378e+00 1.059200000000000000e+07 1.018060100000000000e+07 7.960220200000000546e+01
             v2_turb_13.0_3219.dat 1.159450099999999928e+01 9.590761200000000875e-01 1.396610500000000138e+04 1.297382400000000416e+03 1.763301600000000491e+01 1.541040100000000093e+05 2.779543900000000940e+04 9.534404400000001260e+03 1.263670400000000154e+04 -1.124989999999999964e+04 -1.107397499999999491e+04 1.312560600000000159e+04 7.205161500000000885e+00 1.187340100000000120e+00 1.059200000000000000e+07 1.016240100000000000e+07 7.966423400000000754e+01
            v2_turb_13.0_59662.dat 1.244144300000000847e+01 9.625740099999999799e-01 1.456350400000000081e+04 1.461720200000000204e+03 1.729321300000000150e+01 1.750851100000000151e+05 3.289010899999999674e+04 1.216724600000001010e+04 1.268130900000000111e+04 -1.078487799999999515e+04 -9.195551699999996345e+03 1.316920700000000215e+04 7.991311700000001572e+00 1.278710500000000305e+00 1.059200000000000000e+07 1.019810000000000000e+07 7.968221400000000187e+01
            v2_turb_13.0_63909.dat 1.294572000000000500e+01 9.636580200000000040e-01 1.434540099999999984e+04 1.465050400000000081e+03 1.815190400000000182e+01 1.766801100000000151e+05 2.795941600000002290e+04 1.410901000000000204e+04 1.290220100000000093e+04 -1.002509799999999996e+04 -1.016267399999999543e+04 1.415530500000000029e+04 9.271038000000004331e+00 1.411393100000000622e+00 1.059200000000000000e+07 1.020850000000000000e+07 7.965970799999999485e+01
            v2_turb_13.0_64836.dat 1.137660699999999991e+01 9.614780000000000548e-01 1.393470400000000154e+04 1.463720300000000179e+03 1.766209999999999880e+01 1.748872200000000594e+05 3.057692400000000634e+04 1.108100700000000143e+04 1.264440099999999984e+04 -1.004020000000000073e+04 -1.180627999999999520e+04 1.420240700000000106e+04 8.769744600000001000e+00 1.359230299999999891e+00 1.059200000000000000e+07 1.018620100000000000e+07 7.959571699999999339e+01
             v2_turb_13.0_6610.dat 1.063610600000000161e+01 9.593940099999999083e-01 1.447130500000000029e+04 1.320790600000000040e+03 1.797469999999999857e+01 1.599511400000000431e+05 3.388070399999999790e+04 1.369817600000001585e+04 1.304200200000000041e+04 -1.123689999999999964e+04 -9.554752599999996164e+03 1.343860300000000097e+04 8.042217500000004904e+00 1.280060600000000104e+00 1.059200000000000000e+07 1.016390100000000000e+07 7.963020400000000620e+01
            v2_turb_14.0_17103.dat 1.462860100000000152e+01 9.681972800000000490e-01 1.473770100000000093e+04 1.438110200000000077e+03 2.008841100000000068e+01 1.727323000000000466e+05 3.447813400000000547e+04 1.462426700000001438e+04 1.293290400000000045e+04 -9.446549499999999171e+03 -5.687283799999996518e+03 1.448971000000000276e+04 9.264651499999999373e+00 1.406640300000000066e+00 1.059200000000000000e+07 1.025190000000000000e+07 7.972641099999999881e+01
            v2_turb_14.0_33723.dat 1.278190400000000082e+01 9.593660000000000521e-01 1.380481900000000314e+04 1.429230099999999993e+03 1.858081600000000222e+01 1.698540800000000163e+05 2.914350200000000041e+04 8.971178600000021106e+03 1.290341000000000167e+04 -1.115109499999999935e+04 -8.978401499999996304e+03 1.361150600000000122e+04 8.657493900000000409e+00 1.355211600000000294e+00 1.059200000000000000e+07 1.016270100000000186e+07 7.968072700000000452e+01
            v2_turb_14.0_34311.dat 1.309750000000000014e+01 9.609690300000000018e-01 1.388031200000000172e+04 1.275580899999999929e+03 1.937180900000000250e+01 1.553750200000000186e+05 3.153370700000000215e+04 1.127551400000000285e+04 1.300660100000000057e+04 -1.123850000000000000e+04 -8.139381299999995463e+03 1.297680299999999988e+04 7.573692800000002556e+00 1.231211400000000067e+00 1.059200000000000000e+07 1.018110000000000000e+07 7.970352200000000664e+01
            v2_turb_14.0_46217.dat 1.374540000000000006e+01 9.608760600000000318e-01 1.374590300000000025e+04 1.294800800000000208e+03 1.990520100000000170e+01 1.536260499999999884e+05 2.511181600000000253e+04 9.520984000000000378e+03 1.265710400000000118e+04 -1.125870000000000073e+04 -1.047469399999999951e+04 1.305471000000000276e+04 6.958186100000001595e+00 1.162240300000000115e+00 1.059200000000000000e+07 1.017880100000000000e+07 7.971660099999999716e+01
             v2_turb_14.0_7720.dat 1.489562400000000508e+01 9.621360100000000415e-01 1.429010600000000159e+04 1.246500300000000152e+03 1.907160500000000170e+01 1.581310800000000163e+05 2.972371000000000276e+04 1.332516000000001259e+04 1.275890300000000025e+04 -1.122579899999999907e+04 -8.617578400000000329e+03 1.273829999999999927e+04 7.064810500000000104e+00 1.172140800000000205e+00 1.059200000000000000e+07 1.019230100000000000e+07 7.971771099999999421e+01
             v2_turb_14.0_8754.dat 1.475670900000000252e+01 9.652950000000000141e-01 1.421960000000000036e+04 1.384090199999999868e+03 1.951902000000000115e+01 1.645300099999999802e+05 3.198728100000001723e+04 1.019532200000000375e+04 1.300530400000000009e+04 -1.121369900000000052e+04 -7.062463999999978114e+03 1.321690200000000004e+04 8.181544400000001716e+00 1.296380200000000205e+00 1.059200000000000000e+07 1.022490100000000186e+07 7.964183200000000795e+01
            v2_turb_15.0_10279.dat 1.476839999999999975e+01 9.643819999999999615e-01 1.483421200000000317e+04 1.121512000000000398e+03 2.046473700000000662e+01 1.416270000000000000e+05 3.079493000000000757e+04 1.282570900000000256e+04 1.309920100000000093e+04 -1.119360000000000036e+04 -5.879089100000000144e+03 1.267710000000000036e+04 6.508150600000000452e+00 1.105100199999999866e+00 1.059200000000000000e+07 1.021600100000000000e+07 7.978341600000000255e+01
            v2_turb_15.0_22297.dat 1.526784300000000805e+01 9.672120599999999291e-01 1.501130700000000070e+04 1.230080399999999827e+03 1.992210500000000195e+01 1.522961200000000244e+05 2.969526100000001315e+04 1.662055900000001202e+04 1.313160200000000077e+04 -1.117209900000000016e+04 -4.380269499999997606e+03 1.303981300000000192e+04 6.963991700000000229e+00 1.153440300000000196e+00 1.059200000000000000e+07 1.024420000000000000e+07 7.975942400000000987e+01
            v2_turb_15.0_25148.dat 1.623310100000000133e+01 9.642020500000000327e-01 1.414700900000000183e+04 1.227830399999999827e+03 1.983861300000000227e+01 1.495881500000000233e+05 2.983796800000003350e+04 1.010930299999999988e+04 1.267620100000000093e+04 -1.121379999999999927e+04 -8.232313699999998789e+03 1.238330299999999988e+04 6.554810000000003356e+00 1.112903300000000595e+00 1.059200000000000000e+07 1.021840100000000000e+07 7.980120200000000352e+01
            v2_turb_15.0_33167.dat 1.637940500000000199e+01 9.672271199999999958e-01 1.507490099999999984e+04 1.116210100000000011e+03 2.136112500000000480e+01 1.408530800000000163e+05 3.082231100000000151e+04 1.358376900000001478e+04 1.319260100000000057e+04 -1.116389899999999943e+04 -4.970665799999997944e+03 1.261751800000000367e+04 6.350326600000000710e+00 1.083190300000000050e+00 1.059200000000000000e+07 1.024790100000000000e+07 7.979721399999999676e+01
            v2_turb_15.0_41424.dat 1.493991000000000113e+01 9.702980500000000230e-01 1.501082300000000396e+04 1.227310600000000022e+03 2.062053400000000991e+01 1.565582100000000501e+05 3.711911500000001979e+04 1.265931200000000172e+04 1.315700200000000041e+04 -1.118649899999999980e+04 -5.606506399999981113e+03 1.285030099999999948e+04 6.993222000000012706e+00 1.159610800000000275e+00 1.059200000000000000e+07 1.027750100000000000e+07 7.977100100000001248e+01
            v2_turb_15.0_57600.dat 1.502180000000000071e+01 9.614920000000000133e-01 1.418280400000000009e+04 1.151860599999999977e+03 2.094781400000000460e+01 1.410443000000000466e+05 3.264890900000000329e+04 1.121710800000000199e+04 1.287751500000000306e+04 -1.120710000000000036e+04 -6.417326299999992443e+03 1.227231200000000172e+04 6.283164900000000941e+00 1.091710399999999970e+00 1.059200000000000000e+07 1.018890200000000000e+07 7.977950699999999529e+01
            v2_turb_16.0_19655.dat 1.484430000000000049e+01 9.645710099999998954e-01 1.483870700000000215e+04 1.071680500000000166e+03 2.116170199999999824e+01 1.356970499999999884e+05 3.632318500000001950e+04 9.961092599999999948e+03 1.290900500000000102e+04 -1.117679899999999907e+04 -6.057793599999997241e+03 1.236770700000000215e+04 5.784504600000000885e+00 1.023790700000000164e+00 1.059200000000000000e+07 1.021850100000000186e+07 7.982480499999999779e+01
            v2_turb_16.0_45772.dat 1.760760300000000456e+01 9.722690099999999891e-01 1.543790099999999984e+04 1.066621100000000297e+03 2.300160800000000094e+01 1.350710400000000081e+05 3.647224000000000524e+04 1.502641800000000330e+04 1.310391800000000330e+04 -1.113700000000000000e+04 -4.008130199999993692e+03 1.242622800000000643e+04 5.803777500000001588e+00 1.019221700000000341e+00 1.059200000000000000e+07 1.029570100000000000e+07 7.985190099999999802e+01
            v2_turb_16.0_55975.dat 1.650860200000000333e+01 9.653330900000000048e-01 1.487100300000000061e+04 1.171700000000000045e+03 2.129272000000000276e+01 1.431650700000000070e+05 3.112584300000000803e+04 1.331610800000000199e+04 1.289820000000000073e+04 -1.115710000000000036e+04 -5.040467499999993379e+03 1.270340400000000045e+04 6.387869000000003794e+00 1.089660100000000131e+00 1.059200000000000000e+07 1.022900000000000000e+07 7.985020500000000254e+01
             v2_turb_16.0_5616.dat 1.546420200000000023e+01 9.649320399999999909e-01 1.456121000000000276e+04 1.038480199999999968e+03 2.163581400000000343e+01 1.295140500000000175e+05 3.419305300000001444e+04 1.058320000000000073e+04 1.286890500000000065e+04 -1.119079999999999927e+04 -6.404122299999997267e+03 1.200600300000000061e+04 5.285873500000000114e+00 9.601471599999999995e-01 1.059200000000000000e+07 1.022640100000000000e+07 7.982132099999999753e+01
            v2_turb_16.0_56353.dat 1.604470099999999988e+01 9.666220100000000315e-01 1.453720100000000093e+04 1.058741000000000213e+03 2.184981100000000254e+01 1.315520100000000093e+05 3.365610200000002078e+04 1.238094600000000901e+04 1.294950600000000122e+04 -1.118069900000000052e+04 -4.534126800000000003e+03 1.213321300000000338e+04 5.678791400000000600e+00 1.004534100000000763e+00 1.059200000000000000e+07 1.024000000000000000e+07 7.984620899999998755e+01
             v2_turb_16.0_7031.dat 1.715920999999999808e+01 9.610049999999999981e-01 1.465260200000000077e+04 1.054510099999999966e+03 2.275520799999999966e+01 1.362171300000000047e+05 3.695840800000000309e+04 1.226526200000001336e+04 1.302720300000000134e+04 -1.119720000000000073e+04 -3.814228599999997641e+03 1.211201000000000204e+04 5.556863700000006290e+00 9.909394800000004278e-01 1.059200000000000000e+07 1.018390100000000000e+07 7.984750999999999976e+01
            v2_turb_17.0_20390.dat 1.689550400000000252e+01 9.717430700000000421e-01 1.531385100000000966e+04 1.052842200000000275e+03 2.207831000000000188e+01 1.319980500000000175e+05 3.847701300000000629e+04 1.492771700000000419e+04 1.332380600000000049e+04 -1.110199899999999980e+04 -1.421261299999998300e+03 1.250850600000000122e+04 5.826164400000000576e+00 1.025441300000000222e+00 1.059200000000000000e+07 1.029590000000000000e+07 7.985871199999999703e+01
            v2_turb_17.0_37683.dat 1.753399999999999892e+01 9.674411000000000538e-01 1.491460200000000077e+04 1.021881100000000288e+03 2.250401300000000404e+01 1.266150700000000215e+05 3.163620700000000215e+04 1.304261600000000362e+04 1.330629999999999927e+04 -1.114359900000000016e+04 -1.749488899999983460e+03 1.214661200000000281e+04 5.322228600000003418e+00 9.632172600000001861e-01 1.059200000000000000e+07 1.025130100000000000e+07 7.985320099999999854e+01
            v2_turb_17.0_45521.dat 1.827110800000000168e+01 9.712049999999999850e-01 1.522280299999999988e+04 1.002730900000000247e+03 2.337384500000000642e+01 1.292020299999999988e+05 3.062534700000000885e+04 1.430004400000000896e+04 1.310130099999999948e+04 -1.112629999999999927e+04 -2.401853499999998803e+03 1.228741400000000249e+04 5.321127000000000606e+00 9.625071200000000493e-01 1.059200000000000000e+07 1.029460100000000000e+07 7.993170100000000389e+01
            v2_turb_17.0_49865.dat 1.813990100000000183e+01 9.683440199999999720e-01 1.528421700000000419e+04 1.043030199999999923e+03 2.330960599999999872e+01 1.332962200000000303e+05 3.619232800000000861e+04 1.356430700000000070e+04 1.319540200000000004e+04 -1.113979999999999927e+04 -3.846096299999995153e+03 1.232281000000000131e+04 5.097882400000000480e+00 9.358445600000001585e-01 1.059200000000000000e+07 1.026460000000000000e+07 7.988462700000002314e+01
            v2_turb_17.0_60465.dat 1.787690099999999660e+01 9.644790999999999226e-01 1.405490099999999984e+04 1.024262200000000576e+03 2.261660099999999929e+01 1.306540600000000122e+05 3.171827800000005664e+04 1.095680299999999988e+04 1.268620400000000154e+04 -1.121439899999999943e+04 -5.632423199999999269e+03 1.177489999999999964e+04 5.120924400000001597e+00 9.486590700000000487e-01 1.059200000000000000e+07 1.021760000000000000e+07 7.986610400000000709e+01
             v2_turb_17.0_7334.dat 1.795441300000000240e+01 9.746460799999999702e-01 1.536351100000000224e+04 1.093422100000000682e+03 2.250570800000000204e+01 1.372722000000000407e+05 3.628910800000000745e+04 1.432363400000000729e+04 1.296540800000000127e+04 -1.114969900000000052e+04 -4.033251099999992221e+03 1.205572300000000541e+04 5.721576300000003279e+00 1.016460900000000223e+00 1.059200000000000000e+07 1.032470100000000000e+07 7.990280400000000327e+01
            v2_turb_18.0_25103.dat 1.924651200000000273e+01 9.761640299999999604e-01 1.559192100000000391e+04 9.322300900000000183e+02 2.403870500000000021e+01 1.214510100000000093e+05 3.490263800000000629e+04 1.451511500000002343e+04 1.329931400000000212e+04 -1.111889899999999943e+04 -1.207450799999991887e+03 1.203460900000000220e+04 4.582896200000004860e+00 8.739815000000001888e-01 1.059200000000000000e+07 1.034150300000000000e+07 7.994360299999999597e+01
            v2_turb_18.0_27317.dat 1.970860100000000159e+01 9.762920200000000381e-01 1.568480299999999988e+04 1.040160100000000057e+03 2.520225500000001162e+01 1.332510900000000256e+05 3.398235700000001088e+04 1.340224400000000969e+04 1.325750000000000000e+04 -1.110729999999999927e+04 -1.742907299999999623e+03 1.218170300000000134e+04 4.882019100000003498e+00 9.109126600000001517e-01 1.059200000000000000e+07 1.034330000000000000e+07 7.989540300000000173e+01
            v2_turb_18.0_28016.dat 1.960910100000000256e+01 9.686000200000000060e-01 1.499675800000001254e+04 1.174971900000000460e+03 2.429720200000000219e+01 1.375420400000000373e+05 3.430392400000000634e+04 1.294332700000000477e+04 1.275250000000000000e+04 -1.116079899999999907e+04 -3.123725799999992887e+03 1.197430700000000070e+04 5.825153000000002912e+00 1.030871900000000174e+00 1.059200000000000000e+07 1.026270000000000000e+07 7.991640999999999906e+01
            v2_turb_18.0_34558.dat 1.819070899999999824e+01 9.709051900000000845e-01 1.622464100000000872e+04 9.842391900000001215e+02 2.336041300000000120e+01 1.280610000000000000e+05 4.393292500000000291e+04 1.673082700000000477e+04 1.333210200000000077e+04 -1.107929899999999907e+04 -1.296559299999981704e+03 1.249806500000001324e+04 5.182903700000005109e+00 9.372537000000001894e-01 1.059200000000000000e+07 1.029090100000000000e+07 7.989541199999999321e+01
            v2_turb_18.0_46192.dat 1.879090100000000163e+01 9.708880499999998914e-01 1.527415300000001116e+04 9.456845200000002478e+02 2.413660500000000297e+01 1.245880900000000256e+05 3.350649900000002526e+04 1.350331400000000212e+04 1.316950200000000041e+04 -1.113029999999999927e+04 -1.271319600000000037e+03 1.206901900000000387e+04 4.671302900000006808e+00 8.916942800000007274e-01 1.059200000000000000e+07 1.028860200000000000e+07 7.993149999999999977e+01
             v2_turb_18.0_8966.dat 1.964670800000000028e+01 9.702901000000000442e-01 1.526821200000000317e+04 9.936442200000000184e+02 2.553930700000000087e+01 1.306962800000000570e+05 3.487300000000000000e+04 1.487144700000000921e+04 1.284350300000000061e+04 -1.112449899999999980e+04 -2.004782699999988154e+03 1.209530299999999988e+04 5.289013800000005538e+00 9.609528000000002734e-01 1.059200000000000000e+07 1.028060100000000186e+07 7.994420599999999411e+01
            v2_turb_19.0_17843.dat 2.027350099999999955e+01 9.702230199999999360e-01 1.559660000000000036e+04 9.140720200000004070e+02 2.593190399999999940e+01 1.257012300000000396e+05 3.813352500000000873e+04 1.590040700000000106e+04 1.304800100000000020e+04 -1.110779899999999907e+04 -5.779013699999974278e+02 1.195660600000000159e+04 4.342772700000000263e+00 8.465717700000005008e-01 1.059200000000000000e+07 1.028210100000000000e+07 7.997430500000000109e+01
            v2_turb_19.0_20935.dat 1.995310599999999823e+01 9.760460099999999084e-01 1.599631000000000131e+04 9.660348300000003974e+02 2.523780300000000310e+01 1.279073600000000733e+05 3.847682600000000821e+04 1.588533800000000701e+04 1.361230099999999948e+04 -1.106349899999999980e+04 9.828339600000058454e+02 1.230381700000000274e+04 4.737163100000000959e+00 8.910635900000006826e-01 1.059200000000000000e+07 1.034150200000000000e+07 7.993790199999999402e+01
            v2_turb_19.0_33144.dat 1.981124400000000918e+01 9.707800300000000160e-01 1.611113900000000831e+04 9.017461100000000442e+02 2.467460700000000173e+01 1.236430200000000186e+05 4.072552100000000792e+04 1.700292300000000614e+04 1.332891400000000249e+04 -1.106929999999999927e+04 1.460889800000009927e+03 1.234890300000000025e+04 4.633225800000005279e+00 8.737759300000002005e-01 1.059200000000000000e+07 1.028440100000000000e+07 7.996921000000000390e+01
            v2_turb_19.0_51363.dat 2.000489999999999924e+01 9.707310999999999579e-01 1.555180400000000009e+04 9.422915000000001555e+02 2.469221400000000344e+01 1.242772700000000477e+05 3.615920100000000093e+04 1.723927800000001662e+04 1.339930900000000111e+04 -1.111819900000000052e+04 -3.245068099999497946e+01 1.204680600000000049e+04 4.607213500000002959e+00 8.762720900000000590e-01 1.059200000000000000e+07 1.028700000000000000e+07 8.001010200000000339e+01
            v2_turb_19.0_56307.dat 1.947010200000000069e+01 9.722600000000000131e-01 1.556041300000000228e+04 9.771654300000003559e+02 2.467741900000000399e+01 1.266310200000000186e+05 3.579290200000000186e+04 1.380290200000000004e+04 1.331700600000000122e+04 -1.112520000000000073e+04 -1.293956199999999399e+03 1.234810100000000057e+04 4.644722300000002413e+00 8.860040000000004579e-01 1.059200000000000000e+07 1.030100000000000000e+07 7.997171299999999405e+01
            v2_turb_19.0_63447.dat 2.202920500000000104e+01 9.679710000000000258e-01 1.497170200000000114e+04 9.106285600000001068e+02 2.488870500000000163e+01 1.180672100000000501e+05 3.260986300000001211e+04 1.274030400000000009e+04 1.281410100000000057e+04 -1.115110000000000036e+04 -1.441775399999988622e+03 1.170330400000000009e+04 3.863203400000000620e+00 7.906771599999999900e-01 1.059200000000000000e+07 1.026070000000000000e+07 7.998340200000001232e+01
            v2_turb_20.0_20852.dat 2.172840000000000060e+01 9.744000499999999620e-01 1.586110000000000036e+04 9.247952000000000226e+02 2.658301600000000420e+01 1.222640800000000163e+05 3.857183500000001368e+04 1.682229200000001947e+04 1.314820300000000134e+04 -1.107139999999999964e+04 1.075468900000005988e+03 1.194120100000000093e+04 4.379791600000002560e+00 8.484994200000001152e-01 1.059200000000000000e+07 1.032210100000000000e+07 8.000940099999999688e+01
            v2_turb_20.0_25497.dat 2.027740200000000215e+01 9.717210199999999354e-01 1.544701100000000224e+04 8.856361499999999296e+02 2.622064300000000969e+01 1.207983000000000611e+05 4.261612700000000768e+04 1.596002900000002592e+04 1.308590500000000065e+04 -1.109249899999999980e+04 1.679073800000012966e+02 1.163891000000000167e+04 4.091895600000007072e+00 8.200938600000000633e-01 1.059200000000000000e+07 1.029650000000000000e+07 7.999370500000000561e+01
            v2_turb_20.0_29025.dat 2.079840199999999939e+01 9.744170300000000173e-01 1.616410800000000199e+04 9.118929400000002943e+02 2.576230400000000387e+01 1.196632800000000570e+05 3.745870100000000093e+04 1.666992200000002413e+04 1.342860100000000057e+04 -1.107399899999999980e+04 1.433525600000017448e+03 1.219860100000000057e+04 4.003540100000000379e+00 8.055149200000001342e-01 1.059200000000000000e+07 1.032710200000000000e+07 7.997370600000000707e+01
            v2_turb_20.0_43745.dat 2.280270700000000161e+01 9.739090099999999639e-01 1.601380099999999948e+04 9.307908700000003819e+02 2.647401600000000599e+01 1.192010400000000081e+05 3.930791500000002998e+04 1.273301700000000346e+04 1.296100300000000061e+04 -1.111089999999999964e+04 -1.073961499999994231e+02 1.170770400000000154e+04 3.717743900000002544e+00 7.751402200000001574e-01 1.059200000000000000e+07 1.032060100000000000e+07 8.000321000000000993e+01
            v2_turb_20.0_51504.dat 2.258450900000000061e+01 9.804120099999998894e-01 1.713876800000001458e+04 8.857183600000000752e+02 2.769310200000000322e+01 1.199713900000000867e+05 4.134578000000003522e+04 1.592502600000000530e+04 1.358620100000000093e+04 -1.100389999999999964e+04 2.795735300000003008e+03 1.263160900000000220e+04 3.961965600000000975e+00 7.943328800000002410e-01 1.059200000000000000e+07 1.038560000000000000e+07 7.997120299999998849e+01
            v2_turb_20.0_54726.dat 2.092440200000000061e+01 9.756860000000000532e-01 1.556111100000000260e+04 8.928766300000000911e+02 2.640134700000000834e+01 1.179491800000000221e+05 3.799532200000000012e+04 1.211372800000000643e+04 1.290440099999999984e+04 -1.110920000000000073e+04 -1.208369499999997970e+03 1.180791100000000188e+04 3.967478500000003461e+00 8.071890900000000535e-01 1.059200000000000000e+07 1.033620000000000000e+07 8.000341299999999478e+01
            v2_turb_21.0_25181.dat 2.319091200000000086e+01 9.780640200000001450e-01 1.679647200000001612e+04 8.560161399999999503e+02 2.700590500000000205e+01 1.156612000000000407e+05 4.305674800000000687e+04 1.612650900000000183e+04 1.348010100000000057e+04 -1.102579999999999927e+04 2.691532000000000608e+03 1.247671300000000338e+04 3.467377500000001334e+00 7.344378000000001405e-01 1.059200000000000000e+07 1.036310200000000000e+07 8.003200100000000816e+01
             v2_turb_21.0_3963.dat 2.211120100000000122e+01 9.839181100000000679e-01 1.801630700000000070e+04 9.253363100000000259e+02 2.748970399999999970e+01 1.316590100000000093e+05 5.484981800000000658e+04 2.109215200000000914e+04 1.393740400000000045e+04 -1.092289899999999943e+04 4.398602700000008554e+03 1.330372800000000643e+04 4.816194500000004375e+00 8.963862900000001410e-01 1.059200000000000000e+07 1.042740000000000000e+07 8.006580499999999745e+01
            v2_turb_21.0_42162.dat 2.338470200000000077e+01 9.815410399999999758e-01 1.593300700000000143e+04 8.405669000000001461e+02 3.065124300000000801e+01 1.155631600000000326e+05 4.483899400000004243e+04 1.655701400000000285e+04 1.335170700000000215e+04 -1.105879899999999907e+04 1.701168100000001687e+03 1.202481100000000151e+04 3.363384300000000771e+00 7.269787100000001390e-01 1.059200000000000000e+07 1.039540000000000000e+07 8.003420899999998994e+01
             v2_turb_21.0_5160.dat 2.298580100000000215e+01 9.781100400000000139e-01 1.737811600000000180e+04 8.657242500000000973e+02 2.979125400000005186e+01 1.205481800000000367e+05 4.346944400000001042e+04 1.772245900000001348e+04 1.356660300000000097e+04 -1.098919800000000032e+04 4.913517000000013468e+03 1.242542000000000371e+04 3.585623600000000799e+00 7.438220300000001339e-01 1.059200000000000000e+07 1.036830000000000000e+07 7.999930100000000266e+01
            v2_turb_21.0_57341.dat 2.366750400000000099e+01 9.816140099999999258e-01 1.754631700000000274e+04 9.001912700000000314e+02 2.845771500000000387e+01 1.253590900000000256e+05 4.531797500000001310e+04 1.958951200000000244e+04 1.355480099999999948e+04 -1.099759900000000016e+04 5.174945900000044276e+03 1.237821000000000276e+04 4.431261700000002968e+00 8.497094100000003314e-01 1.059200000000000000e+07 1.040070200000000000e+07 8.004941800000000285e+01
            v2_turb_21.0_61500.dat 2.295570700000000031e+01 9.834521400000000302e-01 1.714801200000000244e+04 9.024163600000005090e+02 2.712840200000000124e+01 1.228880200000000041e+05 4.252139600000002247e+04 1.741751600000000326e+04 1.353020100000000093e+04 -1.099279899999999907e+04 3.046806500000011511e+03 1.238912900000000627e+04 3.680669000000003965e+00 7.582162200000001073e-01 1.059200000000000000e+07 1.042110100000000000e+07 8.003092400000001305e+01
            v2_turb_22.0_29503.dat 2.422221300000000355e+01 9.794772200000000373e-01 1.722610199999999895e+04 8.644015700000001061e+02 2.931851000000000340e+01 1.196590400000000081e+05 4.797881900000002497e+04 1.838340800000000309e+04 1.337210800000000199e+04 -1.099850000000000000e+04 4.241968300000008639e+03 1.232582400000000416e+04 3.758815900000007204e+00 7.721216000000000745e-01 1.059200000000000000e+07 1.037890100000000000e+07 8.008001600000000053e+01
            v2_turb_22.0_40013.dat 2.355170100000000133e+01 9.832800300000000826e-01 1.700120600000000195e+04 8.616955100000001266e+02 2.944030700000000067e+01 1.175090199999999895e+05 4.559971000000002095e+04 1.902340000000000146e+04 1.333721900000000460e+04 -1.101269900000000052e+04 3.465373700000002827e+03 1.220150100000000020e+04 3.510617800000001232e+00 7.448760700000006674e-01 1.059200000000000000e+07 1.041260000000000000e+07 8.009270800000000179e+01
            v2_turb_22.0_40231.dat 2.415720500000000115e+01 9.768470000000000208e-01 1.698090800000000309e+04 8.204292900000000373e+02 3.002930299999999875e+01 1.203465300000001153e+05 5.104573900000000867e+04 1.697321400000000358e+04 1.357913200000000688e+04 -1.100120000000000073e+04 3.847861400000000231e+03 1.197301100000000224e+04 3.358952000000002602e+00 7.200603200000000870e-01 1.059200000000000000e+07 1.035920000000000000e+07 8.005830699999999922e+01
            v2_turb_22.0_41304.dat 2.407100600000000412e+01 9.754710100000000272e-01 1.658860499999999956e+04 8.163104600000000346e+02 2.837980800000000059e+01 1.120980100000000093e+05 4.374101499999999942e+04 1.531560500000000138e+04 1.318170100000000093e+04 -1.104659900000000016e+04 2.995612200000008670e+03 1.201043600000000697e+04 3.367317800000001693e+00 7.235617800000001543e-01 1.059200000000000000e+07 1.033800000000000000e+07 8.007391099999999540e+01
            v2_turb_22.0_47014.dat 2.369480600000000337e+01 9.773370000000000113e-01 1.750220800000000236e+04 8.405740199999999049e+02 2.976672100000000398e+01 1.156060500000000175e+05 5.340221800000000076e+04 1.649520100000000093e+04 1.382550500000000102e+04 -1.098529899999999907e+04 5.000339300000010553e+03 1.247970100000000093e+04 3.275715000000001265e+00 7.073452000000005624e-01 1.059200000000000000e+07 1.035580100000000000e+07 8.008030300000000068e+01
            v2_turb_22.0_52742.dat 2.398370099999999994e+01 9.803381800000000590e-01 1.669013600000000588e+04 8.344874900000000935e+02 2.923930700000000016e+01 1.183651700000000274e+05 4.865361900000000605e+04 1.626122300000000541e+04 1.392511900000000423e+04 -1.101439999999999964e+04 4.235444500000003245e+03 1.243200700000000143e+04 3.775860700000002623e+00 7.752735900000007341e-01 1.059200000000000000e+07 1.039440000000000000e+07 8.002040099999999256e+01
            v2_turb_23.0_18883.dat 2.538702200000000531e+01 9.855160499999998658e-01 1.759090400000000227e+04 8.185275500000002467e+02 3.030431800000000564e+01 1.176412500000000437e+05 5.157891599999999744e+04 1.932270500000000175e+04 1.366270200000000114e+04 -1.094659900000000016e+04 5.673466800000002877e+03 1.241941000000000167e+04 3.430674900000002747e+00 7.311087200000000452e-01 1.059200000000000000e+07 1.044900100000000000e+07 8.009371500000000310e+01
            v2_turb_23.0_31026.dat 2.425420100000000190e+01 9.817581300000001177e-01 1.706600700000000143e+04 8.213926400000001422e+02 2.898959999999999937e+01 1.164280200000000041e+05 4.853270399999999790e+04 1.745771700000000419e+04 1.344782200000000375e+04 -1.098939999999999964e+04 4.840372000000006665e+03 1.192560100000000057e+04 3.059349400000003882e+00 6.928983100000004614e-01 1.059200000000000000e+07 1.040060100000000000e+07 8.010621900000001006e+01
            v2_turb_23.0_36127.dat 2.443140299999999954e+01 9.824871099999999968e-01 1.787450000000000000e+04 8.690792099999999891e+02 2.985780100000000203e+01 1.259501300000000338e+05 5.504266800000007788e+04 2.059834300000000803e+04 1.382090400000000045e+04 -1.093310000000000036e+04 5.220384800000001633e+03 1.290340400000000045e+04 3.543094900000000713e+00 7.392393100000002049e-01 1.059200000000000000e+07 1.042140000000000000e+07 8.008530600000000277e+01
            v2_turb_23.0_49683.dat 2.528120199999999684e+01 9.825500400000001244e-01 1.785430299999999988e+04 8.225055000000000973e+02 3.079180200000000056e+01 1.239905300000001153e+05 5.845886900000003516e+04 2.204821500000002197e+04 1.384280500000000029e+04 -1.094179799999999886e+04 6.133690700000008292e+03 1.228822600000000602e+04 3.647695400000001253e+00 7.652379000000005815e-01 1.059200000000000000e+07 1.041270200000000000e+07 8.010715800000001252e+01
            v2_turb_23.0_49834.dat 2.505610599999999977e+01 9.794950300000000443e-01 1.707910399999999936e+04 8.318441200000002027e+02 3.025552900000000989e+01 1.171713000000000757e+05 5.146563900000001013e+04 1.901701000000000204e+04 1.345852000000000407e+04 -1.098939899999999943e+04 4.311829600000000937e+03 1.209510500000000138e+04 3.163900500000000005e+00 6.977397200000003963e-01 1.059200000000000000e+07 1.038300000000000000e+07 8.007460200000001294e+01
            v2_turb_23.0_57680.dat 2.462890100000000260e+01 9.772520100000000598e-01 1.667180600000000049e+04 8.017621499999999060e+02 2.925991600000000048e+01 1.158800299999999988e+05 4.253555200000001059e+04 1.643480099999999948e+04 1.331342900000000554e+04 -1.102620000000000073e+04 3.796360400000001846e+03 1.166300500000000102e+04 2.873732500000000911e+00 6.643438200000001403e-01 1.059200000000000000e+07 1.036360100000000000e+07 8.008071999999999946e+01
            v2_turb_24.0_11244.dat 2.509830799999999940e+01 9.897444600000000481e-01 1.792867200000001321e+04 8.245544500000000880e+02 3.205530800000000369e+01 1.231792900000000664e+05 4.983792400000002817e+04 1.846780900000000111e+04 1.352030099999999948e+04 -1.094739899999999943e+04 5.070002400000000307e+03 1.204051500000000306e+04 2.937693100000000612e+00 6.724134500000003012e-01 1.059200000000000000e+07 1.049840000000000000e+07 8.013960800000000972e+01
            v2_turb_24.0_11250.dat 2.674620900000000390e+01 9.891825100000000148e-01 1.863270200000000114e+04 8.402773600000001579e+02 3.092270399999999952e+01 1.208493500000000640e+05 4.849190400000000227e+04 2.018752600000004531e+04 1.357680400000000009e+04 -1.089519900000000052e+04 5.938541600000000471e+03 1.276400400000000081e+04 3.295907500000003321e+00 7.017240200000001149e-01 1.059200000000000000e+07 1.048100100000000000e+07 8.005690700000000959e+01
              v2_turb_24.0_377.dat 2.698552200000000312e+01 9.898344200000001036e-01 1.811910900000000038e+04 8.174387100000001283e+02 3.129150099999999668e+01 1.216911100000000297e+05 5.064371300000000338e+04 1.922682400000000416e+04 1.344220400000000154e+04 -1.093169599999999991e+04 6.423222400000002381e+03 1.299810100000000057e+04 3.076032000000000100e+00 6.855991700000000355e-01 1.059200000000000000e+07 1.049480400000000000e+07 8.015700100000000816e+01
            v2_turb_24.0_44891.dat 2.632770099999999758e+01 9.877190399999999926e-01 1.873810499999999956e+04 8.343884500000002618e+02 3.189860399999999885e+01 1.240870100000000093e+05 5.055124000000000524e+04 2.295392200000002413e+04 1.348250900000000183e+04 -1.090679899999999907e+04 7.317045100000003004e+03 1.256410100000000057e+04 3.492747600000003505e+00 7.263304300000005265e-01 1.059200000000000000e+07 1.046180000000000000e+07 8.015652500000000202e+01
            v2_turb_24.0_50518.dat 2.819560099999999991e+01 9.816450500000000190e-01 1.782650100000000020e+04 8.181506900000001679e+02 3.255304600000000192e+01 1.171520600000000122e+05 5.041004900000001362e+04 1.693040300000000207e+04 1.339210100000000057e+04 -1.095399899999999980e+04 4.778288300000005620e+03 1.220150400000000081e+04 2.516477000000001407e+00 6.195017700000000627e-01 1.059200000000000000e+07 1.040890000000000000e+07 8.012970199999999465e+01
            v2_turb_24.0_60394.dat 2.595009999999999906e+01 9.843150000000000510e-01 1.841481600000000253e+04 8.289868100000001050e+02 3.214551099999999906e+01 1.216251700000000274e+05 4.788415600000000995e+04 2.095893400000000838e+04 1.393760100000000057e+04 -1.092669800000000032e+04 6.712994800000003124e+03 1.291900100000000020e+04 3.503135000000000776e+00 7.288879500000003953e-01 1.059200000000000000e+07 1.043110100000000000e+07 8.015560299999999927e+01
