Statistics: std. Generated: 02/12/2021 09:15:51. No. files: 120.
                              File                       4                      10                      11                      13                      15                      17                      18                      20                      21                      25                      26                      27                      61                      64                      70                     100                     108
            v2_turb_05.0_21716.dat 1.158391041508683328e+00 1.717845075884946943e-03 8.842091040160868261e+02 9.596825288576431490e+01 1.228099886935607898e+00 2.315641750182325632e+04 8.148164535035560220e+03 2.651513002966208205e+03 8.928876953958445029e+02 8.398732354530537805e+02 2.346574973578331537e+03 8.417742967475260230e+03 2.153126436457573956e+00 2.454758004463351018e-01 7.823612127338872524e+05 4.600050097059176769e+05 2.036254780580294010e+01
            v2_turb_05.0_40322.dat 1.238934747913112533e+00 1.220307889663280231e-03 6.799047189216150855e+02 9.120628723404360017e+01 1.302127281893774358e+00 1.756878072844995404e+04 5.281249462726162164e+03 2.171970139342776292e+03 6.845573346547785150e+02 6.417377231920501117e+02 2.033324200585957669e+03 8.385684940671624645e+03 1.941694468536839802e+00 2.222758414073007782e-01 5.980781983503041556e+05 3.516307513570856536e+05 2.040732129822429641e+01
            v2_turb_05.0_43619.dat 9.992906352933520475e-01 1.929456820114091838e-03 9.595046497901319071e+02 9.497101439784744059e+01 1.388249396225246679e+00 2.672740021917582271e+04 8.116755135857329151e+03 3.046434049206278360e+03 9.216289738453053815e+02 8.798649357635015349e+02 2.713239456286171389e+03 8.455306509160989663e+03 2.681551970660552620e+00 3.007004299586284457e-01 8.199173361123024952e+05 4.823120025552235311e+05 2.036278134120995986e+01
            v2_turb_05.0_47165.dat 1.248179355670038904e+00 1.552813713015397919e-03 5.699306948167499058e+02 7.793797348640582356e+01 1.280247048768717422e+00 2.619320497923387302e+04 7.280179306694883053e+03 2.866618474014982894e+03 5.401294919809303110e+02 4.751363352919291856e+02 2.224869643901202380e+03 8.353727365087501312e+03 2.156309286909740663e+00 2.443900221561884911e-01 4.441391659093574272e+05 2.613847604342587874e+05 2.042985824379843862e+01
            v2_turb_05.0_47952.dat 1.274913932366500413e+00 1.668831461437691836e-03 9.842633324245871336e+02 9.758083989654109303e+01 1.368422419064423412e+00 2.412859829029343746e+04 6.732596174248061288e+03 2.795134374062631196e+03 8.659659282488349845e+02 9.279323347004963125e+02 2.419510689322383769e+03 8.345895685230911113e+03 2.310486811639043125e+00 2.599468802350564656e-01 8.639362038481115596e+05 5.079522677385919960e+05 2.034667829133320183e+01
            v2_turb_05.0_50292.dat 1.264975530760892308e+00 1.307733077289598492e-03 6.581282417851391529e+02 8.713143223447012531e+01 1.354331719597722694e+00 2.089006597306735785e+04 5.883664850999712144e+03 2.237678396258609610e+03 6.846052109935086492e+02 6.000242591640030696e+02 2.261363699507305682e+03 8.411906733236080981e+03 2.045219985047827205e+00 2.364402159414725479e-01 5.592932599717455450e+05 3.288358674141343799e+05 2.041579037585261958e+01
            v2_turb_06.0_14324.dat 9.242074785491732891e-01 2.247244226808227819e-03 8.397571937199070362e+02 8.028213531798698455e+01 1.329087172109114867e+00 2.307556244244049230e+04 8.493522123786297016e+03 2.998257635766951807e+03 7.071375612577533047e+02 7.101998426928381605e+02 2.153188840862716916e+03 8.337965636995428213e+03 2.162136111648186532e+00 2.321432463657444878e-01 6.637779117838693783e+05 3.914270361664669472e+05 2.042129589648051180e+01
            v2_turb_06.0_26862.dat 1.072379731584296003e+00 1.862247141791656575e-03 1.286169351481661579e+03 1.139825531506012908e+02 1.431255094070612577e+00 2.180476702628106432e+04 7.962104348696386296e+03 2.554103695434754172e+03 1.273529171293346053e+03 1.253237787395253690e+03 2.443993178363791230e+03 8.362331654707038979e+03 2.415953168969695142e+00 2.648303312773502838e-01 1.166380890681570163e+06 6.858759903988502920e+05 2.043984569382483585e+01
            v2_turb_06.0_47824.dat 1.135424405417516436e+00 1.716271269436903677e-03 9.256050496965815455e+02 1.051344109411979559e+02 1.403061937586992380e+00 2.402946916335686910e+04 9.240998932877237166e+03 2.447464716411802328e+03 8.412938985695924430e+02 8.636172102203875056e+02 2.447279141582599550e+03 8.425074619133303713e+03 2.484753485297245046e+00 2.824612148619164431e-01 8.044327050327267498e+05 4.732059211747240624e+05 2.045625803788680486e+01
            v2_turb_06.0_51321.dat 9.627764351993400860e-01 6.334944880209560959e-03 1.046958045206998349e+03 9.559586399947261270e+01 1.473011408021841273e+00 2.306545195045704168e+04 9.664608061534614535e+03 3.018686558087339108e+03 9.278681753499844262e+02 9.595525017456609476e+02 2.575723435950357270e+03 8.280550570745050209e+03 2.494477332147525317e+00 2.717743989131297666e-01 8.937751899443251314e+05 5.435811872352368664e+05 2.050712490103022390e+01
            v2_turb_06.0_52263.dat 1.142165899427555864e+00 1.912411734185912949e-03 1.024460303832950785e+03 8.886467762838594808e+01 1.412937893775463305e+00 2.092120076989297377e+04 6.748939394427451589e+03 1.997800177338662706e+03 9.300692118388226390e+02 9.565742639779759884e+02 2.208850959518888885e+03 8.436682417952048127e+03 2.190732560864995904e+00 2.378993698411005775e-01 8.910296400679911021e+05 5.242360307846402284e+05 2.048655002748730425e+01
            v2_turb_06.0_55769.dat 1.123989917764423030e+00 2.361530576437549742e-03 1.126139458029296520e+03 9.403021517267885088e+01 1.458541713399945428e+00 2.839790614678256679e+04 9.532202737990821333e+03 2.888921819428868730e+03 1.136035507696514742e+03 1.026033438213112277e+03 2.644837367531154086e+03 8.467079156100073305e+03 2.680991687522229050e+00 2.869642221238468682e-01 9.563251568034783704e+05 5.635599919637964340e+05 2.051262264919675360e+01
             v2_turb_07.0_2336.dat 2.421735827141295871e-01 7.056036859654267468e-02 2.082236944068197317e+03 2.032518047635336984e+02 1.599962028781017231e+00 3.644469217806943925e+04 1.325676896412984388e+04 4.108819126563182181e+03 1.802029659040159913e+03 1.779311225198251350e+03 4.654294122946134848e+03 8.381113939433829728e+03 2.566750895450295555e+00 2.613424993999986512e-01 1.655261307552724145e+06 1.482986685295157600e+06 2.073839429729291695e+01
            v2_turb_07.0_40743.dat 6.536784437193794428e-01 4.227601826055841366e-02 1.245465945819100625e+03 1.343226357207547892e+02 1.486364375272486660e+00 2.221123395220284874e+04 7.038281300829866268e+03 3.024950969597195581e+03 1.111672052020868023e+03 1.062620580149972056e+03 3.117288279212705675e+03 8.407671215335356464e+03 1.962484676081982515e+00 2.024007762453686188e-01 9.887725045077243121e+05 8.278290915763180237e+05 2.066827948549831362e+01
            v2_turb_07.0_45626.dat 6.085453614868192584e-01 3.434332267656668020e-02 1.249852721712935590e+03 1.252077755366761664e+02 1.453022345690963446e+00 2.274068392257330197e+04 6.725790655979689291e+03 2.570599670625087583e+03 1.074570083012592704e+03 1.084842068568440027e+03 2.736220412931448664e+03 8.332411452877055126e+03 1.756611765527199331e+00 1.770997450851375110e-01 1.009018647266346030e+06 7.718895525633898797e+05 2.076833151732182259e+01
            v2_turb_07.0_52870.dat 3.338786916629086776e-01 3.518405804149456889e-02 1.252052555871109234e+03 1.060608076111757896e+02 1.501236073139972760e+00 2.252616443126908780e+04 9.847345504010894729e+03 3.792401443288113569e+03 1.049613266621821822e+03 9.645802652235076948e+02 3.054990420874327810e+03 8.297478607752196694e+03 2.386905847152180016e+00 2.424994944914006523e-01 8.973437891906496370e+05 7.151169935598258162e+05 2.055738194310723443e+01
            v2_turb_07.0_52899.dat 4.242206636575275858e-01 3.478555082575191665e-02 1.525048193203514529e+03 1.353051368900711395e+02 1.491969613349893642e+00 2.294615962211059013e+04 1.055782926671841233e+04 2.610837563639998734e+03 1.292349235948146315e+03 1.347741487415454230e+03 3.099322121613155105e+03 8.441510787797893499e+03 2.151128379828174619e+00 2.225122246438098472e-01 1.253782831708693644e+06 9.135415839061269071e+05 2.062145165247374123e+01
             v2_turb_07.0_8564.dat 9.286150839971797355e-01 4.167333847045605333e-02 1.676867659693700716e+03 1.668478427812898417e+02 1.563142611371716395e+00 2.724361700290309818e+04 1.210688277643003130e+04 2.685303102015614968e+03 1.575771661896673777e+03 1.578923840892197632e+03 3.491834343188475032e+03 8.362884640158863476e+03 2.233137648793919183e+00 2.353274644492704126e-01 1.469005135184252635e+06 1.074570920919545926e+06 2.057257082036537454e+01
            v2_turb_08.0_15536.dat 4.386851810144917763e-01 6.162033999385235078e-02 1.745078649054209791e+03 1.706912699489939200e+02 1.676032862313576288e+00 2.742874992686632322e+04 9.802128429886482991e+03 4.055977436498217230e+03 1.472932380259876709e+03 1.459811513529312606e+03 3.947312349786939194e+03 8.334825188770604655e+03 2.066549837802686529e+00 2.090156228067094335e-01 1.357502732966638403e+06 1.269888765587088186e+06 2.084849858797982947e+01
            v2_turb_08.0_22441.dat 5.184046596218427894e-01 6.108794166638728540e-02 1.460141455270737879e+03 1.524292080421699893e+02 1.586935934279008142e+00 2.413709934021823574e+04 7.922354381130640832e+03 3.412752407265591501e+03 1.264973262992541777e+03 1.187777354191187897e+03 3.477970110919546642e+03 8.459571600847895752e+03 1.785461382523887419e+00 1.801862434173754079e-01 1.104790659110918408e+06 1.110367908310986124e+06 2.081928774016014927e+01
            v2_turb_08.0_32293.dat 2.920796322183706328e-01 4.984879048456427458e-02 1.533624018168156908e+03 1.489635305284868423e+02 1.583596965570564397e+00 2.451773747134087171e+04 8.052270237666506546e+03 3.070205669362729623e+03 1.231324484652707497e+03 1.238130908853632718e+03 3.417024355627745081e+03 8.495224684963844993e+03 1.975146691348908190e+00 1.987675862260404325e-01 1.151372052927917801e+06 1.012361596387002966e+06 2.085241403552532091e+01
            v2_turb_08.0_41120.dat 5.513093863705993414e-01 7.394438885455266453e-02 1.779008802834996686e+03 1.867723149875989463e+02 1.703964934767130179e+00 2.786849488708460558e+04 7.455479971623886740e+03 3.225723893429636519e+03 1.600587607411197951e+03 1.521484575329104246e+03 4.308608883715484808e+03 8.722808795169921723e+03 2.061564949903972099e+00 2.067834535060092127e-01 1.415161615115606459e+06 1.484530024802660802e+06 2.070881351110196533e+01
            v2_turb_08.0_46290.dat 5.316805594240505695e-01 5.011395605975432765e-02 1.400484360067680882e+03 1.396847491177965424e+02 1.648317792568138485e+00 2.380316265890161958e+04 1.248022566876663768e+04 3.323247761843707394e+03 1.174764993772325170e+03 1.061701419249926403e+03 3.550606103856705886e+03 8.527582238633542147e+03 2.209905191619859099e+00 2.226423320325416344e-01 9.874550824846699834e+05 9.313209029104878427e+05 2.078545218212259371e+01
            v2_turb_08.0_60415.dat 4.883138157089534359e-01 5.366326702019739298e-02 1.267024182491674082e+03 1.402448912816554696e+02 1.627586472233680359e+00 2.100794333860888946e+04 5.531696257424504438e+03 2.641487045594944902e+03 1.156501286326734771e+03 1.075220663005385177e+03 3.202646064502844183e+03 8.492847439385348480e+03 1.767340364499985217e+00 1.804028771009528187e-01 1.000230310388925602e+06 9.505238276053881273e+05 2.073105690889935460e+01
            v2_turb_09.0_26343.dat 8.673779649525928948e-01 8.338232598051971423e-02 1.727938625954030158e+03 1.906179243048833314e+02 1.702277487711594928e+00 2.552460154607802542e+04 6.866288895505812434e+03 3.602662692526861974e+03 1.594306282127306986e+03 1.403505659735114023e+03 4.433971795276493140e+03 8.569065260904424576e+03 1.977130648071595553e+00 2.044034527708946947e-01 1.305563366619963897e+06 1.644223009780169465e+06 2.102212975629356961e+01
            v2_turb_09.0_34715.dat 7.276195711259972887e-01 5.461227567434754487e-02 1.473859919155076568e+03 1.391434002273894919e+02 1.802625574372206829e+00 2.011460692184490108e+04 7.448704031693437173e+03 3.295085273859577683e+03 1.167477884181783566e+03 1.100515892168637492e+03 3.640787805153837326e+03 8.605169655627058091e+03 1.958329175518094933e+00 2.008963349509408913e-01 1.023374360318862251e+06 1.114611486838032026e+06 2.088229095941733249e+01
             v2_turb_09.0_5751.dat 7.524001325860224521e-01 7.738438523314419837e-02 1.792224146759925361e+03 1.969711731643036217e+02 1.694950208220612931e+00 2.627510402796737253e+04 8.428258853536426614e+03 3.942103636780893794e+03 1.597300674176937946e+03 1.525805558124525305e+03 4.665235475916267205e+03 8.426923601759815938e+03 1.992830607923588682e+00 2.044960907432400998e-01 1.418835847046334762e+06 1.604030094422245398e+06 2.091773083279115752e+01
            v2_turb_09.0_59920.dat 7.514854799155923359e-01 7.281975326317265129e-02 1.621551554365270022e+03 1.709350520896588534e+02 1.741721830429303841e+00 2.273840150805427038e+04 5.769942072778993861e+03 3.567068729883942524e+03 1.401297775146678077e+03 1.341240782363051267e+03 4.013771167787177092e+03 8.422223814504131951e+03 1.857902872851491027e+00 1.910880814739051581e-01 1.247281775666858302e+06 1.474082708015901269e+06 2.087975034368781380e+01
             v2_turb_09.0_8821.dat 7.844414636155625509e-01 6.276539602198213941e-02 1.641181279236752516e+03 1.622339110264311444e+02 1.812827307249718745e+00 2.379810950896671420e+04 7.100075987987994267e+03 3.683319904987739392e+03 1.397289856869376990e+03 1.282087400453880264e+03 4.029854836295099176e+03 8.576642351121727188e+03 2.004586785210947131e+00 2.057685717509541157e-01 1.192400481164282188e+06 1.274527978089386364e+06 2.094340598421992539e+01
             v2_turb_09.0_9468.dat 7.888859270132851931e-01 7.009124562488198984e-02 1.752425523407070386e+03 1.818908343764816209e+02 1.802200262219076032e+00 2.477139046123915250e+04 7.352260220102771200e+03 3.874422070382041511e+03 1.507096869729826949e+03 1.397285569396308802e+03 4.411490522348608465e+03 8.563012918617650939e+03 2.131312913818384391e+00 2.208218244385956319e-01 1.299616312910175417e+06 1.420737836927940603e+06 2.085433341473562052e+01
            v2_turb_10.0_13708.dat 1.327891113243431453e+00 7.174807619191564401e-02 1.731328109406061685e+03 1.707671837010020965e+02 1.900707845277690655e+00 2.199132338587467893e+04 4.424831126903311088e+03 4.646956215106167292e+03 1.317196158791888820e+03 1.122364944414807042e+03 4.578935531092210113e+03 8.807564041005965919e+03 1.953408779818599950e+00 2.062047783266750534e-01 1.043582335891261348e+06 1.486826224611894228e+06 2.119870305304569413e+01
             v2_turb_10.0_2246.dat 1.157254388516506083e+00 9.550970143125991907e-02 2.014159154749083200e+03 2.055806996116849916e+02 1.886908405125800492e+00 2.755008659086874832e+04 5.226947662658173613e+03 4.767250117273404612e+03 1.695340638075982270e+03 1.657067684623536707e+03 4.868195278252510434e+03 8.615800262567823665e+03 2.018597071664017140e+00 2.119153875514762919e-01 1.540743007891865680e+06 2.022020391657269793e+06 2.095769043385975650e+01
            v2_turb_10.0_25797.dat 8.835549014845390792e-01 8.599649661589291172e-02 1.989876301423069208e+03 2.088966958632868227e+02 1.815251861981360681e+00 2.691282297700865820e+04 5.587960326671882285e+03 4.946258068372256275e+03 1.504243100955695581e+03 1.415451382952254107e+03 5.197858498353438335e+03 8.536317029960157015e+03 1.979593350819646602e+00 2.089391488697011634e-01 1.315748565442137886e+06 1.706572456441506743e+06 2.110437033572114984e+01
            v2_turb_10.0_25824.dat 1.287976596838723786e+00 7.968142522757670765e-02 1.806165291869528119e+03 1.609879347187966800e+02 1.872466496849430895e+00 2.196374578043388829e+04 4.841847503211842195e+03 3.931638828012079102e+03 1.467881461645965828e+03 1.429080222410857232e+03 4.246885315700809770e+03 8.517005896439068238e+03 2.051038367874551405e+00 2.170830991635428198e-01 1.328745110321985558e+06 1.763134254521869589e+06 2.101604032539577815e+01
            v2_turb_10.0_53407.dat 9.891380737362515108e-01 8.222839747388009657e-02 1.834789186177262991e+03 2.049159137437134746e+02 1.863854091930361001e+00 2.608517114400224455e+04 3.642764427926626922e+03 4.513863057561479764e+03 1.266563323635559300e+03 1.276988828796315829e+03 5.008025455584658630e+03 8.448945060756792373e+03 1.961904179003961746e+00 2.080311009541366274e-01 1.186576048805046827e+06 1.623347108948788838e+06 2.122420749107419979e+01
             v2_turb_10.0_7055.dat 1.007018089049193321e+00 9.082067997057666209e-02 2.138736966139803371e+03 2.217830215693427931e+02 1.846919609022329878e+00 2.912512479730105770e+04 5.915192569264292615e+03 5.031741438734457006e+03 1.530273868735200267e+03 1.543112906532180887e+03 5.315607427025882316e+03 8.639193988055352747e+03 2.276852253168119233e+00 2.350145953401154286e-01 1.434290482802379178e+06 1.865770182082460728e+06 2.109658558605074674e+01
             v2_turb_11.0_1633.dat 1.397009823805577922e+00 7.261319035270487332e-02 1.824390902736617818e+03 1.651358195741738371e+02 1.826748283224318259e+00 2.157667157586701069e+04 4.780282406807936241e+03 5.260320439013807118e+03 1.282514836943253158e+03 1.178753637213309048e+03 4.970535219865407271e+03 8.617982574129808199e+03 2.046240808186891247e+00 2.233364423203494653e-01 1.095768518427932868e+06 1.579393585893907584e+06 2.104794420562637924e+01
            v2_turb_11.0_25765.dat 2.036840100086117822e+00 6.918034508877146660e-02 1.593203611737907295e+03 1.460335497801157487e+02 2.017712926245367910e+00 1.916312643866023427e+04 3.895910306616419803e+03 4.379530913251721358e+03 1.178999809323500585e+03 1.122797052450568344e+03 4.460861042755830567e+03 8.705822432725306498e+03 2.086860955221143676e+00 2.291302600143714230e-01 1.043829531241066987e+06 1.506230177512951661e+06 2.111397758249997381e+01
            v2_turb_11.0_37345.dat 2.276121039935133261e+00 4.870044856715445569e-02 1.378638996603753867e+03 1.460107445780319608e+02 1.914003791754404826e+00 1.914762300557290291e+04 5.507905566740249014e+03 5.395446714529743986e+03 1.021547956727443079e+03 8.675181572764686280e+02 4.856826297557906400e+03 8.638478665082559019e+03 2.189471801205753909e+00 2.451277374240884988e-01 8.056799622681267792e+05 1.130850148799548391e+06 2.109410854567284943e+01
            v2_turb_11.0_41193.dat 1.765570148362610725e+00 7.711875764845953218e-02 1.617286604720280820e+03 1.424995985429901282e+02 1.805517125252472876e+00 1.816871174209197125e+04 4.674497546559118746e+03 3.955111246816728908e+03 1.293918499463153239e+03 1.265471725766006330e+03 3.890872226553607561e+03 8.547695996388392814e+03 1.964329023595858814e+00 2.127851460803421579e-01 1.176678491383383982e+06 1.682627983708445681e+06 2.105284247035437772e+01
            v2_turb_11.0_43724.dat 2.415987187673525050e+00 4.949910439209481011e-02 1.298988240744368341e+03 1.241078533604094645e+02 1.932215490062855201e+00 1.628281459493743023e+04 3.982853330765098690e+03 4.260605804463575623e+03 9.448452845989015714e+02 8.011449660252372951e+02 3.844790028898494256e+03 8.499095650356186525e+03 2.077144827565465146e+00 2.286928163509139855e-01 7.441534870450926246e+05 1.114323979727396742e+06 2.113544757183946743e+01
            v2_turb_11.0_59287.dat 1.536896587651986001e+00 6.548618362485998656e-02 1.736173993273856922e+03 1.422251471729453272e+02 1.974229035343402883e+00 1.931111621764742449e+04 5.161738275826751305e+03 5.269713194526582811e+03 1.184213715590958373e+03 1.052017108400601046e+03 4.576374024096463472e+03 8.556547749938712514e+03 2.089272353378472058e+00 2.244454024088805844e-01 9.774667318858401850e+05 1.410581854102173820e+06 2.110326330811287221e+01
            v2_turb_12.0_23697.dat 2.273657261054156109e+00 2.350440610470055924e-02 1.148477558052732320e+03 1.349030095867393015e+02 2.034883498755433173e+00 1.735915030755555563e+04 5.979431448934786204e+03 4.551450167066152062e+03 7.093149988141577751e+02 4.930063716140430188e+02 4.427337768674114159e+03 8.515179094952043670e+03 1.955655389978730563e+00 2.227514279484650583e-01 4.567013639181567705e+05 6.185398370559386676e+05 2.101861706977919653e+01
            v2_turb_12.0_28003.dat 2.555571003991412127e+00 2.561334494740953246e-02 1.304950702089756078e+03 1.646769528320448615e+02 2.062827378174806103e+00 2.041549218344737892e+04 7.290228866128235495e+03 5.856647405971973058e+03 7.764573906252016968e+02 5.751319733748842964e+02 4.934814692298652517e+03 8.627093088896508561e+03 2.031509711372879945e+00 2.310041397595651302e-01 5.327551847541844472e+05 6.861997457754395436e+05 2.109747564679293319e+01
            v2_turb_12.0_29989.dat 2.629363851003588604e+00 2.268093532923327188e-02 1.203263293086978138e+03 1.554427512548165566e+02 2.095581721893092553e+00 1.940326366158114251e+04 5.830870867512674522e+03 5.040189866611863181e+03 6.736804054350081969e+02 4.934807957574035981e+02 4.809174658148550407e+03 8.629907645871442583e+03 1.985886438737745063e+00 2.263593707942191668e-01 4.565640206638427335e+05 6.061329765907562105e+05 2.094655617525384272e+01
            v2_turb_12.0_40278.dat 2.930633597668320878e+00 2.143423618099887448e-02 1.221814634334097491e+03 1.662590201174537583e+02 2.098022721599692275e+00 2.182220646034789024e+04 7.116225432686736895e+03 5.003609221770116164e+03 7.863543260257131351e+02 5.706909848657143129e+02 4.875357700246318927e+03 8.595689532316066106e+03 2.134257241292693674e+00 2.432041671372546510e-01 5.292042674587013898e+05 6.408904841099068290e+05 2.105635622250686367e+01
            v2_turb_12.0_56645.dat 2.515426512943119697e+00 1.204006813822695865e-02 1.109975014198747886e+03 1.500408570170911275e+02 1.994950803559041530e+00 1.890556521209499624e+04 3.596088494164554959e+03 4.609958160594913352e+03 5.808036829005156960e+02 4.242201615818129312e+02 4.844835282339837249e+03 8.583250159681560035e+03 1.936616896969568513e+00 2.225077469659408613e-01 3.917502683839715901e+05 4.590268452424841234e+05 2.093355921606949366e+01
             v2_turb_12.0_6007.dat 2.968775411354633409e+00 4.817988036649652195e-02 1.569337296519247275e+03 1.775397600941887504e+02 2.119156285258869676e+00 2.272616592054034481e+04 5.487919049534399164e+03 4.877608729549527197e+03 9.184042791222569804e+02 8.599593038598266048e+02 5.057024109041198244e+03 8.534493346015256975e+03 2.360071489689077318e+00 2.669574691188943416e-01 7.989128125396610703e+05 1.119144042243232485e+06 2.097810355730364051e+01
            v2_turb_13.0_24246.dat 3.261983210263797783e+00 2.221859934547226051e-02 1.321825033923805904e+03 1.889683388394112455e+02 2.169867746358697058e+00 2.287248372594412649e+04 7.239110918827992464e+03 4.986031355706246359e+03 7.484836863520708903e+02 4.159248117599865395e+02 5.509477469390309125e+03 8.560652058319905336e+03 2.414724166153704221e+00 2.791810210337967724e-01 3.834271975251017138e+05 5.460674785709411371e+05 2.086798829208175832e+01
             v2_turb_13.0_3219.dat 1.840086621677957224e+00 7.113369811985299773e-03 1.138643383450996225e+03 1.205600797175543448e+02 2.090635723832062531e+00 1.570043761352225192e+04 6.221641402796213697e+03 4.485046745312246458e+03 4.607766183284653039e+02 5.745768543845691312e+01 4.378993271652939256e+03 8.445288920419841816e+03 1.652993839065057591e+00 1.930040294831300018e-01 0.000000000000000000e+00 7.597306255132674414e+04 2.081109947347294309e+01
            v2_turb_13.0_59662.dat 2.245822915640683703e+00 8.651190134014536889e-03 1.312111187552219690e+03 1.549549638763405426e+02 2.047591465702728097e+00 1.998760851765987900e+04 9.219948378189901632e+03 6.020722958982848468e+03 5.564983596533913897e+02 1.228898080974702083e+02 5.086003350871711518e+03 8.371396951029619231e+03 1.907372304838732546e+00 2.219604064059711723e-01 9.417758583329511748e+04 1.301694306953837367e+05 2.077464632393862942e+01
            v2_turb_13.0_63909.dat 2.700183197964561632e+00 9.561835977210515064e-03 1.262346526082017363e+03 1.705768667325064882e+02 2.189420632464207372e+00 2.175620265616188408e+04 5.756504320418236603e+03 5.622400339050963339e+03 6.457939745186674827e+02 3.095551808807562111e+02 5.614617058768764764e+03 8.459909404665369948e+03 2.256342805506286187e+00 2.615937728461308343e-01 2.822858379224222153e+05 3.075668902937681414e+05 2.085073295287206108e+01
            v2_turb_13.0_64836.dat 2.579070149222660646e+00 7.793241194426339842e-03 1.113729868345172008e+03 1.603159045699511012e+02 2.184857796803907792e+00 2.002561676280788743e+04 6.587236949723656835e+03 4.636111799220201647e+03 5.395133807760158788e+02 2.848531415439171610e+02 4.968390997318129848e+03 8.551040548163755375e+03 1.982644122504395812e+00 2.305098111498541935e-01 2.610569128083263931e+05 2.719686743393120705e+05 2.085241292733827123e+01
             v2_turb_13.0_6610.dat 1.419125525212805661e+00 7.361274113213308636e-03 1.222654827240711484e+03 1.086184278412383577e+02 2.183480345776882103e+00 1.669016058730198347e+04 9.501277030567704060e+03 5.693543521614532438e+03 6.852625573439728441e+02 6.405571098793505769e+01 4.989207274312620939e+03 8.456392666301087957e+03 1.790682276922306082e+00 2.063487875979028441e-01 0.000000000000000000e+00 7.917973446437230450e+04 2.082316958810826790e+01
            v2_turb_14.0_17103.dat 3.254948331656756899e+00 2.571459837777947954e-02 1.518218177077281780e+03 1.756939982929581845e+02 2.331805807665362718e+00 2.178429430773833883e+04 8.963786482282257566e+03 5.955997586263024459e+03 7.240117931385782413e+02 4.506293783751536921e+02 5.906409689392902692e+03 8.494832946856780836e+03 2.435655439507352860e+00 2.859753656464116278e-01 4.113410506851279060e+05 6.028129769528317265e+05 2.064830252246607145e+01
            v2_turb_14.0_33723.dat 2.698798045724245309e+00 6.611579664371105246e-03 1.020480978586621291e+03 1.578457064734366213e+02 2.284923032090302897e+00 1.982499136829350391e+04 5.779657723219208492e+03 4.185790748565164904e+03 4.809653325161443718e+02 7.092869765936109161e+01 5.055546935862685132e+03 8.470914130737461164e+03 1.989356529011165886e+00 2.344051562930045407e-01 4.250773764318470057e+04 8.359812129764340352e+04 2.078037935840874795e+01
            v2_turb_14.0_34311.dat 1.953546105756575280e+00 8.656185398624845206e-03 1.089629343720407405e+03 1.237876547466406691e+02 2.296558623243910358e+00 1.643371380466192204e+04 7.356982652059853535e+03 4.817828917255445958e+03 6.464635792633187066e+02 6.023903635883737451e+01 5.180613578871573736e+03 8.432349872370226876e+03 1.876609887671799370e+00 2.213101048023637107e-01 0.000000000000000000e+00 9.244489128774125129e+04 2.069043296948562016e+01
            v2_turb_14.0_46217.dat 2.399656722959782940e+00 7.022844195424756547e-03 9.558952301974286456e+02 1.335319462475798105e+02 2.230702699682364898e+00 1.653303674760131980e+04 4.834357755305042701e+03 4.136099195679143122e+03 4.229989757746536156e+02 5.561379012659117649e+01 4.808697311394462304e+03 8.485784949238541230e+03 1.767182216794321414e+00 2.101371644972704344e-01 0.000000000000000000e+00 7.491289949558081571e+04 2.072142902035542278e+01
             v2_turb_14.0_7720.dat 1.891817709448649021e+00 9.121109660979268355e-03 1.192179051419299412e+03 1.135585874594719371e+02 2.251372198479061559e+00 1.661971555090159382e+04 6.901864503533315656e+03 5.694591374714362246e+03 5.352635699050192670e+02 6.843646584661522070e+01 4.963685529237423907e+03 8.418766288352389893e+03 1.810893626279219903e+00 2.132729451838528412e-01 0.000000000000000000e+00 9.730349207857112924e+04 2.062487449461890421e+01
             v2_turb_14.0_8754.dat 2.848661603519040408e+00 9.502703475235175362e-03 1.159977795923132817e+03 1.630953704580861654e+02 2.292778025844752765e+00 2.118557337950883812e+04 8.371458694841890974e+03 5.205944690682254986e+03 5.022294896556093136e+02 7.002856313571862756e+01 5.526423436476517963e+03 8.570839613587781059e+03 2.055151351097393775e+00 2.433698589955531899e-01 2.156675679327889884e+04 1.040274035983143986e+05 2.074844186469552554e+01
            v2_turb_15.0_10279.dat 1.677941673615259921e+00 1.027709281114888400e-02 1.479099992662061823e+03 1.092338595710446043e+02 2.448007420602600792e+00 1.591315335281785156e+04 6.961825959967881317e+03 5.625120628540839789e+03 6.033923239866581980e+02 8.237768250827390659e+01 5.728598688078609484e+03 8.472397900415444383e+03 1.961248805081422963e+00 2.328067154841129971e-01 0.000000000000000000e+00 1.095840652679220366e+05 2.049476280497398051e+01
            v2_turb_15.0_22297.dat 2.388095706010788799e+00 1.031118412551399084e-02 1.488334096046346986e+03 1.447622967013696496e+02 2.318420606386634830e+00 1.865046348627567932e+04 6.225817557985622443e+03 6.667896611096155539e+03 6.692724065900998767e+02 9.087569788146502958e+01 5.987992705541541909e+03 8.424413071490871516e+03 2.102392186524077999e+00 2.488186817837720610e-01 0.000000000000000000e+00 1.101487310169528209e+05 2.056400459025115168e+01
            v2_turb_15.0_25148.dat 2.392953945230114510e+00 9.434842318445733900e-03 1.140925645283476115e+03 1.258615878529520700e+02 2.355458256419846741e+00 1.639692674767776043e+04 7.152551346407197343e+03 4.428654745387962066e+03 4.696539435371463469e+02 7.381096877645693155e+01 4.970272280122963821e+03 8.362105563871384220e+03 1.815564957704573823e+00 2.171068931859916062e-01 0.000000000000000000e+00 1.007310399653150380e+05 2.050690545622916261e+01
            v2_turb_15.0_33167.dat 1.969595096808733459e+00 1.001191526539144117e-02 1.511454072322019329e+03 1.154845337335688100e+02 2.426873374570353903e+00 1.762661443495891217e+04 7.544644137878206493e+03 6.317170350342826168e+03 7.437020084494237153e+02 9.591935841354091963e+01 5.626118606392996298e+03 8.395222060682441224e+03 1.918872859727988045e+00 2.270683332749540706e-01 0.000000000000000000e+00 1.071244261883250292e+05 2.053663547177458781e+01
            v2_turb_15.0_41424.dat 2.063181397264302941e+00 1.004683165313555171e-02 1.477353538763538609e+03 1.311059680307978681e+02 2.447703352299581248e+00 1.878284186481248616e+04 1.051572969916540751e+04 5.610435241524120102e+03 7.172242306826029790e+02 8.321937479552323680e+01 5.615813231123232072e+03 8.381086145250979826e+03 1.979868482832271237e+00 2.345919938205888733e-01 0.000000000000000000e+00 1.077217790595175611e+05 2.059086584565138622e+01
            v2_turb_15.0_57600.dat 1.800091136594241581e+00 8.274343363605968227e-03 1.198650368130859988e+03 1.006966729956913156e+02 2.306136922680845025e+00 1.469427036289762691e+04 8.644901960695322487e+03 5.135251391333094944e+03 5.065403439674512356e+02 7.527244223365012488e+01 4.909490861239487458e+03 8.382974998588846574e+03 1.680977586191702233e+00 1.996854146950588493e-01 0.000000000000000000e+00 8.876171289285656530e+04 2.048733533097311721e+01
            v2_turb_16.0_19655.dat 1.538036853530824644e+00 1.019141702834687642e-02 1.382844780168814850e+03 9.897016586168263075e+01 2.502160184604327764e+00 1.536541075856164753e+04 1.113176679289736057e+04 4.893867223365499740e+03 5.830823664349834416e+02 8.863516327972359932e+01 4.954133056785427470e+03 8.347089407772044069e+03 1.703983355844467029e+00 2.018541840480434502e-01 0.000000000000000000e+00 1.094154726542281132e+05 2.050379818849314972e+01
            v2_turb_16.0_45772.dat 1.740425731185490266e+00 1.171095587862723726e-02 1.642868181271214780e+03 1.099424074792578665e+02 2.568267772654061254e+00 1.627283723580397782e+04 8.831479500041412393e+03 6.092432549580731575e+03 6.305021523006987536e+02 1.077924574052655800e+02 5.786494822291263517e+03 8.334182598573801442e+03 1.948125987542175475e+00 2.320309604256978742e-01 0.000000000000000000e+00 1.251620736302945879e+05 2.037514173080442959e+01
            v2_turb_16.0_55975.dat 2.303312921241530198e+00 1.094657481365045142e-02 1.487793666208664717e+03 1.296094028772636193e+02 2.409079174599886297e+00 1.777909729353025250e+04 7.156620561773760528e+03 5.962225839372907103e+03 6.061424533487275994e+02 9.533375844090646467e+01 5.521894402769845328e+03 8.345736414466562564e+03 1.987247511283545487e+00 2.361388003231845445e-01 0.000000000000000000e+00 1.169765339219136513e+05 2.049003364495081669e+01
             v2_turb_16.0_5616.dat 1.586462487974457547e+00 8.889034565068914054e-03 1.285267889469522515e+03 9.218192340768862891e+01 2.433755765311288233e+00 1.351081387860230643e+04 7.917398914271452668e+03 4.754559207966160102e+03 5.456447933669369377e+02 8.198950274419915729e+01 5.050341888499565357e+03 8.332403306321037235e+03 1.642649717702821421e+00 1.961047551967412539e-01 0.000000000000000000e+00 9.515706729647621978e+04 2.042374111477139920e+01
            v2_turb_16.0_56353.dat 1.786998954061242539e+00 1.033400339127647435e-02 1.382146719434145780e+03 1.038227678560852212e+02 2.467789769271732325e+00 1.474995249025514022e+04 9.109583275829430931e+03 5.150308613404554308e+03 5.904843489485355121e+02 8.591463458069551962e+01 5.336523549557635306e+03 8.339421077269735179e+03 1.829550447740013963e+00 2.193681878501032856e-01 0.000000000000000000e+00 1.105591148865418945e+05 2.047265438088901846e+01
             v2_turb_16.0_7031.dat 1.992885123550047544e+00 8.207954946715235664e-03 1.348551095135759397e+03 1.028986132373141089e+02 2.461018838646419127e+00 1.561510460286334092e+04 1.051443464763417978e+04 4.920944343353132354e+03 5.883319451229217520e+02 8.259612823449008090e+01 5.200728936725357016e+03 8.325046743187922402e+03 1.762198484936628118e+00 2.114970920224183148e-01 0.000000000000000000e+00 8.841715469445571944e+04 2.039846503628821850e+01
            v2_turb_17.0_20390.dat 1.747303724811391845e+00 1.141530469760974192e-02 1.701655194193500847e+03 1.114288114999430377e+02 2.585161071314926673e+00 1.706046880441937537e+04 1.020274976809502186e+04 6.281251341652321571e+03 7.114309781457496911e+02 1.166590247783646674e+02 6.045407148487065569e+03 8.317709795947770544e+03 1.957169812173513268e+00 2.330962045833283591e-01 0.000000000000000000e+00 1.225397778459658293e+05 2.036220969058820174e+01
            v2_turb_17.0_37683.dat 2.112066098302530115e+00 1.037511919342633780e-02 1.469994890994234765e+03 1.083256315362612270e+02 2.599727418891731201e+00 1.503507439883361985e+04 7.297384054571571141e+03 5.537303823522189305e+03 6.388403099840098776e+02 1.019196250616227672e+02 5.826526712182379924e+03 8.295461541564953222e+03 1.890152098982385231e+00 2.278060399677310777e-01 0.000000000000000000e+00 1.111123489973391261e+05 2.028828457291826126e+01
            v2_turb_17.0_45521.dat 1.607289603595919880e+00 1.234255384263958401e-02 1.599201743287543422e+03 1.024414706975425133e+02 2.632915983225943890e+00 1.550791803805735981e+04 6.996136763531668294e+03 5.866844580883965136e+03 5.964305832135097489e+02 1.119278115169616399e+02 5.694827657376512434e+03 8.247213593368040165e+03 1.931045488201040827e+00 2.309617026505962345e-01 0.000000000000000000e+00 1.319109023719652032e+05 2.025337713482612045e+01
            v2_turb_17.0_49865.dat 2.066622952857109841e+00 1.053993254572512493e-02 1.616325068524432027e+03 1.111023707569128476e+02 2.638257458529047028e+00 1.619947233038498598e+04 9.256108551463592448e+03 5.499329869197013068e+03 6.410915832512780526e+02 1.035958987289152446e+02 5.610638031796548603e+03 8.387991142051283532e+03 1.855915064689244387e+00 2.221716101141472111e-01 0.000000000000000000e+00 1.129764685040151526e+05 2.039401604355118636e+01
            v2_turb_17.0_60465.dat 1.875454939518943709e+00 9.454104042415636608e-03 1.137378090398268796e+03 8.955918199692064263e+01 2.403919297606286420e+00 1.331328132745728544e+04 5.924791721171231075e+03 4.376621779673095261e+03 5.031381198755352671e+02 7.090748749370635551e+01 4.952871600153663167e+03 8.212424095697679149e+03 1.664912500994071953e+00 2.008781008743639740e-01 0.000000000000000000e+00 1.008322006157732685e+05 2.036082709399018142e+01
             v2_turb_17.0_7334.dat 2.193050304010053519e+00 1.121563391615422803e-02 1.574879665202943897e+03 1.169216610556430140e+02 2.567555771137182141e+00 1.749296892367212422e+04 8.228218398299617547e+03 6.034205681426618867e+03 5.902031824890003691e+02 9.947059693295624072e+01 5.494586674242330446e+03 8.246208224446223539e+03 1.886120108913151183e+00 2.259351192347793802e-01 0.000000000000000000e+00 1.198544472527068283e+05 2.038137078164549010e+01
            v2_turb_18.0_25103.dat 1.476390280296166813e+00 1.292102809581838208e-02 1.789255122629705966e+03 9.794632078493320648e+01 2.638385709903054543e+00 1.477361174359973666e+04 7.784866257461123496e+03 5.678498821457114900e+03 6.568160522050849295e+02 1.176917741164224083e+02 5.896501566350836583e+03 8.248795689838785620e+03 1.874652793852425114e+00 2.257116784764766071e-01 0.000000000000000000e+00 1.379535214521118905e+05 2.017452051001054159e+01
            v2_turb_18.0_27317.dat 2.252696175665945599e+00 1.367741439348195420e-02 1.868156491360136442e+03 1.186836538875686529e+02 2.815426588336323199e+00 1.715278417297803753e+04 7.500625436711191469e+03 5.951161981956178352e+03 6.195851537731526832e+02 1.189098464153717174e+02 6.188024801696943541e+03 8.305650522011539579e+03 1.924370880800322592e+00 2.315675979174998123e-01 0.000000000000000000e+00 1.459933004527456069e+05 2.023195645890934102e+01
            v2_turb_18.0_28016.dat 2.579019272086420234e+00 1.277407035650042835e-02 1.477830353574252058e+03 1.233669067059773852e+02 2.735615590253277940e+00 1.627369365065233615e+04 8.983801868520957214e+03 5.286159816430094907e+03 5.169078560011860191e+02 9.826076760951204392e+01 5.584181800789233421e+03 8.193582705048804200e+03 1.959215145770382804e+00 2.370664082167640851e-01 0.000000000000000000e+00 1.363597685190341726e+05 2.021315355455008955e+01
            v2_turb_18.0_34558.dat 1.495386038443794252e+00 1.223030720112044771e-02 1.925231096067879434e+03 1.076137094055856664e+02 2.680593107531114239e+00 1.727137412348299040e+04 1.348041644961087877e+04 6.970868112246108467e+03 7.583154952850984500e+02 1.313442711925361834e+02 6.351154482027318409e+03 8.307769464035289275e+03 2.019182133693125714e+00 2.415456563923888966e-01 0.000000000000000000e+00 1.314991216579261236e+05 2.019807561955337860e+01
            v2_turb_18.0_46192.dat 1.969273153883004834e+00 1.174124918304197442e-02 1.604676506895747707e+03 1.008861272903071153e+02 2.631014934243314674e+00 1.554558422693131070e+04 7.774281608837001841e+03 5.541508470358318846e+03 6.213243791377577736e+02 1.082149299577432942e+02 5.951059624698470543e+03 8.299068181047799953e+03 1.804377787700408353e+00 2.173727893177617998e-01 0.000000000000000000e+00 1.255312358654159616e+05 2.021564223767624924e+01
             v2_turb_18.0_8966.dat 2.297843707870240948e+00 1.275531431443433644e-02 1.665229808633420134e+03 1.104670029813012633e+02 2.738812077298216519e+00 1.691084493065697825e+04 8.832341632745889001e+03 6.072375007395862667e+03 5.667398968398020997e+02 1.105501733719490431e+02 5.705185497518746160e+03 8.238344632575106516e+03 1.868323140589247533e+00 2.244685003222676722e-01 0.000000000000000000e+00 1.363393299747876008e+05 2.023988110325226586e+01
            v2_turb_19.0_17843.dat 1.817375543406021254e+00 1.307397574156357427e-02 1.750361820222243523e+03 9.755872458849925977e+01 2.788817791299318394e+00 1.599375217123087350e+04 9.790986627133468573e+03 6.105038545648104446e+03 6.112513026770691340e+02 1.186264086599652074e+02 6.100333392968836051e+03 8.167159504362667576e+03 1.924382796566714182e+00 2.331973724261004743e-01 0.000000000000000000e+00 1.399070728802570666e+05 2.009336688699778151e+01
            v2_turb_19.0_20935.dat 2.019346197243314656e+00 1.362852317452516344e-02 2.060238159053135405e+03 1.142235728299316406e+02 2.740760362141141382e+00 1.835299412557848336e+04 9.690119162239163416e+03 6.876534612447633663e+03 7.382961930104098656e+02 1.408096124894998411e+02 6.948676030420318057e+03 8.271900781528816879e+03 2.111654048023208663e+00 2.551890554813800449e-01 0.000000000000000000e+00 1.458966361733066442e+05 2.009970695148631492e+01
            v2_turb_19.0_33144.dat 1.542065255217589748e+00 1.266577209249401467e-02 1.963604858007827261e+03 1.026709760164699077e+02 2.713208045275681268e+00 1.672366346472504301e+04 9.735620107019900388e+03 6.676292406519300130e+03 7.366242057015659839e+02 1.355157402803132811e+02 6.531984624063658885e+03 8.233827294750066358e+03 2.023209217680694838e+00 2.437889070190488450e-01 0.000000000000000000e+00 1.356781061389412207e+05 2.011399677382556206e+01
            v2_turb_19.0_51363.dat 1.731102806491754409e+00 1.300325463374232479e-02 1.760619225068400056e+03 1.020003931690225869e+02 2.800158261263615334e+00 1.544282976973744371e+04 8.972045707920324276e+03 6.112251141912479397e+03 7.014101234048579272e+02 1.161092491276774012e+02 6.233820229864340035e+03 8.198962795427609308e+03 2.001835791696804812e+00 2.427156029769260426e-01 0.000000000000000000e+00 1.389859122960088134e+05 2.013990109135668050e+01
            v2_turb_19.0_56307.dat 1.997752799866241880e+00 1.164281704787340291e-02 1.713893837867595948e+03 1.026164299473538364e+02 2.822634091768871034e+00 1.590061811614586622e+04 8.872041609749785493e+03 5.659317805511928782e+03 7.166740547201260370e+02 1.126633509938183551e+02 6.243106623131270680e+03 8.222918043591967944e+03 1.936992522493770297e+00 2.345003937888777423e-01 0.000000000000000000e+00 1.246461465760517312e+05 2.015246789766995761e+01
            v2_turb_19.0_63447.dat 2.057275192027085531e+00 1.199463778402467401e-02 1.484882622326708997e+03 9.078072453598792890e+01 2.653315220721590428e+00 1.370331148915442100e+04 6.847321735041593456e+03 5.134979644585305323e+03 5.068024822441872743e+02 9.916914254651125304e+01 5.846796137133536831e+03 8.177599214704187034e+03 1.806469331767978526e+00 2.206385149573606430e-01 0.000000000000000000e+00 1.278758314562108280e+05 2.014700975917620696e+01
            v2_turb_20.0_20852.dat 2.143489150097760643e+00 1.406188825103614828e-02 1.913997238087994674e+03 1.061020719091015962e+02 2.989104294122642891e+00 1.648144199461359312e+04 9.735863630885904058e+03 6.583476592354614695e+03 6.397773307488921546e+02 1.336933988987997850e+02 6.433917740369091007e+03 8.158761296970676085e+03 2.096222701352076445e+00 2.545851733034095177e-01 0.000000000000000000e+00 1.502940375758465962e+05 2.008279594930766621e+01
            v2_turb_20.0_25497.dat 1.471104316261582667e+00 1.416205738247018620e-02 1.770185109445793159e+03 9.344279692871158716e+01 2.822440667930073310e+00 1.506975458675962363e+04 9.587503274866583524e+03 6.070919365926434693e+03 6.255087426811098794e+02 1.257676124269093663e+02 6.111421375753831853e+03 8.176995732617207977e+03 1.883469371604122644e+00 2.282274049087780199e-01 0.000000000000000000e+00 1.513417883208609419e+05 2.005772875847931402e+01
            v2_turb_20.0_29025.dat 1.951554523545768971e+00 1.514898870433563360e-02 1.943138645825225012e+03 1.043753695309934670e+02 2.849651934920950147e+00 1.596562465625756704e+04 9.451106529568696715e+03 6.620027036713391681e+03 6.599777199898923072e+02 1.350207533532175148e+02 6.570448268833894872e+03 8.181730260518491377e+03 2.027213401833097617e+00 2.469102243516935469e-01 0.000000000000000000e+00 1.616842392287391413e+05 1.997763234439245039e+01
            v2_turb_20.0_43745.dat 2.598747366290401040e+00 1.309500576640926228e-02 1.854586604462630703e+03 1.082537377021850489e+02 3.019204602279705441e+00 1.597171484110484744e+04 9.993501743314158375e+03 5.481710075701204914e+03 5.869678941617902410e+02 1.187483582612496917e+02 5.848146024820423008e+03 8.131635940335781015e+03 1.850406300861485054e+00 2.256193366987911952e-01 0.000000000000000000e+00 1.401870540634460340e+05 2.010050295116606378e+01
            v2_turb_20.0_51504.dat 1.812565535592473909e+00 1.614073096783308695e-02 2.396169754654441476e+03 1.134994668566829858e+02 2.935164784791945980e+00 1.900884256049344913e+04 1.085282160214281612e+04 6.674623861796978417e+03 7.576467154969359399e+02 1.648768554797184720e+02 6.826045473281854356e+03 8.254113149880435230e+03 2.031956270974168977e+00 2.440936877936600025e-01 0.000000000000000000e+00 1.727371189487744705e+05 2.001577908722536137e+01
            v2_turb_20.0_54726.dat 1.719304891386060685e+00 1.405742088484683398e-02 1.759206711147895703e+03 9.310018105990373272e+01 2.818326530948536135e+00 1.518170987600727130e+04 9.525072550530529043e+03 4.939214048021155577e+03 5.933534129250840579e+02 1.180605571036976045e+02 5.717750466915185825e+03 8.149120022298448930e+03 1.800549137319890525e+00 2.185130766224276655e-01 0.000000000000000000e+00 1.499876704173180042e+05 2.012367976447831097e+01
            v2_turb_21.0_25181.dat 1.730071085240287854e+00 1.640471530404919234e-02 2.257630520975371383e+03 1.041699002185327885e+02 2.948682820240462465e+00 1.710874482771194380e+04 1.178845157270049094e+04 6.501061582097735482e+03 7.209442041793364524e+02 1.528298829395316147e+02 6.669567738792778982e+03 8.179293222751978647e+03 2.005305635013650445e+00 2.437049067586739559e-01 0.000000000000000000e+00 1.752498409952889197e+05 1.997101811636239432e+01
             v2_turb_21.0_3963.dat 1.618171223567621331e+00 1.756717548330248221e-02 2.854158866124377710e+03 1.309483285309916596e+02 3.016368812144234912e+00 2.283497701040235916e+04 1.708430984929103943e+04 8.312482698523754152e+03 9.531316699813803552e+02 2.002037919369174688e+02 7.505261276829597591e+03 8.306196246169691221e+03 2.434992716781650302e+00 2.914797955318688127e-01 0.000000000000000000e+00 1.888843193063863728e+05 1.998676650203040595e+01
            v2_turb_21.0_42162.dat 1.609060994621789975e+00 1.459227596568331980e-02 1.932009995740522527e+03 9.172928403896059990e+01 3.128098402360710129e+00 1.560805120998798520e+04 1.242269230226759828e+04 6.123090675184535030e+03 6.672072587064820937e+02 1.380879222171905383e+02 6.305068988399793852e+03 8.116704801196292465e+03 1.907006481324155622e+00 2.321066908364771419e-01 0.000000000000000000e+00 1.562491542983188119e+05 1.996504855134411471e+01
             v2_turb_21.0_5160.dat 1.500468109774787617e+00 1.582303782577545656e-02 2.463102882317715739e+03 1.092417987862055213e+02 3.052609668581626856e+00 1.929818066192277547e+04 1.151407362242420822e+04 7.258273200740616630e+03 7.861366848607862039e+02 1.733775143799740590e+02 6.891456688774839677e+03 8.171679007295898373e+03 2.057493395792471258e+00 2.471919981251214093e-01 0.000000000000000000e+00 1.694538671430342656e+05 1.997045381015819387e+01
            v2_turb_21.0_57341.dat 1.938731200830068779e+00 1.756445035746710681e-02 2.531891672858832862e+03 1.189871988818086805e+02 3.057709030621950763e+00 1.941732476752683215e+04 1.106207167360670610e+04 7.151901411931622533e+03 8.161316091658906089e+02 1.650213797112789962e+02 7.378601532768492689e+03 8.156862293585028965e+03 2.292390854067177131e+00 2.778623181370507012e-01 0.000000000000000000e+00 1.875277908852089022e+05 1.992117435670474279e+01
            v2_turb_21.0_61500.dat 1.773735759268652901e+00 1.636518804877343941e-02 2.500287401989846785e+03 1.153667518452064229e+02 3.049217851549467895e+00 1.911975993392737655e+04 1.098752197407425592e+04 7.339374581193275844e+03 8.346004393814813511e+02 1.697833892560358890e+02 6.940369385693161348e+03 8.119178467339817871e+03 2.079369851188566098e+00 2.505476552301202919e-01 0.000000000000000000e+00 1.751921334193578805e+05 1.995985400946896249e+01
            v2_turb_22.0_29503.dat 2.312635425952131119e+00 1.491083550738531334e-02 2.322245865892057736e+03 1.080088889780572288e+02 3.144658246813062163e+00 1.839579768469324699e+04 1.270616698967812954e+04 6.576874093374618496e+03 7.708531430165697884e+02 1.638347132003943045e+02 7.026337131790175590e+03 8.056984178333739692e+03 2.227113986136232793e+00 2.714790736890221878e-01 0.000000000000000000e+00 1.600677397484547691e+05 1.986165816237359039e+01
            v2_turb_22.0_40013.dat 2.099622697793085635e+00 1.701404109567762959e-02 2.364474150002380156e+03 1.081885543847085103e+02 3.234239224618760566e+00 1.762842388295283308e+04 1.136948304493352771e+04 7.138154883080848776e+03 6.891374303528691598e+02 1.610203779849513239e+02 6.766538462260066808e+03 8.118653501947795121e+03 2.111513452694752768e+00 2.566913635146687578e-01 0.000000000000000000e+00 1.817068770251527894e+05 1.991029035640361045e+01
            v2_turb_22.0_40231.dat 1.432060974772426665e+00 1.461283321235209466e-02 2.355422889004223634e+03 9.861215499619854086e+01 3.029156063362969054e+00 1.851240244959179472e+04 1.501315053353094299e+04 6.320572384063806567e+03 7.746472251354579157e+02 1.655199458168192166e+02 6.702834143227591085e+03 7.993189254802136929e+03 1.976414894571230318e+00 2.392753105345747922e-01 0.000000000000000000e+00 1.573784654517179879e+05 1.984903775535207515e+01
            v2_turb_22.0_41304.dat 1.937918185641908542e+00 1.485177092153745423e-02 2.106871207281785701e+03 9.510304038755110412e+01 3.101789850737016963e+00 1.601623722738556353e+04 1.128610348882184553e+04 6.083770243686774847e+03 6.786256101987714828e+02 1.469693377900453015e+02 6.642206771310143267e+03 8.011649826202035001e+03 2.004570694465720226e+00 2.446837320729748078e-01 0.000000000000000000e+00 1.591000011659512820e+05 1.988591494663851122e+01
            v2_turb_22.0_47014.dat 1.875355381361964779e+00 1.638177465134079899e-02 2.503864869986715803e+03 1.092544491312258543e+02 3.099478184372190803e+00 1.717648519874937483e+04 1.628264265187145793e+04 6.498157199960199250e+03 7.956796854942411983e+02 1.742782267846413902e+02 7.162451686263714691e+03 8.185626645749480303e+03 2.084161049544527522e+00 2.527288377709804301e-01 0.000000000000000000e+00 1.760186279679474537e+05 1.989082947043275595e+01
            v2_turb_22.0_52742.dat 1.893672762617110372e+00 1.704292255897137121e-02 2.295914105587048653e+03 1.015517815687938707e+02 3.116282946032576273e+00 1.774556976683796529e+04 1.281878823300174372e+04 6.305136891575428308e+03 8.557103960816870085e+02 1.594676430052692240e+02 7.451848053195901230e+03 8.168424889415102371e+03 2.187877851930661421e+00 2.671201282553489764e-01 0.000000000000000000e+00 1.820980360510587925e+05 1.981367515432749116e+01
            v2_turb_23.0_18883.dat 1.956469412655687856e+00 1.896480438940507246e-02 2.647260482144535672e+03 1.104347200792024069e+02 3.219178579113043170e+00 1.966500459012313513e+04 1.381568984425094095e+04 6.981206934859971625e+03 8.478931331948413117e+02 1.883041456684902641e+02 7.317541741121027371e+03 8.054875499811232658e+03 2.226236415838025895e+00 2.703186666127650462e-01 0.000000000000000000e+00 2.026890459772559407e+05 1.980470200229877875e+01
            v2_turb_23.0_31026.dat 2.107195390160061965e+00 1.648951828450009177e-02 2.407996617733268977e+03 1.039431678800603009e+02 3.023474301230534067e+00 1.843266362913300691e+04 1.418383064042150181e+04 7.088050920123833748e+03 7.644423349918015447e+02 1.711700503481112037e+02 6.799716429306352438e+03 8.003869252169301035e+03 2.051502566166700792e+00 2.495511572765063690e-01 0.000000000000000000e+00 1.768059090411651996e+05 1.984283848232439951e+01
            v2_turb_23.0_36127.dat 1.925379587485193777e+00 1.951328496331776810e-02 2.727475550290640967e+03 1.191072532574259952e+02 3.317758535606458725e+00 2.178745699742029319e+04 1.580392291254327029e+04 7.847770728316542773e+03 8.530088609277986507e+02 1.896784403975119631e+02 7.617751903211918034e+03 8.187028297310753260e+03 2.300042696435689926e+00 2.788970560997628967e-01 0.000000000000000000e+00 2.088788146682740480e+05 1.981337009652569137e+01
            v2_turb_23.0_49683.dat 1.813636136053778269e+00 1.873097863694926299e-02 2.697673025842016614e+03 1.114014180984292466e+02 3.272789433027564865e+00 2.036196193407498868e+04 1.857270728014389897e+04 7.943746247762781422e+03 9.794433046508778489e+02 1.915003862387467848e+02 7.660894911424422389e+03 8.020238117888093257e+03 2.320211874312478439e+00 2.819870278281741971e-01 0.000000000000000000e+00 2.008282132780420943e+05 1.978155118686420266e+01
            v2_turb_23.0_49834.dat 1.897499066209313412e+00 1.863422359674350715e-02 2.396713521464846508e+03 1.058159965885495808e+02 3.109360681666673454e+00 1.759620400538319518e+04 1.382570069618740308e+04 6.772322388499338558e+03 7.222074376707129204e+02 1.700744121296007449e+02 7.103823988599896438e+03 8.089354285747097492e+03 2.132209331591712775e+00 2.602799864497727378e-01 0.000000000000000000e+00 1.992252709643353883e+05 1.980165875327805125e+01
            v2_turb_23.0_57680.dat 1.777609018979313005e+00 1.430194761003908237e-02 2.270936710016240795e+03 9.474986817412258233e+01 3.114541809914104675e+00 1.644176616464103063e+04 1.060498152007316639e+04 6.319089708115982830e+03 6.774115961008674276e+02 1.560072053833552843e+02 6.541139132250305011e+03 7.940770537431332741e+03 1.957266165535667790e+00 2.384858454984735698e-01 0.000000000000000000e+00 1.533382297457384702e+05 1.984051031873597282e+01
            v2_turb_24.0_11244.dat 1.598230991512869625e+00 2.074740404776455327e-02 2.759501329403637101e+03 1.119278580636846243e+02 3.326453943480334186e+00 1.981342029216569426e+04 1.391301109440927394e+04 7.021008548381684705e+03 7.814376737294903705e+02 1.892373482044945376e+02 7.180990085750682738e+03 7.986151078144033818e+03 2.184495577084601070e+00 2.664278145303788925e-01 0.000000000000000000e+00 2.216250292384107015e+05 1.976091923213018475e+01
            v2_turb_24.0_11250.dat 1.975473648569387342e+00 2.156285394349791509e-02 3.072655444405148955e+03 1.236433400285245057e+02 3.358924285315993075e+00 2.096846340902927113e+04 1.406885289103271498e+04 8.331414216053501150e+03 7.893932303651475877e+02 2.159435140988377384e+02 7.590982867435403932e+03 8.121889509266914501e+03 2.305962988278037251e+00 2.791628735327360555e-01 0.000000000000000000e+00 2.307199475776307518e+05 1.977069083782966885e+01
              v2_turb_24.0_377.dat 2.004463892569894767e+00 1.925540717276398583e-02 2.893182067519785051e+03 1.168301826701248274e+02 3.305626452378405578e+00 1.973958207278659393e+04 1.227894195200019931e+04 7.665168742555121753e+03 7.397791913894224081e+02 1.909477554867775950e+02 7.318548054325124212e+03 8.131154482716387065e+03 2.239754661058751761e+00 2.720658141911081462e-01 0.000000000000000000e+00 2.058632131721568876e+05 1.975040690799954746e+01
            v2_turb_24.0_44891.dat 1.882005301337041914e+00 2.219749151294477668e-02 3.067950325313064695e+03 1.212794667760288689e+02 3.327212059172201641e+00 2.268814832093726000e+04 1.384345493518771400e+04 8.616192404113029625e+03 8.503396772710558480e+02 2.075718961686094701e+02 7.598524265253908197e+03 8.003398593523454110e+03 2.418547164973976482e+00 2.926044078826708361e-01 0.000000000000000000e+00 2.370500062563967076e+05 1.970744175193530978e+01
            v2_turb_24.0_50518.dat 2.286855865866467497e+00 1.807961172171269199e-02 2.692158665186193048e+03 1.068936679035953858e+02 3.440299693014126081e+00 1.850856245630305420e+04 1.466615144211900042e+04 6.606577984580301745e+03 7.423900360599294572e+02 1.840941137189873587e+02 6.820701740097306356e+03 7.959022184879388078e+03 2.079254541653640764e+00 2.533380608728240113e-01 0.000000000000000000e+00 1.935404276826418354e+05 1.973817546824353997e+01
            v2_turb_24.0_60394.dat 1.831557900064882061e+00 2.048030762235499708e-02 2.814080696092990820e+03 1.156946189426622169e+02 3.383197723737144891e+00 2.007971237134517287e+04 1.239648492860378065e+04 7.966315418255666373e+03 9.900150018929413136e+02 1.966836993610409365e+02 8.130871077562838764e+03 8.102265721949121144e+03 2.465040322499254088e+00 3.000972073669701534e-01 0.000000000000000000e+00 2.186288543705627089e+05 1.970901420968742457e+01
