Statistics: del4. Generated: 03/11/2021 10:04:21. No. files: 20.
                              File                       4                      10                      11                      13                      15                      19                      20                      22                      23                      27                      28                      29                      63                      66                      72                     102                     110
        DTU_10MW_RWT_turb_05.0.dat nan 1.102646550629194489e-04 3.675005192954623823e+01 4.331131671855024123e+00 nan 4.214803221968780917e+02 2.508853772033928635e+02 2.707568328740064203e+02 1.089294953331975080e+01 1.015706525786454684e+01 3.852120338909812745e+02 7.219584735196132897e+03 1.425406498538956124e-01 1.551526132341831711e-02 9.672450248438068229e+03 6.243541027008140190e+03 3.353269953177940721e+01
        DTU_10MW_RWT_turb_06.0.dat 5.097132734499307103e-07 1.591787885224417855e-04 5.828420939700751546e+01 5.325595125869512003e+00 nan 5.148648875478502305e+02 3.811948442112351358e+02 3.367447840499232257e+02 1.628693377226908368e+01 1.452521349424453945e+01 3.712320658972257661e+02 7.215339095615461702e+03 1.837364570181785894e-01 1.994536007905061900e-02 1.380523688351034798e+04 9.132851706509727592e+03 3.386584477100041823e+01
        DTU_10MW_RWT_turb_07.0.dat 4.341227950008880609e-07 2.210885567691583194e-04 8.535812023080674749e+01 6.143898498383582485e+00 nan 5.581990207447749981e+02 5.473460842897794691e+02 4.038113805234268625e+02 2.192301086313431924e+01 2.040672444917643702e+01 3.652762233669405987e+02 7.207259033394711878e+03 2.307962268798026961e-01 2.472470276943483647e-02 1.938986933706286436e+04 1.321958840946123382e+04 3.419683682753605325e+01
        DTU_10MW_RWT_turb_08.0.dat 1.699044244850847971e-11 3.001578641504283585e-04 1.184215267923791259e+02 7.348231779277154097e+00 nan 5.522554321039419847e+02 1.369891474059519396e+03 4.792252198387167255e+02 3.170319523362450553e+01 8.525398687300389966e+00 3.772897875995816435e+02 7.257641272383219075e+03 2.769843575207078801e-01 2.970235598184112549e-02 6.789700829983724361e+03 6.560849134068437706e+03 3.469467349088706953e+01
        DTU_10MW_RWT_turb_09.0.dat nan 3.531160776977022744e-04 1.570656792167451954e+02 9.821938919325400974e+00 nan 5.774203205811401176e+02 1.536444601421882908e+03 5.817495844555259055e+02 3.844440143320715464e+01 1.081171789180886300e+01 4.015597774540472074e+02 7.509164703326667222e+03 3.340309377826566894e-01 3.467461673260927024e-02 8.489721183910833133e+03 9.221105484840352801e+03 3.627015482300156179e+01
        DTU_10MW_RWT_turb_10.0.dat nan 3.973287474898185923e-04 2.070594849790297474e+02 1.300646919941426738e+01 nan 8.001234730485784894e+02 1.445798447033042976e+03 7.307849899975717562e+02 4.031471327793568804e+01 1.352098331720371682e+01 4.748158470775016440e+02 7.695065276141659524e+03 4.012642446543595032e-01 4.139985213960526572e-02 1.005033443062957849e+04 1.211680151351007225e+04 3.780494329048163138e+01
        DTU_10MW_RWT_turb_11.0.dat nan 4.667683963418647647e-04 2.714939528428527638e+02 1.705530883642310513e+01 nan 1.079114800604315406e+03 1.363409012515642416e+03 8.346033437692864254e+02 5.199665178819924449e+01 1.748542697445091676e+01 5.358630859500302677e+02 7.870221025013264807e+03 4.700989544317039082e-01 4.871357959475807603e-02 1.307348297142116462e+04 1.730762633536803696e+04 3.933007096574331030e+01
        DTU_10MW_RWT_turb_12.0.dat 2.744343342021524079e-02 3.981305263999703912e-04 2.962694964437903309e+02 2.124438097306343920e+01 nan 3.048656841165129663e+03 6.608848924533445825e+03 1.007697291264146088e+03 1.588945091444176114e+02 1.487631763979042709e+01 5.992338615835367364e+02 8.211084113050301312e+03 4.275699343071697189e-01 4.569338028801524232e-02 8.027454768943911404e+03 4.196856379714404284e+02 4.019094361154922979e+01
        DTU_10MW_RWT_turb_13.0.dat 2.405874405706639324e-02 4.366632935137272154e-04 3.216809679221286729e+02 2.194735837090378894e+01 nan 2.768628364567965491e+03 6.563671183456219296e+03 1.034050368645669778e+03 1.572505380508547717e+02 1.498565638706256564e+01 6.311397447119148865e+02 8.220176433308319247e+03 4.091488109233988868e-01 4.379695215115939066e-02 8.669547233873225196e+03 4.492857215260453927e+02 3.948695492378876537e+01
        DTU_10MW_RWT_turb_14.0.dat 2.097362235836710068e-02 4.991710610908481685e-04 3.576759603085441199e+02 2.308726450653508522e+01 nan 2.519976645881940385e+03 6.175333839581570828e+03 1.080525173472266943e+03 1.490180316596449757e+02 1.453174822943730149e+01 6.770142760875842214e+02 8.179083143549931265e+03 4.047002487325194187e-01 4.358072741086923413e-02 8.862210649903689045e+03 4.644691998799126509e+02 3.902481718478427553e+01
        DTU_10MW_RWT_turb_15.0.dat 1.867026184113076970e-02 5.674696239168903989e-04 3.980472962661536371e+02 2.429122339633273597e+01 nan 2.312220796490956673e+03 5.691225048446932306e+03 1.124484164097780877e+03 1.392508888355523595e+02 1.600050478962236156e+01 7.283003276474952372e+02 8.173889748768236132e+03 4.046919927671781547e-01 4.342404068078539736e-02 9.152258898655763915e+03 5.169911464376442609e+02 3.869374740283287650e+01
        DTU_10MW_RWT_turb_16.0.dat 1.681332477630872319e-02 6.488467628947020699e-04 4.395400889400355027e+02 2.544770408387597271e+01 nan 2.164645428748490303e+03 5.134418677231806214e+03 1.167578627914560457e+03 1.260441330803103028e+02 1.731794753113526042e+01 7.861156058306636396e+02 8.127462807837145192e+03 4.052735734479651630e-01 4.331791730793804751e-02 9.460722671035255189e+03 5.639047854328844096e+02 3.837814089381784299e+01
        DTU_10MW_RWT_turb_17.0.dat 1.497076283148222366e-02 7.350056931782787207e-04 4.850603297920885666e+02 2.676597524844929055e+01 nan 1.981328922643531541e+03 4.528562104343938699e+03 1.217200280945548911e+03 1.166061167087388384e+02 1.888165670982711219e+01 8.497611030211135130e+02 8.116944668277274104e+03 4.053910344101531171e-01 4.385082198727611319e-02 9.940270885399222607e+03 6.149760771338710583e+02 3.809690956142524954e+01
        DTU_10MW_RWT_turb_18.0.dat 1.371854142990427960e-02 8.278151158783844448e-04 5.346380834398258912e+02 2.799196604849468883e+01 nan 1.886733295442232475e+03 3.863677074028327752e+03 1.263036263229268570e+03 1.022270530262550778e+02 2.071713155388619043e+01 9.162860547337880917e+02 8.071485583464545925e+03 4.066047768842767640e-01 4.401077698680179451e-02 1.060577767786718323e+04 6.760752312036009926e+02 3.787788207376570426e+01
        DTU_10MW_RWT_turb_19.0.dat 1.286743713441038627e-02 9.341947346470793430e-04 5.871901924375152930e+02 2.924512277108364700e+01 nan 1.791684868000606230e+03 3.376343995032915700e+03 1.311020188376689021e+03 9.439182288329648429e+01 2.304829850232322386e+01 9.902385718824524474e+02 8.015967422966265985e+03 4.096412175284143142e-01 4.529010511974448233e-02 1.156022275020532106e+04 7.236966410600903146e+02 3.763599070681853931e+01
        DTU_10MW_RWT_turb_20.0.dat 1.238168255691608939e-02 1.054432542536121176e-03 6.442552161036176130e+02 3.064916974991379917e+01 nan 1.760754563173439692e+03 3.013503249966563999e+03 1.355715489169770535e+03 8.829295142453442224e+01 2.656518411189928486e+01 1.079343352345940502e+03 7.970801619953211230e+03 4.130031657592067584e-01 4.684912841684185647e-02 1.283512281124363471e+04 7.720492930744662772e+02 3.741688792773584993e+01
        DTU_10MW_RWT_turb_21.0.dat 1.222139096632208002e-02 1.180704497746029808e-03 7.033578773949770948e+02 3.222257807461262047e+01 nan 1.746773897509200424e+03 2.539467092298501484e+03 1.402000041835389766e+03 7.834732935629872941e+01 2.989882958662543544e+01 1.172995381920780346e+03 7.931582801771054619e+03 4.187323212048258969e-01 4.913292399315120906e-02 1.430025082196905350e+04 8.365808405962695815e+02 3.724597993826584030e+01
        DTU_10MW_RWT_turb_22.0.dat 1.232661093382609978e-02 1.327141159986374190e-03 7.658146923007917621e+02 3.387727931930691483e+01 nan 1.746766157261328544e+03 2.201421274576272026e+03 1.457420438200250146e+03 7.113743505374193887e+01 3.340342841330373602e+01 1.277271237645865313e+03 7.885623645673166720e+03 4.342596068310951019e-01 5.125837707722501885e-02 1.574093995656999141e+04 9.294514433304766499e+02 3.706222721668203945e+01
        DTU_10MW_RWT_turb_23.0.dat 1.251312703659338693e-02 1.480688023591010191e-03 8.287853917860794581e+02 3.568280899440517118e+01 nan 1.746949882250163682e+03 1.882346445383706623e+03 1.508378160399206536e+03 6.637331898858242596e+01 3.892227832781059504e+01 1.384291409745130750e+03 7.826994790367805763e+03 4.597485977212961150e-01 5.366082484666980651e-02 1.723139374535971365e+04 1.068459806934228936e+03 3.687170989809650479e+01
        DTU_10MW_RWT_turb_24.0.dat 1.283368936418237578e-02 1.627926693562682138e-03 8.981167585710296635e+02 3.757712612299233967e+01 nan 1.767310315046446249e+03 1.723094218105034770e+03 1.566300560059260533e+03 6.504418702540097286e+01 4.696474339830244560e+01 1.497821540650000088e+03 7.755760281163506079e+03 4.854429133948337527e-01 5.614395504229775791e-02 1.870702223164465249e+04 1.259305239870213654e+03 3.672158730131743454e+01
