Statistics: std. Generated: 03/11/2021 10:04:21. No. files: 20.
                              File                       4                      10                      11                      13                      15                      19                      20                      22                      23                      27                      28                      29                      63                      66                      72                     102                     110
        DTU_10MW_RWT_turb_05.0.dat 4.440892098500626162e-16 6.501876124927381557e-05 1.918549993099661322e+01 2.313483054284745766e+00 0.000000000000000000e+00 2.363413771273430086e+02 1.585125686047634019e+02 1.411600257346882756e+02 6.419364763128649898e+00 5.983481695771096120e+00 2.945022811844777948e+02 6.008857024093953441e+03 9.320268901436125353e-02 1.105865316335813940e-02 5.701831523292121346e+03 3.681313730226816460e+03 1.911072468223301968e+01
        DTU_10MW_RWT_turb_06.0.dat 4.471946975274811532e-07 9.398512601703223359e-05 2.907007527359081678e+01 2.775716929675967393e+00 0.000000000000000000e+00 2.935849689682688108e+02 2.305226892642089638e+02 1.711663599404601541e+02 9.485067377283092682e+00 8.522014196625921301e+00 2.753395601057480917e+02 6.005357883871421109e+03 1.234241102831393488e-01 1.425756282787290011e-02 8.124987655935915427e+03 5.375444617471563106e+03 1.928899061307412310e+01
        DTU_10MW_RWT_turb_07.0.dat 4.227313919594094875e-07 1.318025532100855794e-04 4.192555942512872491e+01 3.167716479148245501e+00 0.000000000000000000e+00 3.132599175113211913e+02 3.337265636903319432e+02 1.997321098862306883e+02 1.272818318677001947e+01 1.206925670954744589e+01 2.658006379694581369e+02 5.999922112739389377e+03 1.592154066444972926e-01 1.773452292914585310e-02 1.149506443592978576e+04 7.843106861346066580e+03 1.945464427369901728e+01
        DTU_10MW_RWT_turb_08.0.dat 2.037558342727444039e-11 1.677496098637427816e-04 5.722593214454747113e+01 3.723430245338644529e+00 0.000000000000000000e+00 3.043841503822378058e+02 7.520049914988417186e+02 2.341583057940694630e+02 1.637494492651892131e+01 4.257252910019531988e+00 2.691146388957687350e+02 5.991809593979941383e+03 1.918585576649535773e-01 2.137573152451141198e-02 3.750986351542717784e+03 3.624887737375600864e+03 1.959158917648714393e+01
        DTU_10MW_RWT_turb_09.0.dat 1.355252715606880543e-20 1.839764414240044744e-04 7.236060174310854620e+01 4.711068287979103708e+00 0.000000000000000000e+00 2.682903683941663076e+02 8.340420243485249330e+02 2.828857013490249983e+02 1.902486932062524971e+01 5.044198999882911316e+00 2.700615963497643861e+02 6.003929818809195240e+03 2.197568727293201796e-01 2.445675777738690743e-02 4.408129685973151027e+03 4.788464272374782013e+03 1.984747660021361426e+01
        DTU_10MW_RWT_turb_10.0.dat 1.355252715606880543e-20 2.000497343187384875e-04 8.980060809800113475e+01 5.832643422535763733e+00 0.000000000000000000e+00 3.276774995303728701e+02 7.486638049071505066e+02 3.481645229233292298e+02 1.908045934251866527e+01 6.062058537584411155e+00 2.745226204617665076e+02 5.998835206590565576e+03 2.498073846815876686e-01 2.772161806256874875e-02 5.128851032605255568e+03 6.182205383638895910e+03 2.009333379149146381e+01
        DTU_10MW_RWT_turb_11.0.dat 1.355252715606880543e-20 2.161729183185539204e-04 1.107969860073454385e+02 7.174784691965311545e+00 0.000000000000000000e+00 3.847649737796795648e+02 7.146720642657187454e+02 3.786704054610941625e+02 2.170510761571109981e+01 7.159742032432107273e+00 2.794369104811014495e+02 5.999768519850819757e+03 2.835924154961956267e-01 3.137418608865943231e-02 5.964967679457702616e+03 7.894573692027945981e+03 2.037595104064111240e+01
        DTU_10MW_RWT_turb_12.0.dat 1.660934068611447795e-02 1.913532180967976567e-04 1.163328003632285004e+02 8.601774917489979799e+00 0.000000000000000000e+00 1.662653859686206033e+03 4.155985848423598327e+03 4.484970316575800666e+02 9.310117842354037521e+01 6.137686922864344474e+00 3.150152159466376816e+02 6.019578894604713241e+03 2.484052852266500355e-01 2.869089607157429556e-02 4.311608691809560696e+03 1.636550921717683593e+02 2.020365651334902424e+01
        DTU_10MW_RWT_turb_13.0.dat 1.429407908955640689e-02 2.182241049105265447e-04 1.301240992981421982e+02 9.121278042224346905e+00 0.000000000000000000e+00 1.470737418543282956e+03 4.088569755634723151e+03 4.711949621279156304e+02 9.127681869540370485e+01 6.439141026004557844e+00 3.564684587810553467e+02 6.004368911506509903e+03 2.366270116633602816e-01 2.762412662657096410e-02 4.635540129705598702e+03 1.688255074448171058e+02 1.990441473075203760e+01
        DTU_10MW_RWT_turb_14.0.dat 1.222104560700898977e-02 2.516949741254283853e-04 1.466569645560929587e+02 9.702847489801902370e+00 0.000000000000000000e+00 1.285375495429156672e+03 3.785630923012146013e+03 4.971972279090383608e+02 8.459473667109541850e+01 6.672020510040421293e+00 3.998499342371344483e+02 5.985452560662402902e+03 2.329407017236613808e-01 2.761628299978060447e-02 4.723469555886832495e+03 1.755534191492720595e+02 1.970141498170482208e+01
        DTU_10MW_RWT_turb_15.0.dat 1.059772617942051319e-02 2.874637186320197859e-04 1.651047176707168092e+02 1.031736649463894118e+01 0.000000000000000000e+00 1.131028163262856197e+03 3.437408788821759117e+03 5.227010701711515139e+02 7.711582982171624678e+01 7.183431623839333646e+00 4.433247459330737570e+02 5.962614028401860196e+03 2.344751387165046608e-01 2.773880523780144353e-02 4.792765251719486514e+03 1.920359143493737122e+02 1.953280214527856984e+01
        DTU_10MW_RWT_turb_16.0.dat 9.316488006749118131e-03 3.251136952663587838e-04 1.847506082718510925e+02 1.092833230795751120e+01 0.000000000000000000e+00 9.965864839775540531e+02 3.040138714684828756e+03 5.474706561297291501e+02 6.850906507596621964e+01 7.788966349747576956e+00 4.912931075236394349e+02 5.937628994171474915e+03 2.378324709392927172e-01 2.812610805769744093e-02 4.904419546516794981e+03 2.111130835778540984e+02 1.939709961253427650e+01
        DTU_10MW_RWT_turb_17.0.dat 8.165191138594056833e-03 3.643974722713478709e-04 2.058092816596860359e+02 1.155512519134569693e+01 0.000000000000000000e+00 8.903977198575045122e+02 2.618635821548338299e+03 5.731037535201205628e+02 5.996628971894042337e+01 8.473867174954714088e+00 5.459124326478228113e+02 5.906749715060074777e+03 2.420768709704346766e-01 2.913505218667751182e-02 5.032847807239853864e+03 2.333910300070463677e+02 1.927468462740423050e+01
        DTU_10MW_RWT_turb_18.0.dat 7.421732104940192282e-03 4.065385457690311134e-04 2.283902087054188144e+02 1.220251433509149841e+01 0.000000000000000000e+00 8.042963505988308270e+02 2.188313916475919086e+03 5.971282593357926771e+02 5.115294210299907007e+01 9.335891228424580746e+00 6.055190248863801799e+02 5.874186856838241511e+03 2.491917960173190560e-01 3.002673340348081810e-02 5.270652598673147622e+03 2.591540101324885654e+02 1.916004871472083337e+01
        DTU_10MW_RWT_turb_19.0.dat 6.972887865375440239e-03 4.517623894748210218e-04 2.527385336442731614e+02 1.285010820819151789e+01 0.000000000000000000e+00 7.561945176333414338e+02 1.873791188410869154e+03 6.204586808670301252e+02 4.539451787887056611e+01 1.028388964662203975e+01 6.702414989333962012e+02 5.838392663880069449e+03 2.581720188850556985e-01 3.112843357740985653e-02 5.603299546054628081e+03 2.856898686880583114e+02 1.905974153389943027e+01
        DTU_10MW_RWT_turb_20.0.dat 6.789018106013191244e-03 5.028585063971769201e-04 2.789417269483723771e+02 1.350274654329741786e+01 0.000000000000000000e+00 7.310297296839395358e+02 1.623260044935404949e+03 6.434447297250026168e+02 4.076171657367947176e+01 1.153566700315157156e+01 7.400984243704027676e+02 5.798114998153728266e+03 2.688033725667303142e-01 3.245037745657204653e-02 6.080671307321894346e+03 3.203207640627593946e+02 1.896626415653470943e+01
        DTU_10MW_RWT_turb_21.0.dat 6.765899520461030742e-03 5.601375483466072098e-04 3.073733425691500543e+02 1.420802020075200822e+01 0.000000000000000000e+00 7.135333341455726668e+02 1.340422412760898396e+03 6.659270571432991801e+02 3.565492803425075152e+01 1.296248331510594731e+01 8.149413696012784385e+02 5.753690300518000186e+03 2.810204624365011949e-01 3.398434577514681393e-02 6.646955342393613137e+03 3.581292786466920575e+02 1.887336294521043811e+01
        DTU_10MW_RWT_turb_22.0.dat 6.873634159569440988e-03 6.214017120156662029e-04 3.367224817610044738e+02 1.492281194292101176e+01 0.000000000000000000e+00 7.123186720449151608e+02 1.143383807214536318e+03 6.875646470330381135e+02 3.252446381085474769e+01 1.456355716300108227e+01 8.942934753367667327e+02 5.705767609734138205e+03 2.947942380186188704e-01 3.572505412833112959e-02 7.289827957085886737e+03 4.018422281315765190e+02 1.878990190606914368e+01
        DTU_10MW_RWT_turb_23.0.dat 7.025407513617977148e-03 6.852884617144819031e-04 3.669413875324623859e+02 1.564689866235299043e+01 0.000000000000000000e+00 7.177536132105485649e+02 9.708084983980947982e+02 7.102269058107874571e+02 3.033039139312209542e+01 1.631428958114940642e+01 9.783343689478310807e+02 5.654360720238947579e+03 3.099190653909080218e-01 3.764456047997814109e-02 7.976501983654473406e+03 4.501807989852521814e+02 1.871382749843121118e+01
        DTU_10MW_RWT_turb_24.0.dat 7.226690747472193539e-03 7.507773423590728386e-04 3.981169738118647388e+02 1.638765361701926437e+01 0.000000000000000000e+00 7.314400975785551964e+02 8.806136858966403906e+02 7.327821401611378178e+02 2.954913633132066408e+01 1.821075348116875858e+01 1.066896998841909181e+03 5.599145172704830657e+03 3.261702363604781496e-01 3.971306318620486386e-02 8.703319573152977682e+03 5.020356712363674774e+02 1.863541338726512819e+01
