Statistics: p01. Generated: 03/11/2021 10:04:22. No. files: 20.
                              File                       4                      10                      11                      13                      15                      19                      20                      22                      23                      27                      28                      29                      63                      66                      72                     102                     110
        DTU_10MW_RWT_turb_05.0.dat 1.896369999999999889e+00 6.278839999999999977e-01 1.269059999999999945e+03 3.340439999999999827e+02 5.000000000000000000e+00 3.414080000000000291e+04 9.546678300000000945e+02 -5.151090000000000146e+03 1.299309899999999971e+03 -1.318920000000000073e+03 -8.017180100000000493e+03 -8.109771899999999732e+03 2.580080000000000151e+00 6.570329999999999782e-01 1.222390000000000000e+06 7.674830000000000000e+05 1.551949900000000149e+01
        DTU_10MW_RWT_turb_06.0.dat 8.626690000000000191e-01 6.278369999999999784e-01 2.424119999999999891e+03 4.781709999999999923e+02 6.000000000000000000e+00 5.149419999999999709e+04 1.923895800000000008e+03 -4.678039999999999964e+03 2.477689800000000105e+03 -2.503320000000000164e+03 -1.031589999999999964e+04 -7.786500100000000202e+03 4.506000000000000227e+00 8.899929800000000446e-01 2.327790000000000000e+06 1.461370000000000000e+06 1.479339899999999908e+01
        DTU_10MW_RWT_turb_07.0.dat 7.799999999999999859e-05 6.277760000000000007e-01 3.925670000000000073e+03 6.193259900000000471e+02 7.000000000000000000e+00 6.852000000000000000e+04 3.253871500000000196e+03 -4.223560100000000602e+03 4.011319900000000416e+03 -4.041780099999999948e+03 -1.256179999999999927e+04 -7.364440099999999802e+03 6.372840000000000060e+00 1.108000000000000096e+00 3.763970000000000000e+06 2.362700000000000000e+06 1.409670000000000023e+01
        DTU_10MW_RWT_turb_08.0.dat 4.800000000000000122e-05 6.440320000000000489e-01 5.608029999999999745e+03 7.407689900000000307e+02 8.000000000000000000e+00 8.334209900000000198e+04 3.813477899999999863e+03 -3.843510299999999916e+03 5.723809900000000198e+03 -5.754569999999999709e+03 -1.450089999999999964e+04 -6.892720400000000154e+03 7.343939999999999912e+00 1.217470000000000052e+00 5.395050000000000000e+06 3.473799800000000279e+06 1.351190000000000069e+01
        DTU_10MW_RWT_turb_09.0.dat 4.800000000000000122e-05 7.239740000000000064e-01 7.079429600000000391e+03 9.330919999999999845e+02 9.000000000000000000e+00 1.066470000000000000e+05 4.986174199999999473e+03 -3.231120199999999841e+03 7.229789999999999964e+03 -7.271550200000000586e+03 -1.782029999999999927e+04 -6.512980300000000170e+03 7.235849899999999835e+00 1.205140000000000100e+00 6.817960000000000000e+06 4.935049899999999441e+06 1.242369900000000094e+01
        DTU_10MW_RWT_turb_10.0.dat 4.800000000000000122e-05 8.034240000000000270e-01 8.706119900000001508e+03 1.144349999999999909e+03 1.000000000000000000e+01 1.321470000000000000e+05 6.750281200000000354e+03 -2.589309999999999945e+03 8.906629899999999907e+03 -8.954280099999999948e+03 -2.139950000000000000e+04 -6.015150499999999738e+03 7.117589999999999861e+00 1.191980000000000040e+00 8.397019900000000373e+06 6.745229900000000373e+06 1.126119800000000026e+01
        DTU_10MW_RWT_turb_11.0.dat 4.800000000000000122e-05 8.822809999999999819e-01 1.048029999999999927e+04 1.372899900000000116e+03 1.100000000000000000e+01 1.597830000000000000e+05 8.592854400000000169e+03 -1.911540199999999913e+03 1.073079999999999927e+04 -1.079839999999999964e+04 -2.520150000000000000e+04 -5.450300299999999879e+03 7.001919900000000752e+00 1.178469999999999906e+00 1.012620000000000000e+07 8.932610000000000000e+06 1.004019200000000112e+01
        DTU_10MW_RWT_turb_12.0.dat 3.723300000000000054e+00 1.004650000000000043e+00 1.026409900000000016e+04 1.247509900000000016e+03 1.200000000000000000e+01 1.436469899999999907e+05 3.031732399999999870e+03 -2.455933700000000044e+03 1.037720000000000073e+04 -1.059839999999999964e+04 -2.322100100000000020e+04 -5.607841300000000047e+03 3.717139799999999994e+00 7.959540000000000504e-01 9.941500000000000000e+06 9.999660000000000000e+06 1.089539700000000089e+01
        DTU_10MW_RWT_turb_13.0.dat 6.467030000000000278e+00 1.004639999999999977e+00 1.023360000000000036e+04 1.057489900000000034e+03 1.300000000000000000e+01 1.219479900000000052e+05 2.981512500000000273e+03 -3.039340100000000348e+03 1.036010000000000036e+04 -1.059929999999999927e+04 -1.983790500000000247e+04 -5.617471000000000458e+03 2.267439900000000286e+00 6.193549999999999889e-01 9.940589900000000373e+06 9.999630000000000000e+06 1.221719799999999978e+01
        DTU_10MW_RWT_turb_14.0.dat 8.445369800000001703e+00 1.004599999999999937e+00 1.019079999999999927e+04 9.438129400000000260e+02 1.400000000000000000e+01 1.094369799999999959e+05 3.310947500000000218e+03 -3.365180600000000140e+03 1.035650000000000000e+04 -1.059950000000000000e+04 -1.774730099999999948e+04 -5.620300500000000284e+03 1.307269999999999932e+00 5.012360000000000149e-01 9.940319900000000373e+06 9.999590000000000000e+06 1.308239699999999850e+01
        DTU_10MW_RWT_turb_15.0.dat 1.010249999999999915e+01 1.004550000000000054e+00 1.014259900000000016e+04 8.621219999999999573e+02 1.500000000000000000e+01 1.007589600000000064e+05 3.835954999999999927e+03 -3.569230399999999918e+03 1.035369900000000052e+04 -1.060080099999999948e+04 -1.617320000000000073e+04 -5.619211399999999230e+03 5.567889999999999784e-01 4.084050000000000180e-01 9.940379900000000373e+06 9.999560000000000000e+06 1.376379900000000056e+01
        DTU_10MW_RWT_turb_16.0.dat 1.158380000000000010e+01 1.004480000000000040e+00 1.009009900000000016e+04 7.984349599999999327e+02 1.600000000000000000e+01 9.411588599999999860e+04 4.437554000000000087e+03 -3.700810300000000097e+03 1.035009900000000016e+04 -1.060200000000000000e+04 -1.489700000000000000e+04 -5.615272300000000541e+03 -7.744600299999999937e-02 3.297849999999999948e-01 9.940289900000000373e+06 9.999530000000000000e+06 1.433869900000000008e+01
        DTU_10MW_RWT_turb_17.0.dat 1.294849999999999923e+01 1.004410000000000025e+00 1.003250000000000000e+04 7.468079200000000810e+02 1.700000000000000000e+01 8.909857700000000477e+04 5.081877200000000812e+03 -3.785490899999999783e+03 1.035239999999999964e+04 -1.060330099999999948e+04 -1.382450100000000020e+04 -5.607721500000000560e+03 -6.289340100000000433e-01 2.601450000000000151e-01 9.940209899999998510e+06 9.999510000000000000e+06 1.484279599999999988e+01
        DTU_10MW_RWT_turb_18.0.dat 1.422739999999999938e+01 1.004320000000000102e+00 9.970649900000000343e+03 7.038539899999999534e+02 1.800000000000000000e+01 8.498188399999999092e+04 5.968777599999999438e+03 -3.828210000000000036e+03 1.035420000000000073e+04 -1.060460000000000036e+04 -1.289070100000000093e+04 -5.597550999999999476e+03 -1.123569999999999958e+00 1.977199900000000121e-01 9.940140000000000000e+06 9.999480000000000000e+06 1.529749899999999840e+01
        DTU_10MW_RWT_turb_19.0.dat 1.544289999999999985e+01 1.004229999999999956e+00 9.905769000000000233e+03 6.674689700000000130e+02 1.900000000000000000e+01 8.176609300000000803e+04 6.569188299999999799e+03 -3.841470299999999497e+03 1.035009900000000016e+04 -1.060670000000000073e+04 -1.208650000000000000e+04 -5.585670299999999770e+03 -1.575700100000000159e+00 1.406739899999999988e-01 9.940069900000000373e+06 9.999490000000000000e+06 1.571159500000000087e+01
        DTU_10MW_RWT_turb_20.0.dat 1.660770000000000124e+01 1.004110000000000058e+00 9.836839799999999741e+03 6.362409899999998970e+02 2.000000000000000000e+01 7.910459400000001187e+04 6.917145400000000336e+03 -3.827660100000000057e+03 1.034550000000000000e+04 -1.060939999999999964e+04 -1.138789999999999964e+04 -5.570141000000000531e+03 -1.993989999999999929e+00 8.793519900000000555e-02 9.939390000000000000e+06 9.999520000000000000e+06 1.609449899999999900e+01
        DTU_10MW_RWT_turb_21.0.dat 1.772869999999999990e+01 1.003980000000000095e+00 9.764689300000001822e+03 6.089789900000000671e+02 2.100000000000000000e+01 7.695298699999999371e+04 7.787810699999999997e+03 -3.792600800000000163e+03 1.034389899999999943e+04 -1.061340099999999984e+04 -1.076400000000000000e+04 -5.550860999999999876e+03 -2.383379999999999832e+00 3.885519299999999621e-02 9.939140000000000000e+06 9.999510000000000000e+06 1.645089899999999972e+01
        DTU_10MW_RWT_turb_22.0.dat 1.881240000000000023e+01 1.003830000000000000e+00 9.691669899999998961e+03 5.850800000000000409e+02 2.200000000000000000e+01 7.523729200000000128e+04 8.344151400000000649e+03 -3.746970699999999852e+03 1.033770000000000073e+04 -1.061789999999999964e+04 -1.020150000000000000e+04 -5.526720400000001064e+03 -2.749080100000000026e+00 -7.123423000000000255e-03 9.938769900000000373e+06 9.999450000000000000e+06 1.678299900000000378e+01
        DTU_10MW_RWT_turb_23.0.dat 1.986449999999999960e+01 1.003670000000000062e+00 9.617959699999999430e+03 5.641099900000000389e+02 2.300000000000000000e+01 7.388089800000000105e+04 8.780666100000000370e+03 -3.686380200000000059e+03 1.033110000000000036e+04 -1.062370000000000073e+04 -9.693790100000000166e+03 -5.499370200000000295e+03 -3.093820000000000014e+00 -5.043840400000000612e-02 9.938320000000000000e+06 9.999330000000000000e+06 1.709859400000000207e+01
        DTU_10MW_RWT_turb_24.0.dat 2.088809900000000042e+01 1.003519999999999968e+00 9.542529500000000553e+03 5.454889799999999696e+02 2.400000000000000000e+01 7.283369499999999243e+04 9.058802100000000792e+03 -3.611140100000000075e+03 1.032050000000000000e+04 -1.063100000000000000e+04 -9.238600000000000364e+03 -5.466140200000000732e+03 -3.430264300000000155e+00 -9.134420799999999618e-02 9.937719900000000373e+06 9.999210000000000000e+06 1.739689899999999767e+01
