Statistics: del10. Generated: 03/11/2021 10:04:21. No. files: 20.
                              File                       4                      10                      11                      13                      15                      19                      20                      22                      23                      27                      28                      29                      63                      66                      72                     102                     110
        DTU_10MW_RWT_turb_05.0.dat nan 1.558863858703478454e-04 5.191780223544799355e+01 6.118585883392510638e+00 nan 5.953555703165883415e+02 3.614493099172822781e+02 3.824529519297290676e+02 1.546584300689852221e+01 1.436718364428466721e+01 6.403105259895272638e+02 1.205951084650392841e+04 2.333146369611904525e-01 2.557481077070620362e-02 1.368098500021394648e+04 8.830749641675125531e+03 4.739500298658634847e+01
        DTU_10MW_RWT_turb_06.0.dat 1.476396918621386337e-06 2.252099580287704960e-04 8.234289749065045783e+01 7.523498980578724904e+00 nan 7.274094067593247246e+02 6.216176879192825027e+02 4.756597764971872948e+02 2.427804630928526564e+01 2.065855976231652846e+01 6.136031510368059116e+02 1.205241897924959085e+04 3.009107545229022240e-01 3.296527892130914072e-02 1.963363703512619395e+04 1.298581100990112827e+04 4.786582978171590952e+01
        DTU_10MW_RWT_turb_07.0.dat 1.257447255600210109e-06 3.127362000018324060e-04 1.205802258425205054e+02 8.678785508186267705e+00 nan 7.879990924804319548e+02 8.821079078870633339e+02 5.704335575386975279e+02 3.235305127843523110e+01 2.900137728927900937e+01 5.979205530761596492e+02 1.204055797377796807e+04 3.776061389608820762e-01 4.088349514376208443e-02 2.755221920164184485e+04 1.878127931540734062e+04 4.832161824204857936e+01
        DTU_10MW_RWT_turb_08.0.dat 4.921323062122685792e-11 4.228130390488316786e-04 1.668515100269540881e+02 1.035339211649018765e+01 nan 7.844454035135604499e+02 2.476554128573475282e+03 6.748713667266712264e+02 5.622154276577632004e+01 1.265060061098757593e+01 6.064184727218292892e+02 1.207003563036663763e+04 4.521818599521623128e-01 4.897272328830913624e-02 1.027534245494822062e+04 9.927023023181667668e+03 4.885910884159491729e+01
        DTU_10MW_RWT_turb_09.0.dat nan 4.889781829217369410e-04 2.172582746613713027e+02 1.358602949061912391e+01 nan 7.955421876712752010e+02 2.771051067767621589e+03 8.046868090173772998e+02 6.828498107133580675e+01 1.599383912035452937e+01 6.216275747024701559e+02 1.224771612040377113e+04 5.409004894260515117e-01 5.629258943653282776e-02 1.290260117418498885e+04 1.400887035307207407e+04 5.017244349540928994e+01
        DTU_10MW_RWT_turb_10.0.dat nan 5.414165059997609391e-04 2.822807330345459036e+02 1.773170264929699158e+01 nan 1.066738949819444315e+03 2.608780474654402951e+03 9.952429827452270956e+02 6.533772872948397037e+01 1.914691431483582207e+01 7.356396872418292787e+02 1.236755369857831829e+04 6.424043649544123324e-01 6.640165101710068796e-02 1.457195560898768599e+04 1.756147019768608880e+04 5.147606543114604705e+01
        DTU_10MW_RWT_turb_11.0.dat nan 6.270405174527161332e-04 3.644897187129753888e+02 2.289853165750531261e+01 nan 1.426520149733609742e+03 2.485581614642342629e+03 1.120608399170235089e+03 8.529078351289604143e+01 2.410679441989364591e+01 8.237659084003026919e+02 1.246740891859015574e+04 7.404210354977472930e-01 7.693816400878719652e-02 1.847966519551306192e+04 2.447564300969039323e+04 5.280644924975516119e+01
        DTU_10MW_RWT_turb_12.0.dat 4.284742181182838588e-02 5.476994704547200098e-04 3.922835784616647743e+02 2.804900237701908949e+01 nan 4.722096568585115165e+03 1.027235519975664829e+04 1.336835051961159024e+03 2.479644583384701946e+02 2.184817305815880673e+01 8.634164152539547104e+02 1.275538970207889724e+04 6.604189478183741802e-01 7.085687350416294827e-02 1.239346914762079905e+04 5.749779754081226883e+02 5.293209440753571471e+01
        DTU_10MW_RWT_turb_13.0.dat 3.809236262486494218e-02 5.842681731191387996e-04 4.240412749175418980e+02 2.896567967718936032e+01 nan 4.334098919563335585e+03 1.036526159607310728e+04 1.370906177177523432e+03 2.478366722809005864e+02 2.271795160715534934e+01 9.023804167843334199e+02 1.275943165277820481e+04 6.320625920256414121e-01 6.785699509203838020e-02 1.348501347990964496e+04 6.502744571596180094e+02 5.201290275353191817e+01
        DTU_10MW_RWT_turb_14.0.dat 3.349753303531322751e-02 6.604222693280638930e-04 4.709079335408731026e+02 3.044659838907410077e+01 nan 3.966412301558780655e+03 9.923254123373346374e+03 1.430610307968426469e+03 2.392058971983209972e+02 2.127475568217909085e+01 9.716476167244511544e+02 1.271391641009195337e+04 6.241543078241686970e-01 6.742968236279857364e-02 1.369777012360598746e+04 6.425729495921776788e+02 5.140476534629990368e+01
        DTU_10MW_RWT_turb_15.0.dat 3.004685272731815598e-02 7.484988920427907647e-04 5.240119821495098904e+02 3.202607971654770580e+01 nan 3.648004052452315136e+03 9.307113172800736720e+03 1.486514775529471990e+03 2.264012540261987851e+02 2.314094890164680862e+01 1.053447259845924918e+03 1.268928965993717065e+04 6.236559846925615602e-01 6.713871185795483587e-02 1.419582797086188111e+04 7.005231853576178764e+02 5.093955682720365274e+01
        DTU_10MW_RWT_turb_16.0.dat 2.708637128268210834e-02 8.553285791721465829e-04 5.790059514814605564e+02 3.355869510270787970e+01 nan 3.453111073616698377e+03 8.562053344815192759e+03 1.543103864551415427e+03 2.052795114171464377e+02 2.446266483971044536e+01 1.151837007301732910e+03 1.263814353457473590e+04 6.235816889961400822e-01 6.682324532509817394e-02 1.451284117260939820e+04 7.450048371499308359e+02 5.053161316862289709e+01
        DTU_10MW_RWT_turb_17.0.dat 2.403185232743023508e-02 9.686987904233429220e-04 6.386032649212858132e+02 3.526185175533412774e+01 nan 3.086873355182127852e+03 7.679042144004080001e+03 1.606193970969340171e+03 1.955202332609389373e+02 2.589215068737316017e+01 1.260515984620262316e+03 1.260000211526386920e+04 6.230164587669670961e-01 6.747201866366638046e-02 1.493284783355670697e+04 7.966735957643877555e+02 5.016911815438133004e+01
        DTU_10MW_RWT_turb_18.0.dat 2.181472193136542101e-02 1.091028861345111518e-03 7.042053684314593056e+02 3.688408020616613925e+01 nan 2.916968397525579348e+03 6.627568285122695670e+03 1.666624088868640911e+03 1.691884633817394104e+02 2.770773022079363912e+01 1.375296512448245267e+03 1.253407678771378050e+04 6.238646520127997253e-01 6.754980252914560834e-02 1.549681272507876201e+04 8.566631702211087713e+02 4.986401634414733053e+01
        DTU_10MW_RWT_turb_19.0.dat 1.988506142552613071e-02 1.230649794520593089e-03 7.731263533628294908e+02 3.851335208286596412e+01 nan 2.655505022733232636e+03 5.877947210979363263e+03 1.727239664971698858e+03 1.579186614255822576e+02 3.042047322785423802e+01 1.499106710726081701e+03 1.246534617520322354e+04 6.269150196465752556e-01 6.951531986692725817e-02 1.642912501148314550e+04 9.013138184565466418e+02 4.956031503640478775e+01
        DTU_10MW_RWT_turb_20.0.dat 1.875856515612356681e-02 1.389525047290024939e-03 8.481491463462753018e+02 4.035552868137897065e+01 nan 2.544815819925067899e+03 5.354779992254756507e+03 1.785566362436537020e+03 1.501727518706185265e+02 3.453564356092215348e+01 1.645756577995662838e+03 1.239220202666998921e+04 6.292389442975249159e-01 7.202722272006459314e-02 1.780666608134246417e+04 9.387540874487129940e+02 4.928368697679365340e+01
        DTU_10MW_RWT_turb_21.0.dat 1.793059562794624071e-02 1.555035724468088352e-03 9.265159044370130914e+02 4.244981601108207059e+01 nan 2.445304981560372198e+03 4.533915837111942892e+03 1.846425054471530984e+03 1.300587035517657171e+02 3.889230106901276685e+01 1.795090235159561871e+03 1.231682406633701794e+04 6.331609812453949937e-01 7.551351330207792256e-02 1.941594221831279719e+04 1.016052130001221599e+03 4.903706820435994018e+01
        DTU_10MW_RWT_turb_22.0.dat 1.752576140633823124e-02 1.748488670782880495e-03 1.008821266848168079e+03 4.462755046927526337e+01 nan 2.365947243390838594e+03 3.915353560166969146e+03 1.918988279875750550e+03 1.149927684291545802e+02 4.317498247467929673e+01 1.960531238681295235e+03 1.224013581251128744e+04 6.545048730948487270e-01 7.887307948479216346e-02 2.112499331018382873e+04 1.132486426741210380e+03 4.879898373432233427e+01
        DTU_10MW_RWT_turb_23.0.dat 1.724385017167775341e-02 1.950098450397372112e-03 1.091412145720979197e+03 4.698828375695628523e+01 nan 2.288479096012341870e+03 3.319763006282953029e+03 1.986798891267050067e+03 1.046381904538164491e+02 5.011057481309408956e+01 2.132327361847063003e+03 1.214913157699169824e+04 6.977887955210096971e-01 8.269139874859375572e-02 2.292936902254337474e+04 1.325426038023098045e+03 4.856937528809404370e+01
        DTU_10MW_RWT_turb_24.0.dat 1.736412359871389310e-02 2.143716646874398602e-03 1.182410134323400371e+03 4.946864864546805762e+01 nan 2.265463234787571309e+03 3.059473703159439992e+03 2.061623561583554419e+03 1.013965296386539165e+02 6.050130026271033046e+01 2.310466137874097058e+03 1.203933252496596833e+04 7.395150907816512298e-01 8.653765658814085993e-02 2.478310957778313968e+04 1.572467556861565072e+03 4.835973380790733245e+01
