Statistics: min. Generated: 03/11/2021 10:04:21. No. files: 20.
                              File                       4                      10                      11                      13                      15                      19                      20                      22                      23                      27                      28                      29                      63                      66                      72                     102                     110
        DTU_10MW_RWT_turb_05.0.dat 1.896369999999999889e+00 6.278820000000000512e-01 1.268720000000000027e+03 3.340090000000000146e+02 5.000000000000000000e+00 3.413980000000000291e+04 9.194950000000000045e+02 -5.151350000000000364e+03 1.298579999999999927e+03 -1.319430000000000064e+03 -8.018779999999999745e+03 -8.113810000000000400e+03 2.579750000000000210e+00 6.569049999999999612e-01 1.222290000000000000e+06 7.674190000000000000e+05 1.549590000000000067e+01
        DTU_10MW_RWT_turb_06.0.dat 8.626690000000000191e-01 6.278289999999999704e-01 2.423650000000000091e+03 4.781360000000000241e+02 6.000000000000000000e+00 5.148640000000000146e+04 1.812089999999999918e+03 -4.678460000000000036e+03 2.474690000000000055e+03 -2.504489999999999782e+03 -1.031720000000000073e+04 -7.791260000000000218e+03 4.505510000000000126e+00 8.898300000000000098e-01 2.326650000000000000e+06 1.460610000000000000e+06 1.476900000000000013e+01
        DTU_10MW_RWT_turb_07.0.dat 7.799999999999999859e-05 6.277679999999999927e-01 3.924969999999999800e+03 6.192859999999999445e+02 7.000000000000000000e+00 6.850219999999999709e+04 3.106019999999999982e+03 -4.224399999999999636e+03 4.006440000000000055e+03 -4.043539999999999964e+03 -1.256360000000000036e+04 -7.369520000000000437e+03 6.371540000000000425e+00 1.107820000000000027e+00 3.762200000000000000e+06 2.361480000000000000e+06 1.407179999999999964e+01
        DTU_10MW_RWT_turb_08.0.dat 4.800000000000000122e-05 6.440259999999999874e-01 5.605979999999999563e+03 7.406720000000000255e+02 8.000000000000000000e+00 8.327539999999999418e+04 3.488940000000000055e+03 -3.848780000000000200e+03 5.710680000000000291e+03 -5.755810000000000400e+03 -1.450589999999999964e+04 -6.898399999999999636e+03 7.343099999999999739e+00 1.217300000000000049e+00 5.393500000000000000e+06 3.472290000000000000e+06 1.348559999999999981e+01
        DTU_10MW_RWT_turb_09.0.dat 4.800000000000000122e-05 7.239649999999999697e-01 7.076279999999999745e+03 9.329550000000000409e+02 9.000000000000000000e+00 1.065660000000000000e+05 4.631869999999999891e+03 -3.237489999999999782e+03 7.216069999999999709e+03 -7.274189999999999600e+03 -1.782650000000000000e+04 -6.520310000000000400e+03 7.232280000000000264e+00 1.204690000000000039e+00 6.815670000000000000e+06 4.932570000000000000e+06 1.239569999999999972e+01
        DTU_10MW_RWT_turb_10.0.dat 4.800000000000000122e-05 8.034149999999999903e-01 8.702950000000000728e+03 1.144190000000000055e+03 1.000000000000000000e+01 1.320320000000000000e+05 6.200109999999999673e+03 -2.593780000000000200e+03 8.894409999999999854e+03 -8.956780000000000655e+03 -2.140270000000000073e+04 -6.022229999999999563e+03 7.117029999999999745e+00 1.191829999999999945e+00 8.394960000000000000e+06 6.742770000000000000e+06 1.123029999999999973e+01
        DTU_10MW_RWT_turb_11.0.dat 4.800000000000000122e-05 8.822689999999999699e-01 1.047620000000000073e+04 1.372700000000000045e+03 1.100000000000000000e+01 1.596980000000000000e+05 8.198950000000000728e+03 -1.916819999999999936e+03 1.070820000000000073e+04 -1.080170000000000073e+04 -2.520759999999999854e+04 -5.458649999999999636e+03 6.999069999999999681e+00 1.178120000000000056e+00 1.012300000000000000e+07 8.928450000000000000e+06 1.000760000000000005e+01
        DTU_10MW_RWT_turb_12.0.dat 3.719069999999999876e+00 1.004610000000000003e+00 1.024300000000000000e+04 1.246410000000000082e+03 1.200000000000000000e+01 1.430040000000000000e+05 2.373849999999999909e+03 -2.508500000000000000e+03 1.034539999999999964e+04 -1.060289999999999964e+04 -2.327109999999999854e+04 -5.626029999999999745e+03 3.715590000000000170e+00 7.957020000000000204e-01 9.939640000000000000e+06 9.999510000000000000e+06 1.084140000000000015e+01
        DTU_10MW_RWT_turb_13.0.dat 6.463809999999999611e+00 1.004610000000000003e+00 1.022070000000000073e+04 1.056400000000000091e+03 1.300000000000000000e+01 1.211000000000000000e+05 2.379519999999999982e+03 -3.092920000000000073e+03 1.033120000000000073e+04 -1.060420000000000073e+04 -1.987950000000000000e+04 -5.633229999999999563e+03 2.266049999999999898e+00 6.191680000000000517e-01 9.938770000000000000e+06 9.999450000000000000e+06 1.216970000000000063e+01
        DTU_10MW_RWT_turb_14.0.dat 8.442259999999999209e+00 1.004580000000000028e+00 1.018329999999999927e+04 9.427459999999999809e+02 1.400000000000000000e+01 1.085980000000000000e+05 2.634480000000000018e+03 -3.420349999999999909e+03 1.032360000000000036e+04 -1.060370000000000073e+04 -1.778850000000000000e+04 -5.635510000000000218e+03 1.306340000000000057e+00 5.011349999999999971e-01 9.938580000000000000e+06 9.999470000000000000e+06 1.304410000000000025e+01
        DTU_10MW_RWT_turb_15.0.dat 1.009919999999999973e+01 1.004529999999999923e+00 1.013620000000000073e+04 8.610180000000000291e+02 1.500000000000000000e+01 1.000480000000000000e+05 2.765530000000000200e+03 -3.610150000000000091e+03 1.033270000000000073e+04 -1.060529999999999927e+04 -1.621239999999999964e+04 -5.632210000000000036e+03 5.552660000000000373e-01 4.082100000000000173e-01 9.937890000000000000e+06 9.999430000000000000e+06 1.372540000000000049e+01
        DTU_10MW_RWT_turb_16.0.dat 1.158019999999999960e+01 1.004469999999999974e+00 1.008229999999999927e+04 7.974199999999999591e+02 1.600000000000000000e+01 9.340289999999999418e+04 3.917599999999999909e+03 -3.746000000000000000e+03 1.032760000000000036e+04 -1.060639999999999964e+04 -1.493020000000000073e+04 -5.629270000000000437e+03 -7.948310000000000097e-02 3.295409999999999728e-01 9.938190000000000000e+06 9.999440000000000000e+06 1.429989999999999917e+01
        DTU_10MW_RWT_turb_17.0.dat 1.294560000000000066e+01 1.004389999999999894e+00 1.002120000000000073e+04 7.457789999999999964e+02 1.700000000000000000e+01 8.843700000000000000e+04 4.175189999999999600e+03 -3.826980000000000018e+03 1.032020000000000073e+04 -1.060710000000000036e+04 -1.385589999999999964e+04 -5.619670000000000073e+03 -6.310329999999999551e-01 2.598849999999999771e-01 9.937430000000000000e+06 9.999420000000000000e+06 1.481090000000000018e+01
        DTU_10MW_RWT_turb_18.0.dat 1.422359999999999935e+01 1.004299999999999971e+00 9.959620000000000800e+03 7.029550000000000409e+02 1.800000000000000000e+01 8.432630000000000291e+04 5.466170000000000073e+03 -3.873329999999999927e+03 1.033060000000000036e+04 -1.060839999999999964e+04 -1.291760000000000036e+04 -5.608680000000000291e+03 -1.125760000000000094e+00 1.974400000000000044e-01 9.937850000000000000e+06 9.999400000000000000e+06 1.526510000000000034e+01
        DTU_10MW_RWT_turb_19.0.dat 1.544030000000000058e+01 1.004199999999999982e+00 9.894350000000000364e+03 6.666180000000000518e+02 1.900000000000000000e+01 8.119530000000000291e+04 5.379649999999999636e+03 -3.874260000000000218e+03 1.033070000000000073e+04 -1.061039999999999964e+04 -1.209929999999999927e+04 -5.596800000000000182e+03 -1.578140000000000098e+00 1.403560000000000085e-01 9.937870000000000000e+06 9.999410000000000000e+06 1.567989999999999995e+01
        DTU_10MW_RWT_turb_20.0.dat 1.660549999999999926e+01 1.004089999999999927e+00 9.823059999999999491e+03 6.353640000000000327e+02 2.000000000000000000e+01 7.847769999999999709e+04 6.136180000000000291e+03 -3.854489999999999782e+03 1.031610000000000036e+04 -1.061260000000000036e+04 -1.140089999999999964e+04 -5.580090000000000146e+03 -1.996969999999999912e+00 8.753610000000000557e-02 9.936710000000000000e+06 9.999440000000000000e+06 1.606459999999999866e+01
        DTU_10MW_RWT_turb_21.0.dat 1.772619999999999862e+01 1.003959999999999964e+00 9.751329999999999927e+03 6.082419999999999618e+02 2.100000000000000000e+01 7.640880000000000291e+04 7.011489999999999782e+03 -3.819300000000000182e+03 1.032150000000000000e+04 -1.061629999999999927e+04 -1.077360000000000036e+04 -5.560300000000000182e+03 -2.386449999999999960e+00 3.853220000000000256e-02 9.936780000000000000e+06 9.999440000000000000e+06 1.642320000000000135e+01
        DTU_10MW_RWT_turb_22.0.dat 1.880989999999999895e+01 1.003800000000000026e+00 9.679450000000000728e+03 5.844669999999999845e+02 2.200000000000000000e+01 7.478469999999999709e+04 7.692270000000000437e+03 -3.772820000000000164e+03 1.032279999999999927e+04 -1.062129999999999927e+04 -1.020979999999999927e+04 -5.536890000000000327e+03 -2.764629999999999921e+00 -7.464069999999999733e-03 9.936720000000000000e+06 9.999400000000000000e+06 1.675850000000000151e+01
        DTU_10MW_RWT_turb_23.0.dat 1.986250000000000071e+01 1.003640000000000088e+00 9.606459999999999127e+03 5.635339999999999918e+02 2.300000000000000000e+01 7.351850000000000000e+04 8.292059999999999491e+03 -3.716280000000000200e+03 1.031189999999999964e+04 -1.062670000000000073e+04 -9.701170000000000073e+03 -5.509560000000000400e+03 -3.122209999999999930e+00 -5.073919999999999819e-02 9.936630000000000000e+06 9.999280000000000000e+06 1.707329999999999970e+01
        DTU_10MW_RWT_turb_24.0.dat 2.088650000000000162e+01 1.003489999999999993e+00 9.531170000000000073e+03 5.449750000000000227e+02 2.400000000000000000e+01 7.253710000000000582e+04 8.199100000000000364e+03 -3.638079999999999927e+03 1.030270000000000073e+04 -1.063379999999999927e+04 -9.244739999999999782e+03 -5.477239999999999782e+03 -3.461209999999999898e+00 -9.167219999999999536e-02 9.936420000000000000e+06 9.999180000000000000e+06 1.737290000000000134e+01
