Statistics: max. Generated: 03/11/2021 10:04:21. No. files: 20.
                              File                       4                      10                      11                      13                      15                      19                      20                      22                      23                      27                      28                      29                      63                      66                      72                     102                     110
        DTU_10MW_RWT_turb_05.0.dat 1.896369999999999889e+00 6.280820000000000292e-01 1.335140000000000100e+03 3.417309999999999945e+02 5.000000000000000000e+00 3.489390000000000146e+04 1.469079999999999927e+03 -4.669789999999999964e+03 1.320309999999999945e+03 -1.300509999999999991e+03 -7.118619999999999891e+03 8.873889999999999418e+03 2.908279999999999976e+00 6.929210000000000091e-01 1.240290000000000000e+06 7.790300000000000000e+05 7.520940000000000225e+01
        DTU_10MW_RWT_turb_06.0.dat 8.626719999999999944e-01 6.281259999999999621e-01 2.527369999999999891e+03 4.876120000000000232e+02 6.000000000000000000e+00 5.242509999999999854e+04 2.901769999999999982e+03 -4.079539999999999964e+03 2.514719999999999800e+03 -2.475409999999999854e+03 -9.454600000000000364e+03 9.186450000000000728e+03 4.929280000000000328e+00 9.362610000000000099e-01 2.354410000000000000e+06 1.478960000000000000e+06 7.507569999999999766e+01
        DTU_10MW_RWT_turb_07.0.dat 8.055509999999999721e-05 6.281769999999999854e-01 4.076829999999999927e+03 6.302150000000000318e+02 7.000000000000000000e+00 6.953469999999999709e+04 4.619770000000000437e+03 -3.505989999999999782e+03 4.058159999999999854e+03 -4.002750000000000000e+03 -1.172260000000000036e+04 9.591610000000000582e+03 6.902960000000000207e+00 1.165359999999999951e+00 3.800940000000000000e+06 2.387890000000000000e+06 7.494710000000000605e+01
        DTU_10MW_RWT_turb_08.0.dat 4.800010000000000144e-05 6.445710000000000051e-01 5.817840000000000146e+03 7.537770000000000437e+02 8.000000000000000000e+00 8.443389999999999418e+04 7.811609999999999673e+03 -2.991179999999999836e+03 5.812250000000000000e+03 -5.736090000000000146e+03 -1.365470000000000073e+04 1.006020000000000073e+04 7.977899999999999991e+00 1.286019999999999941e+00 5.410170000000000000e+06 3.488390000000000000e+06 7.489209999999999923e+01
        DTU_10MW_RWT_turb_09.0.dat 4.800000000000000122e-05 7.245909999999999851e-01 7.349399999999999636e+03 9.498999999999999773e+02 9.000000000000000000e+00 1.077270000000000000e+05 9.498860000000000582e+03 -2.225329999999999927e+03 7.337569999999999709e+03 -7.248170000000000073e+03 -1.695909999999999854e+04 1.045029999999999927e+04 7.986270000000000202e+00 1.283090000000000064e+00 6.836810000000000000e+06 4.955520000000000000e+06 7.470799999999999841e+01
        DTU_10MW_RWT_turb_10.0.dat 4.800000000000000122e-05 8.040979999999999794e-01 9.050979999999999563e+03 1.166000000000000000e+03 1.000000000000000000e+01 1.335280000000000000e+05 1.075429999999999927e+04 -1.364650000000000091e+03 9.004209999999999127e+03 -8.927930000000000291e+03 -2.039340000000000146e+04 1.096620000000000073e+04 7.999749999999999694e+00 1.283069999999999933e+00 8.417690000000000000e+06 6.770150000000000000e+06 7.451069999999999993e+01
        DTU_10MW_RWT_turb_11.0.dat 4.800000000000000122e-05 8.830540000000000056e-01 1.092029999999999927e+04 1.400579999999999927e+03 1.100000000000000000e+01 1.615960000000000000e+05 1.260750000000000000e+04 -5.488740000000000236e+02 1.085950000000000000e+04 -1.076479999999999927e+04 -2.408490000000000146e+04 1.149970000000000073e+04 8.005020000000000024e+00 1.282650000000000068e+00 1.015230000000000000e+07 8.967200000000000000e+06 7.429439999999999600e+01
        DTU_10MW_RWT_turb_12.0.dat 3.791139999999999954e+00 1.005400000000000071e+00 1.074960000000000036e+04 1.281849999999999909e+03 1.200000000000000000e+01 1.505480000000000000e+05 1.842029999999999927e+04 -7.489049999999999727e+02 1.075239999999999964e+04 -1.056620000000000073e+04 -2.202729999999999927e+04 1.149710000000000036e+04 4.623520000000000074e+00 8.931419999999999915e-01 9.960390000000000000e+06 1.000050000000000000e+07 7.445170000000000243e+01
        DTU_10MW_RWT_turb_13.0.dat 6.527510000000000367e+00 1.005409999999999915e+00 1.074960000000000036e+04 1.092940000000000055e+03 1.300000000000000000e+01 1.282530000000000000e+05 1.875759999999999854e+04 -1.290720000000000027e+03 1.073989999999999964e+04 -1.056620000000000073e+04 -1.861309999999999854e+04 1.147210000000000036e+04 3.134560000000000013e+00 7.124549999999999494e-01 9.961260000000000000e+06 1.000050000000000000e+07 7.467619999999999436e+01
        DTU_10MW_RWT_turb_14.0.dat 8.499779999999999447e+00 1.005430000000000046e+00 1.075800000000000000e+04 9.809809999999999945e+02 1.400000000000000000e+01 1.151330000000000000e+05 1.847329999999999927e+04 -1.543640000000000100e+03 1.072379999999999927e+04 -1.056960000000000036e+04 -1.642420000000000073e+04 1.143489999999999964e+04 2.156579999999999941e+00 5.931229999999999558e-01 9.961480000000000000e+06 1.000050000000000000e+07 7.481980000000000075e+01
        DTU_10MW_RWT_turb_15.0.dat 1.015169999999999995e+01 1.005479999999999929e+00 1.077210000000000036e+04 9.012480000000000473e+02 1.500000000000000000e+01 1.060320000000000000e+05 1.784690000000000146e+04 -1.687779999999999973e+03 1.071020000000000073e+04 -1.056789999999999964e+04 -1.475239999999999964e+04 1.139139999999999964e+04 1.404360000000000053e+00 4.997090000000000143e-01 9.962210000000000000e+06 1.000050000000000000e+07 7.492820000000000391e+01
        DTU_10MW_RWT_turb_16.0.dat 1.162770000000000081e+01 1.005530000000000035e+00 1.078720000000000073e+04 8.393970000000000482e+02 1.600000000000000000e+01 9.913710000000000582e+04 1.761500000000000000e+04 -1.753230000000000018e+03 1.067170000000000073e+04 -1.056770000000000073e+04 -1.333910000000000036e+04 1.134000000000000000e+04 7.711780000000000301e-01 4.208040000000000114e-01 9.963110000000000000e+06 1.000050000000000000e+07 7.502079999999999416e+01
        DTU_10MW_RWT_turb_17.0.dat 1.298820000000000086e+01 1.005589999999999984e+00 1.080300000000000000e+04 7.895320000000000391e+02 1.700000000000000000e+01 9.349219999999999709e+04 1.720650000000000000e+04 -1.759660000000000082e+03 1.065710000000000036e+04 -1.056760000000000036e+04 -1.211400000000000000e+04 1.128079999999999927e+04 2.156720000000000026e-01 3.516639999999999766e-01 9.962760000000000000e+06 1.000060000000000000e+07 7.509969999999999857e+01
        DTU_10MW_RWT_turb_18.0.dat 1.426219999999999999e+01 1.005659999999999998e+00 1.082050000000000000e+04 7.485919999999999845e+02 1.800000000000000000e+01 8.917589999999999418e+04 1.640840000000000146e+04 -1.747319999999999936e+03 1.061670000000000073e+04 -1.056700000000000000e+04 -1.102639999999999964e+04 1.121360000000000036e+04 -2.776480000000000059e-01 2.891969999999999819e-01 9.963840000000000000e+06 1.000060000000000000e+07 7.517239999999999611e+01
        DTU_10MW_RWT_turb_19.0.dat 1.547400000000000020e+01 1.005730000000000013e+00 1.084039999999999964e+04 7.141409999999999627e+02 1.900000000000000000e+01 8.551850000000000000e+04 1.554100000000000000e+04 -1.698839999999999918e+03 1.060500000000000000e+04 -1.056579999999999927e+04 -1.005139999999999964e+04 1.114050000000000000e+04 -7.261509999999999909e-01 2.346779999999999977e-01 9.963960000000000000e+06 1.000060000000000000e+07 7.523650000000000659e+01
        DTU_10MW_RWT_turb_20.0.dat 1.663789999999999836e+01 1.005810000000000093e+00 1.086070000000000073e+04 6.848970000000000482e+02 2.000000000000000000e+01 8.266480000000000291e+04 1.563079999999999927e+04 -1.606890000000000100e+03 1.057700000000000000e+04 -1.056360000000000036e+04 -9.153309999999999491e+03 1.105870000000000073e+04 -1.139150000000000107e+00 1.858350000000000002e-01 9.964540000000000000e+06 1.000070000000000000e+07 7.529110000000000014e+01
        DTU_10MW_RWT_turb_21.0.dat 1.775639999999999930e+01 1.005880000000000107e+00 1.088289999999999964e+04 6.602910000000000537e+02 2.100000000000000000e+01 8.036030000000000291e+04 1.515350000000000000e+04 -1.512650000000000091e+03 1.054520000000000073e+04 -1.056339999999999964e+04 -8.325659999999999854e+03 1.097039999999999964e+04 -1.527560000000000029e+00 1.407420000000000060e-01 9.965910000000000000e+06 1.000080000000000000e+07 7.534499999999999886e+01
        DTU_10MW_RWT_turb_22.0.dat 1.883879999999999910e+01 1.005949999999999900e+00 1.090710000000000036e+04 6.390339999999999918e+02 2.200000000000000000e+01 7.847019999999999709e+04 1.458150000000000000e+04 -1.394990000000000009e+03 1.051720000000000073e+04 -1.056329999999999927e+04 -7.557590000000000146e+03 1.087739999999999964e+04 -1.878039999999999932e+00 9.920589999999999964e-02 9.967660000000000000e+06 1.000080000000000000e+07 7.539740000000000464e+01
        DTU_10MW_RWT_turb_23.0.dat 1.988950000000000173e+01 1.006029999999999980e+00 1.093500000000000000e+04 6.206459999999999582e+02 2.300000000000000000e+01 7.695489999999999418e+04 1.408479999999999927e+04 -1.260119999999999891e+03 1.049089999999999964e+04 -1.056100000000000000e+04 -6.830609999999999673e+03 1.077760000000000036e+04 -2.182929999999999815e+00 6.046340000000000048e-02 9.968720000000000000e+06 1.000100000000000000e+07 7.544159999999999400e+01
        DTU_10MW_RWT_turb_24.0.dat 2.091250000000000142e+01 1.006110000000000060e+00 1.096210000000000036e+04 6.047380000000000564e+02 2.400000000000000000e+01 7.581350000000000000e+04 1.378600000000000000e+04 -1.106339999999999918e+03 1.048050000000000000e+04 -1.055639999999999964e+04 -6.143779999999999745e+03 1.067120000000000073e+04 -2.466629999999999878e+00 2.444810000000000039e-02 9.969960000000000000e+06 1.000110000000000000e+07 7.548779999999999291e+01
