Statistics: p99. Generated: 03/11/2021 10:04:21. No. files: 20.
                              File                       4                      10                      11                      13                      15                      19                      20                      22                      23                      27                      28                      29                      63                      66                      72                     102                     110
        DTU_10MW_RWT_turb_05.0.dat 1.896369999999999889e+00 6.280810000000000004e-01 1.334579999999999927e+03 3.416789999999999736e+02 5.000000000000000000e+00 3.488690000000000146e+04 1.438900499999999965e+03 -4.671130000000000109e+03 1.319529999999999973e+03 -1.300619899999999916e+03 -7.119599900000000162e+03 8.869580200000000332e+03 2.900302099999999772e+00 6.923980199999999474e-01 1.239820100000000093e+06 7.787340100000000093e+05 7.476681299999999908e+01
        DTU_10MW_RWT_turb_06.0.dat 8.626709999999999656e-01 6.281210000000000404e-01 2.526780000000000200e+03 4.875749999999999886e+02 6.000000000000000000e+00 5.240859999999999854e+04 2.818720199999999750e+03 -4.081249899999999798e+03 2.511420000000000073e+03 -2.476599999999999909e+03 -9.455919799999999668e+03 9.182360099999999875e+03 4.919139799999998175e+00 9.359500399999999276e-01 2.353210000000000000e+06 1.478180000000000000e+06 7.463111399999999662e+01
        DTU_10MW_RWT_turb_07.0.dat 8.017741700000000234e-05 6.281710000000000349e-01 4.076269999999999982e+03 6.301860000000000355e+02 7.000000000000000000e+00 6.951510000000000582e+04 4.496882999999999811e+03 -3.508269999999999982e+03 4.055370100000000093e+03 -4.004539900000000216e+03 -1.172439999999999964e+04 9.588181599999999889e+03 6.891262300000000174e+00 1.165100000000000025e+00 3.799330000000000000e+06 2.386800100000000093e+06 7.450910300000001030e+01
        DTU_10MW_RWT_turb_08.0.dat 4.800010000000000144e-05 6.445640000000000258e-01 5.816779999999999745e+03 7.537229999999999563e+02 8.000000000000000000e+00 8.436610100000000966e+04 7.324532799999999952e+03 -2.998369799999999941e+03 5.801260800000000017e+03 -5.738079999999999927e+03 -1.365689999999999964e+04 1.005689999999999964e+04 7.962521499999999364e+00 1.285630000000000051e+00 5.409050000000000000e+06 3.487320000000000000e+06 7.442694799999999589e+01
        DTU_10MW_RWT_turb_09.0.dat 4.800000000000000122e-05 7.245819999999999483e-01 7.348390000000000327e+03 9.498469999999999800e+02 9.000000000000000000e+00 1.076640000000000000e+05 8.989191899999999805e+03 -2.235639900000000125e+03 7.319370100000000093e+03 -7.251420000000000073e+03 -1.697290000000000146e+04 1.044800000000000000e+04 7.969711000000000212e+00 1.281660200000000138e+00 6.834680000000000000e+06 4.953210099999999627e+06 7.425010000000000332e+01
        DTU_10MW_RWT_turb_10.0.dat 4.800000000000000122e-05 8.040880000000000249e-01 9.050030000000000655e+03 1.165940000000000055e+03 1.000000000000000000e+01 1.334490099999999802e+05 1.044820299999999952e+04 -1.374559999999999945e+03 8.993070399999998699e+03 -8.930239999999999782e+03 -2.042019900000000052e+04 1.096270000000000073e+04 7.983081199999999988e+00 1.281720100000000029e+00 8.416090000000000000e+06 6.768230000000000000e+06 7.404501199999999983e+01
        DTU_10MW_RWT_turb_11.0.dat 4.800000000000000122e-05 8.830419999999999936e-01 1.091900000000000000e+04 1.400519999999999982e+03 1.100000000000000000e+01 1.614980000000000000e+05 1.216370199999999932e+04 -5.591458499999999958e+02 1.083380099999999948e+04 -1.076860000000000036e+04 -2.411559600000000137e+04 1.149470099999999911e+04 7.988260900000000220e+00 1.281300000000000106e+00 1.014960000000000000e+07 8.963570100000001490e+06 7.381982599999999195e+01
        DTU_10MW_RWT_turb_12.0.dat 3.786580100000000115e+00 1.005360000000000031e+00 1.074250000000000000e+04 1.281500000000000000e+03 1.200000000000000000e+01 1.499130099999999802e+05 1.768170300000000134e+04 -8.193366200000002664e+02 1.071289999999999964e+04 -1.057179999999999927e+04 -2.211959800000000178e+04 1.147779999999999927e+04 4.588370099999999674e+00 8.895360499999999115e-01 9.958770000000000000e+06 1.000030000000000000e+07 7.398460800000000859e+01
        DTU_10MW_RWT_turb_13.0.dat 6.523700199999999505e+00 1.005379999999999940e+00 1.074529999999999927e+04 1.092630000000000109e+03 1.300000000000000000e+01 1.277420000000000000e+05 1.783660899999999674e+04 -1.360747300000000450e+03 1.070150100000000020e+04 -1.057139999999999964e+04 -1.869149299999999857e+04 1.145320000000000073e+04 3.100870999999999711e+00 7.089490400000000303e-01 9.959740099999999627e+06 1.000040000000000000e+07 7.421241100000000301e+01
        DTU_10MW_RWT_turb_14.0.dat 8.495450100000001115e+00 1.005409999999999915e+00 1.075520000000000073e+04 9.806640099999999620e+02 1.400000000000000000e+01 1.146810100000000093e+05 1.760930099999999948e+04 -1.614436200000000554e+03 1.068210000000000036e+04 -1.057229999999999927e+04 -1.649089900000000125e+04 1.141820099999999911e+04 2.127870600000000056e+00 5.902171599999999074e-01 9.960220000000000000e+06 1.000040000000000000e+07 7.435563899999998227e+01
        DTU_10MW_RWT_turb_15.0.dat 1.014710000000000001e+01 1.005460000000000020e+00 1.076970000000000073e+04 9.009170100000000048e+02 1.500000000000000000e+01 1.054810200000000041e+05 1.735530299999999625e+04 -1.753177800000000389e+03 1.066240099999999984e+04 -1.057189999999999964e+04 -1.478210000000000036e+04 1.137529999999999927e+04 1.376731199999999822e+00 4.968990999999999825e-01 9.960670100000001490e+06 1.000040000000000000e+07 7.446450899999999251e+01
        DTU_10MW_RWT_turb_16.0.dat 1.162420100000000112e+01 1.005509999999999904e+00 1.078439999999999964e+04 8.390520099999999957e+02 1.600000000000000000e+01 9.849320699999999488e+04 1.700878599999998914e+04 -1.817779400000000123e+03 1.063340300000000025e+04 -1.057139999999999964e+04 -1.336460000000000036e+04 1.132600000000000000e+04 7.437712399999999446e-01 4.180740000000000012e-01 9.961100099999999627e+06 1.000040000000000000e+07 7.455524399999998764e+01
        DTU_10MW_RWT_turb_17.0.dat 1.298390000000000022e+01 1.005570000000000075e+00 1.079910000000000036e+04 7.892600099999999657e+02 1.700000000000000000e+01 9.305481600000000617e+04 1.621520999999999913e+04 -1.831018500000000131e+03 1.061350000000000000e+04 -1.057110000000000036e+04 -1.214079999999999927e+04 1.126810100000000057e+04 1.914611399999998076e-01 3.492071799999999504e-01 9.960920000000000000e+06 1.000050000000000000e+07 7.463650199999999302e+01
        DTU_10MW_RWT_turb_18.0.dat 1.425910000000000011e+01 1.005640000000000089e+00 1.081629999999999927e+04 7.482789999999999964e+02 1.800000000000000000e+01 8.865270100000000093e+04 1.571476099999998951e+04 -1.807788800000000265e+03 1.058120099999999911e+04 -1.057020000000000073e+04 -1.105609900000000016e+04 1.120240099999999984e+04 -3.010257000000000627e-01 2.878980499999999609e-01 9.961330199999999255e+06 1.000050000000000000e+07 7.470882799999999690e+01
        DTU_10MW_RWT_turb_19.0.dat 1.547180099999999925e+01 1.005710000000000104e+00 1.083470000000000073e+04 7.138790099999999939e+02 1.900000000000000000e+01 8.510380199999999604e+04 1.513238199999998687e+04 -1.752519900000000007e+03 1.055810100000000057e+04 -1.056939999999999964e+04 -1.007639999999999964e+04 1.112950000000000000e+04 -7.490364299999999753e-01 2.339370600000000022e-01 9.961700099999999627e+06 1.000060000000000000e+07 7.477401600000000315e+01
        DTU_10MW_RWT_turb_20.0.dat 1.663470099999999618e+01 1.005779999999999896e+00 1.085510000000000036e+04 6.847190000000000509e+02 2.000000000000000000e+01 8.228320399999999790e+04 1.465700899999999820e+04 -1.668277900000000272e+03 1.053900000000000000e+04 -1.056770000000000073e+04 -9.179768300000001545e+03 1.104880099999999948e+04 -1.163329799999999858e+00 1.849700099999999903e-01 9.962380000000000000e+06 1.000060000000000000e+07 7.483360799999999813e+01
        DTU_10MW_RWT_turb_21.0.dat 1.775400000000000134e+01 1.005849999999999911e+00 1.087800000000000000e+04 6.599320099999999911e+02 2.100000000000000000e+01 7.995220700000000943e+04 1.422770399999999972e+04 -1.563259900000000016e+03 1.051170000000000073e+04 -1.056679999999999927e+04 -8.349769800000001851e+03 1.096180099999999948e+04 -1.548559500000000089e+00 1.400230299999999928e-01 9.963550000000000000e+06 1.000070000000000000e+07 7.488701899999999512e+01
        DTU_10MW_RWT_turb_22.0.dat 1.883680000000000021e+01 1.005929999999999991e+00 1.090260000000000036e+04 6.387050100000000157e+02 2.200000000000000000e+01 7.811281299999999464e+04 1.410684099999999307e+04 -1.439099400000000060e+03 1.048820000000000073e+04 -1.056589999999999964e+04 -7.577209700000000339e+03 1.086850100000000020e+04 -1.883199900000000149e+00 9.854470000000001284e-02 9.964960000000000000e+06 1.000080000000000000e+07 7.494273499999998478e+01
        DTU_10MW_RWT_turb_23.0.dat 1.988789999999999836e+01 1.006010000000000071e+00 1.092870000000000073e+04 6.203570099999999456e+02 2.300000000000000000e+01 7.666082299999998941e+04 1.372910000000000036e+04 -1.297139300000000048e+03 1.046789999999999964e+04 -1.056360000000000036e+04 -6.849359599999999773e+03 1.076889999999999964e+04 -2.187219999999999942e+00 5.991530299999999615e-02 9.966440000000000000e+06 1.000090000000000000e+07 7.498680600000000140e+01
        DTU_10MW_RWT_turb_24.0.dat 2.091120000000000090e+01 1.006089999999999929e+00 1.095600100000000020e+04 6.044809999999999945e+02 2.400000000000000000e+01 7.556602799999999115e+04 1.346270699999999852e+04 -1.136129200000000083e+03 1.045060000000000036e+04 -1.055870000000000073e+04 -6.159079800000000432e+03 1.066220099999999911e+04 -2.471749899999999833e+00 2.379110300000000094e-02 9.967960099999999627e+06 1.000110000000000000e+07 7.502981999999998663e+01
