Statistics: mean. Generated: 03/11/2021 10:04:21. No. files: 20.
                              File                       4                      10                      11                      13                      15                      19                      20                      22                      23                      27                      28                      29                      63                      66                      72                     102                     110
        DTU_10MW_RWT_turb_05.0.dat 1.896370000000000333e+00 6.280003919000000101e-01 1.316949473000000125e+03 3.397003836499999920e+02 5.000000000000000000e+00 3.446849285500000406e+04 1.214674269200000253e+03 -5.049273581499999636e+03 1.311914301499999965e+03 -1.310923283500000025e+03 -7.550128151000000798e+03 3.754914043094999556e+02 2.714919253499999741e+00 6.735212929999999654e-01 1.232281343499999959e+06 7.738729576499999966e+05 4.405230145499999850e+01
        DTU_10MW_RWT_turb_06.0.dat 8.626691409500002461e-01 6.280004627499999881e-01 2.499633457999999791e+03 4.851827858500000161e+02 6.000000000000000000e+00 5.189402322499999718e+04 2.381979280999999901e+03 -4.543997518500000297e+03 2.497284779999999955e+03 -2.491219377500000064e+03 -9.859003988499998741e+03 7.013010666337149814e+02 4.686326384000000012e+00 9.112178133000001790e-01 2.341779666999999899e+06 1.470638135999999940e+06 4.372961465499999179e+01
        DTU_10MW_RWT_turb_07.0.dat 7.815980301000000140e-05 6.280004705500000783e-01 4.036482399999999870e+03 6.274362291999999570e+02 7.000000000000000000e+00 6.896541001500001585e+04 3.897486357499999485e+03 -4.051962974000000031e+03 4.036891595000000507e+03 -4.024705138000000261e+03 -1.210748934499999996e+04 1.124744507470359849e+03 6.604967786999999646e+00 1.134231659999999975e+00 3.783283741500000004e+06 2.375903177500000224e+06 4.342055685999999781e+01
        DTU_10MW_RWT_turb_08.0.dat 4.800000433999999282e-05 6.443233767499999542e-01 5.763585342999999739e+03 7.506060484500000030e+02 8.000000000000000000e+00 8.378883463500000653e+04 5.583284657999999581e+03 -3.641031592499999533e+03 5.762335208500000590e+03 -5.747142230500000551e+03 -1.402967200000000048e+04 1.479095278383199911e+03 7.623350208999999822e+00 1.249098253000000103e+00 5.402398059500000440e+06 3.480883867999999784e+06 4.330614703999999904e+01
        DTU_10MW_RWT_turb_09.0.dat 4.799999999999998766e-05 7.242840436000000937e-01 7.284917894000000160e+03 9.460055458000000499e+02 9.000000000000000000e+00 1.071723443499999994e+05 7.018325338499998907e+03 -3.011604541499999868e+03 7.274158363499998813e+03 -7.262097819499998877e+03 -1.733849986999999965e+04 2.002235418657000309e+03 7.553616876000000424e+00 1.241117615000000063e+00 6.826478206500000320e+06 4.944299090499999933e+06 4.275345583500000402e+01
        DTU_10MW_RWT_turb_10.0.dat 4.799999999999998766e-05 8.037759275500000467e-01 8.975083771499997965e+03 1.161181949500000201e+03 1.000000000000000000e+01 1.329011823499999882e+05 8.617771996999999828e+03 -2.335246292499999981e+03 8.949227531500000623e+03 -8.943637130000000980e+03 -2.090847992999999769e+04 2.574424628994900104e+03 7.474311722000000380e+00 1.232046778499999995e+00 8.407145187999999151e+06 6.757444097500000149e+06 4.230804694999999782e+01
        DTU_10MW_RWT_turb_11.0.dat 4.799999999999998766e-05 8.826622257999999777e-01 1.082723640999999952e+04 1.394502284499999860e+03 1.100000000000000000e+01 1.607899336499999918e+05 1.038291124150000178e+04 -1.616288933300000053e+03 1.078065351999999803e+04 -1.078531065499999931e+04 -2.469996363000000201e+04 3.011183872026379959e+03 7.397334943999998913e+00 1.223229012999999865e+00 1.013835930499999970e+07 8.948725459499999881e+06 4.168643832500000457e+01
        DTU_10MW_RWT_turb_12.0.dat 3.754266213499999782e+00 1.005002882000000097e+00 1.062849156500000026e+04 1.273255615500000204e+03 1.200000000000000000e+01 1.467934567500000121e+05 1.034484262650000164e+04 -2.029231447949999847e+03 1.054282691000000159e+04 -1.058535287000000062e+04 -2.265494611500000246e+04 2.923747915548349738e+03 4.053383156999999848e+00 8.359552754500000349e-01 9.950279103499999270e+06 9.999999317500000820e+06 4.206743671499999948e+01
        DTU_10MW_RWT_turb_13.0.dat 6.494799177500000020e+00 1.005002506000000073e+00 1.062600416500000028e+04 1.084140294000000040e+03 1.300000000000000000e+01 1.248830608000000066e+05 1.042094736650000050e+04 -2.600232261000000108e+03 1.052947408000000178e+04 -1.058540416499999992e+04 -1.921422509499999796e+04 2.910375840979650093e+03 2.588391715499999357e+00 6.579945342499998739e-01 9.950282166999999434e+06 9.999999005999999121e+06 4.262746487500000114e+01
        DTU_10MW_RWT_turb_14.0.dat 8.469929437499999381e+00 1.005002500000000021e+00 1.062505922999999893e+04 9.718417390500000010e+02 1.400000000000000000e+01 1.121000504999999976e+05 1.048497343249999903e+04 -2.908643458000000010e+03 1.051673455500000091e+04 -1.058544944000000032e+04 -1.704779856500000096e+04 2.886177318533299967e+03 1.628849135000000059e+00 5.404864635499999626e-01 9.950280489499999210e+06 9.999999455000000075e+06 4.299465536499999274e+01
        DTU_10MW_RWT_turb_15.0.dat 1.012482035499999888e+01 1.005002554499999867e+00 1.062471723000000020e+04 8.917079776000000493e+02 1.500000000000000000e+01 1.031677024999999994e+05 1.054730491299999994e+04 -3.097954712000000200e+03 1.050470740999999907e+04 -1.058549032500000067e+04 -1.541212747499999932e+04 2.862397172477849836e+03 8.852462700000000018e-01 4.483648118000000959e-01 9.950277685499999672e+06 9.999999259999999776e+06 4.328145479499999482e+01
        DTU_10MW_RWT_turb_16.0.dat 1.160428899000000058e+01 1.005002349500000003e+00 1.062477289500000006e+04 8.296668698000000859e+02 1.600000000000000000e+01 9.641928758000000380e+04 1.061167548849999912e+04 -3.217339075999999750e+03 1.049233729499999936e+04 -1.058553794999999809e+04 -1.407581887500000084e+04 2.841031228591500167e+03 2.597655254521499812e-01 3.708529068499999415e-01 9.950276587999999523e+06 9.999999306500000879e+06 4.354781237499999946e+01
        DTU_10MW_RWT_turb_17.0.dat 1.296583901499999847e+01 1.005002401499999864e+00 1.062487984499999948e+04 7.798079482499999813e+02 1.700000000000000000e+01 9.115882913000001281e+04 1.067591258550000020e+04 -3.283787284499999714e+03 1.047915271000000030e+04 -1.058558003500000086e+04 -1.293902058000000034e+04 2.816399321697299911e+03 -2.819760550817034250e-01 3.029849256499999588e-01 9.950272619000000879e+06 9.999999696499999613e+06 4.375768154499999696e+01
        DTU_10MW_RWT_turb_18.0.dat 1.424321725000000072e+01 1.005002297999999961e+00 1.062544476499999837e+04 7.386638843000000634e+02 1.800000000000000000e+01 8.697069844999999623e+04 1.073920642250000128e+04 -3.313083257499999945e+03 1.046558991500000047e+04 -1.058562610500000119e+04 -1.194575791500000014e+04 2.787149362683849631e+03 -7.638774743499999742e-01 2.420408712000000351e-01 9.950270289999999106e+06 9.999999936499999836e+06 4.397278562999999707e+01
        DTU_10MW_RWT_turb_19.0.dat 1.545741987000000073e+01 1.005002615999999849e+00 1.062575210300000072e+04 7.039916869999999562e+02 1.900000000000000000e+01 8.359526619500000379e+04 1.080632406599999922e+04 -3.309914178499999707e+03 1.045166107000000011e+04 -1.058566518999999971e+04 -1.105984581500000058e+04 2.754726013935649917e+03 -1.201887177300000165e+00 1.866219621499999870e-01 9.950264427999999374e+06 9.999999576999999583e+06 4.414338032999999939e+01
        DTU_10MW_RWT_turb_20.0.dat 1.662080846499999964e+01 1.005002388000000080e+00 1.062633932199999981e+04 6.744194281000000046e+02 2.000000000000000000e+01 8.086539253499999177e+04 1.088274933900000178e+04 -3.280044482000000244e+03 1.043748645500000021e+04 -1.058571617999999944e+04 -1.025914254699999947e+04 2.720387270389510377e+03 -1.604693107499999938e+00 1.356531524000000044e-01 9.950265471499999985e+06 9.999999885500000790e+06 4.431815725999999955e+01
        DTU_10MW_RWT_turb_21.0.dat 1.774104309500000198e+01 1.005002236499999979e+00 1.062708383900000081e+04 6.489046766999999818e+02 2.100000000000000000e+01 7.865812854999999399e+04 1.096887658799999917e+04 -3.227684466000000612e+03 1.042313082000000031e+04 -1.058577084000000104e+04 -9.528853502499998285e+03 2.684900513797300391e+03 -1.977608531999999864e+00 8.846346552499999294e-02 9.950265785000000149e+06 9.999999575999999419e+06 4.449005162500000665e+01
        DTU_10MW_RWT_turb_22.0.dat 1.882446398000000087e+01 1.005002452000000046e+00 1.062788069999999971e+04 6.267286926499999709e+02 2.200000000000000000e+01 7.688902678000000014e+04 1.106325603050000063e+04 -3.156306254499999795e+03 1.040857142000000022e+04 -1.058582239999999911e+04 -8.856786116999997830e+03 2.648325426673499805e+03 -2.325240408500000022e+00 4.446987757779550382e-02 9.950262532999999821e+06 1.000000059050000086e+07 4.464132374999999087e+01
        DTU_10MW_RWT_turb_23.0.dat 1.987608973999999762e+01 1.005002670999999959e+00 1.062853026700000191e+04 6.073471658500000103e+02 2.300000000000000000e+01 7.549372266499997932e+04 1.116417791999999827e+04 -3.065458282499999768e+03 1.039374400500000047e+04 -1.058587431999999899e+04 -8.233047278000000006e+03 2.610405030786850148e+03 -2.651261944499999856e+00 3.208318074136500692e-03 9.950258547499999404e+06 1.000000113499999978e+07 4.477915915500000210e+01
        DTU_10MW_RWT_turb_24.0.dat 2.089947898000000137e+01 1.005002799499999933e+00 1.062893394500000068e+04 5.903549755999998752e+02 2.400000000000000000e+01 7.442731643999999505e+04 1.127424532099999851e+04 -2.957126803500000278e+03 1.037866830499999924e+04 -1.058591440999999941e+04 -7.650709954500000094e+03 2.570965470187499704e+03 -2.958191133499999737e+00 -3.563911735767399946e-02 9.950257491499999538e+06 9.999999717499999329e+06 4.491070575500000217e+01
