Statistics: std. Generated: 11/11/2020 09:01:37. No. files: 120.
                              File                       4                      10                      13                      15                      19                      20                      22                      23                      27                      28                      29                      72                     102                     110
  dtu_10mw_rwt_turb_10.0_14324.dat 3.545548679491321645e-03 4.526936437634071497e-02 1.411703890935271204e+02 1.569575662387452164e+00 2.086442433002727921e+04 5.668396030782912021e+03 4.365375788683080827e+03 1.025283313418175567e+03 9.635924030997595082e+02 3.591012330682558513e+03 6.235015720934098681e+03 9.046883162035297137e+05 1.171038561199149117e+06 1.974440273660119161e+01
  dtu_10mw_rwt_turb_10.0_26862.dat 2.271448688729401160e-08 6.217544568935209903e-02 1.855277273401013929e+02 1.566547854217234415e+00 2.430213090601055228e+04 4.066820141732257525e+03 3.496546129120994010e+03 1.382685840238261335e+03 1.350659231969363645e+03 3.938700995108829375e+03 6.271862881011213176e+03 1.269144150317637483e+06 1.619360927117443411e+06 1.995646016134564960e+01
  dtu_10mw_rwt_turb_10.0_47824.dat 1.623802023328657293e-02 6.164314406894714354e-02 1.829375878343993520e+02 1.574983182148555372e+00 2.672302105208019566e+04 8.325807976471200163e+03 2.968638767883644960e+03 1.512586675686933177e+03 1.456018233737661149e+03 3.851572875519634636e+03 6.389380228428646660e+03 1.368585708829084877e+06 1.369600175645618234e+06 1.970906802903666488e+01
  dtu_10mw_rwt_turb_10.0_51321.dat 1.158095169825656301e+00 8.884251000726661740e-02 2.179227088307241615e+02 1.988948781612073446e+00 2.754503943744916978e+04 5.510481831122375297e+03 4.240124121880193343e+03 1.464132903928704764e+03 1.515313885267787327e+03 4.548875645561405690e+03 6.330355864538932110e+03 1.423452661226093303e+06 1.878125710926829604e+06 1.997535553758657656e+01
  dtu_10mw_rwt_turb_10.0_52263.dat 4.375035801516079410e-03 6.370029030823677607e-02 1.903811103272553851e+02 1.909250734873888744e+00 2.457299330028171244e+04 4.187807920914474380e+03 2.894322310107150770e+03 1.541542254660648496e+03 1.400974704878372222e+03 3.964777417191950917e+03 6.308750397326111852e+03 1.316833346011963207e+06 1.577940458959944546e+06 1.976700261944006698e+01
  dtu_10mw_rwt_turb_10.0_55769.dat 4.486731583606795581e-01 8.338476508015330024e-02 2.157646209217315061e+02 1.828521112121260561e+00 2.832729947621239990e+04 7.258627809261275615e+03 4.587721506364240668e+03 1.161386288233197547e+03 1.268167214048384494e+03 5.050968258607981625e+03 6.618148520828125584e+03 1.179041718601102242e+06 1.697196417020244058e+06 1.994895591596669959e+01
  dtu_10mw_rwt_turb_11.0_21716.dat 2.656864611820347388e+00 9.386067392855723668e-02 1.983037691586028473e+02 1.719994533164131312e+00 2.470214377303743458e+04 6.405377936903807495e+03 4.672618149475880273e+03 1.072829769746991815e+03 1.120058881868734261e+03 4.589571415180733311e+03 6.458571407086184990e+03 1.018841322203346994e+06 1.610006457948449999e+06 1.986795928079251894e+01
  dtu_10mw_rwt_turb_11.0_40322.dat 1.562305883331720935e+00 8.343176185237512199e-02 1.684268869271654978e+02 1.831544333079154763e+00 2.253384389811513029e+04 4.994708464630229173e+03 4.381352761651097353e+03 9.183617087684314129e+02 8.933523833003080199e+02 4.000985441433439519e+03 6.311712341224086231e+03 8.266368809050153941e+05 1.369250762519305805e+06 1.998530899090619073e+01
  dtu_10mw_rwt_turb_11.0_43619.dat 2.689792418992552836e+00 8.167660449378881526e-02 1.987738297898607414e+02 2.147135090608253805e+00 2.605659845163220234e+04 7.223159178420769422e+03 5.134026370509193839e+03 1.382405869167426545e+03 1.140077068273108807e+03 4.994554354534913728e+03 6.538758969931031061e+03 1.061944433011292014e+06 1.570411025608377066e+06 1.993299203895154648e+01
  dtu_10mw_rwt_turb_11.0_47165.dat 1.542810456035495603e+00 9.012721212502260160e-02 1.821267297686167126e+02 1.965295555567094121e+00 2.407318003884061545e+04 6.404719188976082478e+03 4.836920743563241558e+03 1.287010510442490158e+03 1.062273714662862403e+03 4.489717460355623189e+03 6.187793480833322974e+03 9.887881823230988812e+05 1.582806029015506152e+06 1.996266466956401331e+01
  dtu_10mw_rwt_turb_11.0_47952.dat 1.355252715606880543e-20 3.207758178594899423e-02 1.100759410010302020e+02 1.762331397545041423e+00 1.658396862619741296e+04 3.977465102104908510e+03 4.111181782636783282e+03 8.451322010160182572e+02 6.834510676175261779e+02 3.530801280313030475e+03 6.478639600535029786e+03 6.411015898357960396e+05 8.603565130890817381e+05 2.004052310984921803e+01
  dtu_10mw_rwt_turb_11.0_50292.dat 1.658231050653928840e+00 9.600703840038743442e-02 2.022326237819500250e+02 2.056175834657459234e+00 2.596589390038719284e+04 5.185813939472547645e+03 3.781859656507529053e+03 1.535361214987628955e+03 1.358427734808729156e+03 4.646692294387957190e+03 6.494098038061466468e+03 1.270745642882273532e+06 1.866328176131372107e+06 1.985066408665888460e+01
  dtu_10mw_rwt_turb_12.0_14324.dat 2.247488727457278124e+00 2.122444403480209379e-02 2.000284194160136337e+02 1.795357431259170244e+00 2.262290562488576688e+04 5.291267715960963869e+03 4.523026029805447251e+03 4.523487087835844136e+02 3.053910809074329222e+02 4.906067957045112962e+03 6.286614184749147171e+03 2.140773910574511392e+05 6.236077519495052002e+03 1.971166896531775947e+01
  dtu_10mw_rwt_turb_12.0_26862.dat 2.710550424829972993e+00 3.258711721295107222e-02 1.969454368032259879e+02 1.753312149182425284e+00 2.302759853689056035e+04 5.178866457672892466e+03 3.735368462533347156e+03 4.792557083188959268e+02 3.175205283823104310e+02 4.785795285263624464e+03 6.371744275671045216e+03 2.490397641094996070e+05 1.275978598179613036e+05 1.975291440158978062e+01
  dtu_10mw_rwt_turb_12.0_47824.dat 1.483639808701401774e+00 9.573106748204514294e-02 2.120984281696197229e+02 1.725427226244152790e+00 2.604968269375045202e+04 4.292099251842999365e+03 3.942311549056633339e+03 1.350949317947304280e+03 1.350728036626160701e+03 4.601233635961421896e+03 6.484590130953612061e+03 1.261051831626213621e+06 1.819683034666731721e+06 2.006882091787544198e+01
  dtu_10mw_rwt_turb_12.0_51321.dat 3.471587700382941399e+00 6.133890927484191014e-02 2.177686800439576871e+02 2.248704643882478038e+00 2.678137146587991083e+04 5.958070074025131362e+03 5.301539316547249655e+03 7.139677627276330441e+02 4.921036903620818634e+02 5.302651852845497160e+03 6.420102813332415280e+03 4.408899250568154384e+05 7.050335967767245602e+05 1.987260245703431139e+01
  dtu_10mw_rwt_turb_12.0_52263.dat 2.713437008477228130e+00 6.145335072890061034e-02 1.734138980477376322e+02 2.109591125489739927e+00 2.208698891498675584e+04 7.100958639911073988e+03 3.836806148611150093e+03 6.195385624196468370e+02 4.603742850583568611e+02 4.394033380523510459e+03 6.386695746579770457e+03 4.124061576989555033e+05 7.202051639173520962e+05 1.991221270906229535e+01
  dtu_10mw_rwt_turb_12.0_55769.dat 2.690360674462398016e+00 4.094166848564204098e-02 1.923761465677818876e+02 2.025321761091824158e+00 2.345405604593272801e+04 6.114920503114577514e+03 4.977582701050019750e+03 7.412022466176141506e+02 4.157114085846192779e+02 5.315554919130850976e+03 6.669472479205293894e+03 2.621204601561042364e+05 4.312219691639885423e+05 1.970114407331863049e+01
  dtu_10mw_rwt_turb_13.0_21716.dat 3.517333186296978553e+00 4.655812520704435964e-02 2.242652337597141354e+02 1.992303711093630136e+00 2.843247446808378299e+04 1.183306859515197903e+04 5.374287296482362763e+03 6.610070873704243013e+02 5.459445827756052267e+02 5.319763090091606500e+03 6.535875272238211437e+03 3.351283940042780596e+05 4.833538819552744390e+05 1.952076726779853288e+01
  dtu_10mw_rwt_turb_13.0_40322.dat 2.408052738862357156e+00 1.565718374144157640e-02 1.758395938555977978e+02 2.027521341256234066e+00 1.983186344953408116e+04 6.229109824121582278e+03 4.671037651480649401e+03 4.894292099872218387e+02 2.888831344074359322e+02 4.755232314470217716e+03 6.363439833859288228e+03 1.581311550503327744e+05 7.138721243479511941e+03 1.956846054657974321e+01
  dtu_10mw_rwt_turb_13.0_43619.dat 3.125799531553184796e+00 2.335169943764245706e-02 2.278297276881982611e+02 2.332402788724976084e+00 2.644822785250530069e+04 4.761429852742351613e+03 5.097266027486060011e+03 5.440841383932145163e+02 5.390702394414583978e+02 5.564302745488297660e+03 6.534379046053757520e+03 2.448393628367802885e+05 2.841364189439319307e+04 1.962120958770289647e+01
  dtu_10mw_rwt_turb_13.0_47165.dat 3.082098888623519883e+00 2.467452572880631662e-02 2.261531599688853476e+02 2.174987422044513785e+00 2.772787192192222938e+04 4.804819599692409611e+03 5.612463480924700889e+03 6.005772802709461757e+02 4.314736322277746012e+02 5.561127932528464044e+03 6.254402800284264231e+03 2.547055718676985125e+05 2.216801523025878851e+04 1.961141321490572409e+01
  dtu_10mw_rwt_turb_13.0_47952.dat 1.237802232389038748e+00 1.508918161120600780e-02 1.213934051418537337e+02 1.934079645117134483e+00 1.653026934654872821e+04 6.862279262836508678e+03 4.724134101181564802e+03 5.335309223265911669e+02 2.931636042114870406e+02 4.078059866722924198e+03 6.506806043345502985e+03 1.520490890260495944e+05 7.455655562930107408e+03 1.965270790030758619e+01
  dtu_10mw_rwt_turb_13.0_50292.dat 3.431520057892434306e+00 4.855740401846676824e-02 2.263735011519138993e+02 2.266443853406383546e+00 2.818808996971012311e+04 5.112344562897359538e+03 4.460783556379780748e+03 5.777639950461818898e+02 3.975620475631708359e+02 5.632383599073886217e+03 6.586736204232591263e+03 2.927621222095155972e+05 4.584789956241102191e+05 1.977295291407355293e+01
  dtu_10mw_rwt_turb_14.0_14324.dat 1.541325799859860624e+00 2.166273789316882845e-02 1.284018636343374169e+02 2.026538045993227399e+00 1.535177542575273037e+04 1.150300507364618170e+04 4.964429055024351328e+03 5.287890702663403317e+02 4.237401215514387331e+02 4.367661116544876677e+03 6.370596861883307611e+03 2.213632461892614374e+05 1.073453822029276853e+04 1.917014516798175805e+01
  dtu_10mw_rwt_turb_14.0_26862.dat 1.686740996307477758e+00 1.627615323764818392e-02 1.120901546886207996e+02 1.949217106292015389e+00 1.411686706079501164e+04 5.989247796256434412e+03 4.222482169732496914e+03 4.557113144455456109e+02 2.877850723806071755e+02 4.157801451190471198e+03 6.443568140423861223e+03 1.643501468351898657e+05 6.962156610900573469e+03 1.922358991179468291e+01
  dtu_10mw_rwt_turb_14.0_47824.dat 3.140484865807792847e+00 4.579248340174578435e-02 1.978961742723084569e+02 1.882333855742414519e+00 2.531541157755701715e+04 6.105163713574997928e+03 4.841709729671631976e+03 6.186321788456192508e+02 3.419221778376062844e+02 5.082239684473556736e+03 6.553336534623575972e+03 2.726859466488447506e+05 4.081574968213593820e+05 1.974067161462098596e+01
  dtu_10mw_rwt_turb_14.0_51321.dat 2.721381815095651913e+00 2.445282793863028450e-02 1.710566135553027323e+02 2.500510644373863833e+00 2.170390969044270241e+04 8.916698946162276116e+03 5.739137216122585414e+03 6.430247628184600899e+02 4.422965102290058326e+02 5.148772242121176532e+03 6.473834356520960682e+03 2.490903446023306169e+05 1.083658056706072784e+04 1.937100447345368082e+01
  dtu_10mw_rwt_turb_14.0_52263.dat 2.205302773736609545e+00 2.023650513158482128e-02 1.495652283294058691e+02 2.310702824956301082e+00 2.005591759468801683e+04 4.676732176395941678e+03 4.402400277904088398e+03 5.404709080618202961e+02 3.273040325154810830e+02 4.568365686475242001e+03 6.469883217694477935e+03 2.031704477509375720e+05 7.504625342576692674e+03 1.939941200031969615e+01
  dtu_10mw_rwt_turb_14.0_55769.dat 2.095977057359622364e+00 2.067728471999082801e-02 1.495681534280798815e+02 2.227340880786872646e+00 1.891957404958679763e+04 8.086173084053099046e+03 5.372680856351658804e+03 7.835618737357916643e+02 3.366429017267180370e+02 5.223054964267679679e+03 6.749954758489383494e+03 2.078058425800991536e+05 7.798673028509144387e+03 1.922195726699590423e+01
  dtu_10mw_rwt_turb_15.0_21716.dat 2.821243013472078065e+00 2.654738182248730927e-02 1.767841940434603032e+02 2.262372862163347431e+00 2.309042157115144801e+04 1.110196926662602164e+04 5.578131007847517139e+03 6.219653815584160839e+02 4.270644287140898427e+02 5.066800130193073528e+03 6.601056414579898046e+03 2.728517192679919535e+05 9.521339174449405618e+03 1.911652311192292331e+01
  dtu_10mw_rwt_turb_15.0_40322.dat 1.735710870002369788e+00 1.722580713740734515e-02 1.116462144514970163e+02 2.223645163270636882e+00 1.371923697495069973e+04 7.867324113370264968e+03 5.352079109532575785e+03 5.520978276692171676e+02 2.928556171200872313e+02 4.286882723024241386e+03 6.420839987025824485e+03 1.738546334256164846e+05 6.935554561049701988e+03 1.913377965260803748e+01
  dtu_10mw_rwt_turb_15.0_43619.dat 2.267104261834517853e+00 2.317132114313306956e-02 1.457049248934953880e+02 2.519881206964096787e+00 1.805880808602804609e+04 8.429768515023190048e+03 5.321160839723486788e+03 5.922024737321415842e+02 4.863730785407336725e+02 4.894112534482929732e+03 6.612876004446882689e+03 2.358917722631592478e+05 1.270571478872477928e+04 1.918445071880394792e+01
  dtu_10mw_rwt_turb_15.0_47165.dat 2.229691468932440301e+00 2.398135732778271245e-02 1.512406241503136073e+02 2.372114024941505139e+00 1.969955707182423430e+04 1.218243282258543877e+04 5.763327488513778007e+03 6.458198653079577980e+02 4.281039895715823604e+02 4.952070421294186417e+03 6.344917473548572161e+03 2.426010206159426889e+05 1.041228674450632934e+04 1.915423862685101852e+01
  dtu_10mw_rwt_turb_15.0_47952.dat 1.005739885588351701e+00 1.685244145036522354e-02 1.019547057927195652e+02 2.116414424558207941e+00 1.557073248832511490e+04 1.094164928550612967e+04 5.184925434598540051e+03 6.251100457601552307e+02 3.039789786954555098e+02 4.200417139098195548e+03 6.570868228126648319e+03 1.696532248296701873e+05 7.481496052873203553e+03 1.920546515050913072e+01
  dtu_10mw_rwt_turb_15.0_50292.dat 2.445063570430101141e+00 2.108093044656179221e-02 1.496638114517143663e+02 2.484115945058670505e+00 1.893359171451708971e+04 6.664283637579173956e+03 4.546933086463708605e+03 6.125730023588649829e+02 4.149379330753706085e+02 4.941968642171771535e+03 6.627262800585975128e+03 2.127918220217354537e+05 1.055924110311813820e+04 1.928860471925258224e+01
  dtu_10mw_rwt_turb_16.0_14324.dat 1.451908405699285698e+00 2.523552436899048970e-02 1.181836950045650525e+02 2.259066918961987636e+00 1.476435447227175791e+04 1.448383529629318036e+04 5.370583053969276079e+03 6.056879932943784297e+02 4.646050809502591505e+02 4.602264776110861931e+03 6.453722071441465232e+03 2.577669176095160656e+05 1.143045210424270772e+04 1.881558026497786074e+01
  dtu_10mw_rwt_turb_16.0_26862.dat 1.507395392188623839e+00 1.909860930458065140e-02 9.500845703622891847e+01 2.142589431436431546e+00 1.312399498422717079e+04 8.655517848875473646e+03 4.670119701303717193e+03 5.143055660805717935e+02 3.073174386398061415e+02 4.276870809462036050e+03 6.547286656319474787e+03 1.925356046715365665e+05 6.998932413934372562e+03 1.888344201611051432e+01
  dtu_10mw_rwt_turb_16.0_47824.dat 2.167264734111146396e+00 1.904454919626031792e-02 1.349615994804387640e+02 2.042133547488911294e+00 1.839766342942279516e+04 1.271024144278916901e+04 5.079514889398103151e+03 6.701214458622379198e+02 3.227838439066107981e+02 4.605366415677806799e+03 6.614527127724793900e+03 1.949103087767553516e+05 7.551334200671729377e+03 1.928234809369098457e+01
  dtu_10mw_rwt_turb_16.0_51321.dat 2.353785373608058951e+00 2.761329921005246935e-02 1.292962152268306966e+02 2.734649481632871915e+00 1.763315389874625544e+04 8.307249506699441554e+03 6.153967777878663583e+03 6.887713411480656305e+02 4.564004793658154426e+02 5.060349137162364059e+03 6.568167029946503135e+03 2.805727575699488516e+05 1.056143637566237339e+04 1.901727893720314455e+01
  dtu_10mw_rwt_turb_16.0_52263.dat 1.880659621501657552e+00 2.249870980460962067e-02 1.144608915423766575e+02 2.509046675100864210e+00 1.667281563917265521e+04 5.443461520450477110e+03 4.746462135981213578e+03 5.961637885676201449e+02 3.799385936008438307e+02 4.393277524172349331e+03 6.562326395662264076e+03 2.262859595925211615e+05 8.966805630598792050e+03 1.901720415550587973e+01
  dtu_10mw_rwt_turb_16.0_55769.dat 1.833855394949732043e+00 2.367957322624429650e-02 1.259633494028993113e+02 2.426262505243022893e+00 1.684470973934438007e+04 9.890474352394499874e+03 5.742715705797699229e+03 8.506873583065087132e+02 3.853629615309895939e+02 5.265513822039755723e+03 6.863997662560982462e+03 2.382481477891057730e+05 8.858870836397549283e+03 1.889015873349907437e+01
  dtu_10mw_rwt_turb_17.0_21716.dat 2.521654650556886867e+00 2.942687874395645900e-02 1.402397261103568837e+02 2.526407975406125495e+00 1.961474583294219701e+04 1.118896205214105066e+04 5.923962657614900309e+03 6.602219914885574781e+02 4.571282312971341071e+02 4.918521545354391492e+03 6.695700449069670867e+03 3.036099937870056019e+05 9.854148079866192347e+03 1.879649999744999533e+01
  dtu_10mw_rwt_turb_17.0_40322.dat 1.606491869584089516e+00 1.980653164115557183e-02 1.009363395314084926e+02 2.423016887275294184e+00 1.348325578006060277e+04 6.457098337959367200e+03 5.921185454482808382e+03 6.047536222745258101e+02 3.242581553242031305e+02 4.696118649135893065e+03 6.521833955769933709e+03 1.993913991479469114e+05 7.484096527401130515e+03 1.882583326051246431e+01
  dtu_10mw_rwt_turb_17.0_43619.dat 2.041374254183540682e+00 2.647344880462806568e-02 1.233909132716318737e+02 2.713306895791524287e+00 1.656090840881055192e+04 7.559326351117881131e+03 5.564631222969231203e+03 6.172305311109616923e+02 3.923858118269604347e+02 4.805531265691220142e+03 6.680396131976811375e+03 2.657591136552686803e+05 8.302212925695246668e+03 1.886783926375426645e+01
  dtu_10mw_rwt_turb_17.0_47165.dat 2.037620561347910808e+00 2.722041181948567368e-02 1.300164734793311254e+02 2.573114135422006843e+00 1.792971372174294083e+04 8.369624616157712808e+03 5.977086569459185739e+03 6.557372036423548707e+02 4.647936291723602267e+02 5.013416089491298408e+03 6.411610002302899375e+03 2.750733916632816545e+05 1.100350873892941490e+04 1.880703343009961159e+01
  dtu_10mw_rwt_turb_17.0_47952.dat 9.842890249182739693e-01 1.919382437652277298e-02 1.004738632878327849e+02 2.301391078764650100e+00 1.642680054434624253e+04 1.414652981454374822e+04 5.668817563858327958e+03 7.150191151335563973e+02 3.447625765417047319e+02 4.539846807297200030e+03 6.654129540226462268e+03 1.934185076069999195e+05 8.454394770503655309e+03 1.888172889129127086e+01
  dtu_10mw_rwt_turb_17.0_50292.dat 2.206112436225873719e+00 2.428909399343967546e-02 1.233290088068193313e+02 2.705908875659854829e+00 1.666364753649191334e+04 8.219420144014657126e+03 4.862250823501484774e+03 6.820041987692142129e+02 3.965943718904784419e+02 4.881997689028984496e+03 6.712669162029060317e+03 2.433329418045773637e+05 9.121304543327463762e+03 1.894314976929150163e+01
  dtu_10mw_rwt_turb_18.0_14324.dat 1.440056725315701058e+00 2.925150042070672612e-02 1.163844381598449758e+02 2.502411951516047672e+00 1.515834515704171281e+04 1.261946140370525245e+04 5.830766563764651437e+03 6.331327938704583858e+02 5.001039860573388864e+02 4.973279141390042241e+03 6.559894597285910095e+03 2.987710609903646982e+05 1.183087617161576418e+04 1.854176037031711743e+01
  dtu_10mw_rwt_turb_18.0_26862.dat 1.454174000527101551e+00 2.236616469727810072e-02 9.058423238857011484e+01 2.343182708197929287e+00 1.376566246549902098e+04 9.889690269812668703e+03 5.142823914343914112e+03 5.694783471746491159e+02 3.705738976276373364e+02 4.658960416516360965e+03 6.668107437872325136e+03 2.262311494074216462e+05 8.595044495805605038e+03 1.860373563907046801e+01
  dtu_10mw_rwt_turb_18.0_47824.dat 1.885287946102300882e+00 2.197431578251097042e-02 1.120014331560975052e+02 2.217530967976996781e+00 1.598999066601052800e+04 9.551251061806131474e+03 5.421494015248516007e+03 6.900668369123164894e+02 3.605880940932036651e+02 4.661575242238367537e+03 6.714618836551157074e+03 2.246791993134081713e+05 8.281743235323177942e+03 1.896519150295467782e+01
  dtu_10mw_rwt_turb_18.0_51321.dat 2.259140204526607132e+00 3.142864391983560962e-02 1.181737407956344015e+02 2.969885827597788186e+00 1.730003470215701236e+04 1.222179389254349553e+04 6.594903826836772168e+03 7.764585910635504433e+02 5.225795918432529561e+02 5.331887541196609163e+03 6.663616491671868062e+03 3.203156590275344788e+05 1.217718171776775853e+04 1.873026928479526632e+01
  dtu_10mw_rwt_turb_18.0_52263.dat 1.804796642060317424e+00 2.592230048432762543e-02 1.052621821085116380e+02 2.717424736106968552e+00 1.676633961427727263e+04 1.264223351831828404e+04 5.143001998156238187e+03 7.028371431400987603e+02 4.095057748238526756e+02 4.719807162754556884e+03 6.702928515462059295e+03 2.603825304725973110e+05 9.197129888611385468e+03 1.874402917183719453e+01
  dtu_10mw_rwt_turb_18.0_55769.dat 1.752508314299160874e+00 2.706344097372337387e-02 1.212976957621639400e+02 2.632012291786430147e+00 1.753099069975785096e+04 1.691062135884420059e+04 6.122825079126771016e+03 9.585649703020226298e+02 4.308646076555796185e+02 5.483532690845398974e+03 6.954688976305144934e+03 2.724983815780085279e+05 9.721025870933119222e+03 1.859838310621684698e+01
  dtu_10mw_rwt_turb_19.0_21716.dat 2.420546401489263921e+00 3.329973199999948508e-02 1.282851409441267378e+02 2.781635208143520721e+00 1.953977642888875562e+04 1.460573557445699589e+04 6.253438522541371640e+03 7.372196892299842830e+02 5.189143177792924462e+02 5.055129669460358855e+03 6.792585979156141548e+03 3.461701749445703463e+05 1.115771578594830498e+04 1.852455637816046519e+01
  dtu_10mw_rwt_turb_19.0_40322.dat 1.569329090555609429e+00 2.280747700724356300e-02 1.006085893869510670e+02 2.618418897697590619e+00 1.447440129482267730e+04 9.061283578080503503e+03 6.438881704130487378e+03 6.835059027121399140e+02 3.724554063188715531e+02 5.066594288113004040e+03 6.600478233411703513e+03 2.297334406891073450e+05 8.585841241899433953e+03 1.856925993726820678e+01
  dtu_10mw_rwt_turb_19.0_43619.dat 1.944753246756655063e+00 3.011300610210174838e-02 1.147980784433438686e+02 2.905191992571198867e+00 1.612699751534565439e+04 8.804969196205196567e+03 5.794453978933192957e+03 6.563785145471846363e+02 4.654261834194333574e+02 5.043565443323936051e+03 6.764173834554423593e+03 3.027083011059972341e+05 1.028707026754619255e+04 1.860200078488144015e+01
  dtu_10mw_rwt_turb_19.0_47165.dat 1.961852105294545012e+00 3.075431893513065618e-02 1.226643376857375358e+02 2.772632648785239518e+00 1.794963312054335256e+04 1.012285846686666991e+04 6.226726184152666974e+03 7.068309594630280799e+02 4.717697271074725336e+02 5.205754328783843448e+03 6.500612730486773216e+03 3.105407999415546656e+05 1.033171570594325567e+04 1.854246431966712194e+01
  dtu_10mw_rwt_turb_19.0_47952.dat 1.005328602742161737e+00 2.203711165479494555e-02 1.040518062257121699e+02 2.483603565582333417e+00 1.784493128883155805e+04 1.654338862717228039e+04 6.111478818664449136e+03 7.943308331348214324e+02 4.150209087058015029e+02 4.851658597097575694e+03 6.780742919324765353e+03 2.228010252606287249e+05 1.039391031786015992e+04 1.861778531260770109e+01
  dtu_10mw_rwt_turb_19.0_50292.dat 2.119169531949162355e+00 2.754796074196438557e-02 1.136799565699864587e+02 2.918202848544136252e+00 1.594027903215344668e+04 8.151529841485610632e+03 5.179168031290930230e+03 7.348365199828760979e+02 5.003171476650449563e+02 5.148532740367159022e+03 6.816598080998189289e+03 2.766103546917304629e+05 1.232531169819007846e+04 1.867839730387739294e+01
  dtu_10mw_rwt_turb_20.0_14324.dat 1.429387423904929788e+00 3.313556617120849701e-02 1.189827172401034971e+02 2.731412161689722229e+00 1.585665236556309173e+04 1.318553538747118728e+04 6.230879585537846651e+03 6.907256468125276569e+02 5.203887936912675514e+02 5.445933546986201691e+03 6.649545993056965926e+03 3.379974971113252686e+05 1.155761847238838527e+04 1.831043774682277103e+01
  dtu_10mw_rwt_turb_20.0_26862.dat 1.429119022885698698e+00 2.552186086174091512e-02 8.966199071355202932e+01 2.528301970489200468e+00 1.513241000004410489e+04 1.204239715247019194e+04 5.615565033117401981e+03 6.331418726139972932e+02 3.942347759014987787e+02 5.045521236071275780e+03 6.748503249200352911e+03 2.581890709885958640e+05 8.655489976470938927e+03 1.835781127913003630e+01
  dtu_10mw_rwt_turb_20.0_47824.dat 1.784498158591494077e+00 2.483225918827990791e-02 1.061927826181482004e+02 2.386715633541890202e+00 1.590424531463096537e+04 1.276392448053114094e+04 5.764381557919707120e+03 7.516360987567087477e+02 3.940540269283330304e+02 4.905800657583727116e+03 6.782965550737534613e+03 2.538377722926778661e+05 8.763008536380793885e+03 1.869301816961989005e+01
  dtu_10mw_rwt_turb_20.0_51321.dat 2.209080011786995090e+00 3.497975936574638373e-02 1.149360091636001613e+02 3.179476161598164818e+00 1.792234862222587253e+04 1.288553106529133947e+04 6.942259190337733344e+03 8.341103749200410675e+02 5.718118241548188507e+02 5.436408005179442625e+03 6.726008497642794282e+03 3.567993087773927255e+05 1.314635811860775357e+04 1.847537801888763909e+01
  dtu_10mw_rwt_turb_20.0_52263.dat 1.750754289780145578e+00 2.912649189271363306e-02 1.018087238817290512e+02 2.905894408354833924e+00 1.654979912140817396e+04 1.198562508889989840e+04 5.578526040054402984e+03 7.505321277139198628e+02 5.382049611095421824e+02 5.077933275994577343e+03 6.801226757210314645e+03 2.945887265613504569e+05 1.339730680633019074e+04 1.849441789248276891e+01
  dtu_10mw_rwt_turb_20.0_55769.dat 1.708679220845499946e+00 3.094691661516942374e-02 1.201839997474434654e+02 2.819055620233594794e+00 1.801228173317562687e+04 1.424547295847194982e+04 6.471570845635447768e+03 9.836837614854644016e+02 4.872009853791017804e+02 5.695174253073486398e+03 7.138659126641556213e+03 3.109029944742730004e+05 1.093901221510749565e+04 1.836439346154949348e+01
  dtu_10mw_rwt_turb_21.0_21716.dat 2.373938324186541049e+00 3.712489253816791263e-02 1.232626838541556111e+02 3.033433432965362719e+00 1.908543473860452286e+04 1.176322975810297612e+04 6.629264479416772701e+03 7.584572147032660041e+02 7.698840846582738777e+02 5.391884819704538131e+03 6.924505270722781461e+03 3.931187626345737372e+05 1.992633722260224749e+04 1.830210739847600010e+01
  dtu_10mw_rwt_turb_21.0_40322.dat 1.564738658342537780e+00 2.631663753846955056e-02 1.049142853221449343e+02 2.817778887777835362e+00 1.586387637443010499e+04 1.104435765928223191e+04 6.949297447664733227e+03 7.667661793976685658e+02 4.488552167604183296e+02 5.286428299000898733e+03 6.711458008347833129e+03 2.659991174614880001e+05 1.064249477378866322e+04 1.834742228575383294e+01
  dtu_10mw_rwt_turb_21.0_43619.dat 1.882624873012983091e+00 3.368799485526619009e-02 1.115041151451532784e+02 3.096838602830731979e+00 1.680105028111838692e+04 1.034928524719819870e+04 6.059861067301142612e+03 7.030130849325855706e+02 4.957842692592387834e+02 5.340109734465282600e+03 6.862591090562740646e+03 3.383721027058554464e+05 1.043597813455481628e+04 1.837565870232224441e+01
  dtu_10mw_rwt_turb_21.0_47165.dat 1.914030779707958763e+00 3.433164158168215685e-02 1.207177531141767304e+02 2.975381945997856992e+00 1.880459535382531612e+04 1.228775274617991818e+04 6.533435312531003547e+03 7.606690463173341641e+02 5.266661590049618553e+02 5.530992075490696152e+03 6.590364540747959836e+03 3.476950102592575131e+05 1.150897130085127174e+04 1.832433591760036151e+01
  dtu_10mw_rwt_turb_21.0_47952.dat 1.033870002016337386e+00 2.467190889533973919e-02 1.092143050696030144e+02 2.670175943833336785e+00 1.987454425615468426e+04 1.466859502192589935e+04 6.549291656873164357e+03 8.376435195981265451e+02 4.375948317503430189e+02 5.283827155010620118e+03 6.833897611006924308e+03 2.490229403910338588e+05 1.065483237700275640e+04 1.839063049857821142e+01
  dtu_10mw_rwt_turb_21.0_50292.dat 2.074101926961588127e+00 3.096904545988203236e-02 1.126090078790483346e+02 3.131574175295207763e+00 1.624272704385010547e+04 8.529770746738122398e+03 5.553173310981390387e+03 7.936154796114400369e+02 4.648571423720744633e+02 5.393541355730676514e+03 6.915099539644946162e+03 3.084158626947033918e+05 1.001269934700119848e+04 1.844173415534792326e+01
  dtu_10mw_rwt_turb_22.0_14324.dat 1.436241351504537356e+00 3.688002441631778316e-02 1.205961534498622854e+02 2.990712013701822602e+00 1.697761445947036918e+04 1.959148913627808724e+04 6.731841288200675990e+03 8.000747125910284012e+02 5.643422875508979359e+02 5.907235818290516363e+03 6.797552221678717615e+03 3.778676199346392532e+05 1.223016390175862944e+04 1.807094812135427375e+01
  dtu_10mw_rwt_turb_22.0_26862.dat 1.422424359931830695e+00 2.901431086004973084e-02 9.235337302200551335e+01 2.734889002598260177e+00 1.642505234529520385e+04 1.126961544540184332e+04 6.061771525062602450e+03 6.742307908398964855e+02 4.435216260738480401e+02 5.466930361004462611e+03 6.863475464649379319e+03 2.944750811449083849e+05 9.617597381571184087e+03 1.814685193584837819e+01
  dtu_10mw_rwt_turb_22.0_47824.dat 1.745340262806858833e+00 2.844616196942607173e-02 1.070396511008443099e+02 2.580118811320824879e+00 1.628984522748682502e+04 8.449337497081998663e+03 6.177591265889524038e+03 7.773517614192679730e+02 4.495049445930044385e+02 5.326873554797110046e+03 6.878887102574185519e+03 2.907203637028206140e+05 1.003868914425249386e+04 1.846733949003938591e+01
  dtu_10mw_rwt_turb_22.0_51321.dat 2.180481799195512327e+00 3.857355195648221047e-02 1.165732835623950194e+02 3.413572585069225340e+00 1.961662605702062501e+04 1.493194464967209933e+04 7.249937919342702116e+03 9.096481084135787114e+02 5.520492466470667523e+02 5.748693174815100974e+03 6.813270768454995959e+03 3.931053670506156050e+05 1.118497876785348308e+04 1.826418706701502970e+01
  dtu_10mw_rwt_turb_22.0_52263.dat 1.740331399910679533e+00 3.303264672212553182e-02 1.036851609702659260e+02 3.120185498296877746e+00 1.823143557358920225e+04 1.498754860673532676e+04 5.980656240237016391e+03 8.333504900298390794e+02 4.724639514607027309e+02 5.503944749484077875e+03 6.885662040553150291e+03 3.313033856806952972e+05 9.628443356649777343e+03 1.825190185340183646e+01
  dtu_10mw_rwt_turb_22.0_55769.dat 1.698469693359092370e+00 3.478908466971190883e-02 1.243371939693544164e+02 3.027651816980081012e+00 1.968822977715488378e+04 1.778642220238143273e+04 6.840420079249240189e+03 1.064943228391763796e+03 5.681630424007257716e+02 6.126477313976816731e+03 7.290564826143468963e+03 3.505214799562690896e+05 1.314221413640019819e+04 1.815457723387853761e+01
  dtu_10mw_rwt_turb_23.0_21716.dat 2.347213769492154878e+00 4.171808127011752965e-02 1.244773793154071484e+02 3.295678767060846948e+00 2.069578611499487306e+04 1.454188097241546529e+04 7.000918522974009647e+03 8.480980806213374308e+02 6.098109153233588131e+02 5.782631557093438460e+03 7.077123676103099569e+03 4.399723027002264862e+05 1.198509825514438126e+04 1.808786490272519032e+01
  dtu_10mw_rwt_turb_23.0_40322.dat 1.556663656031772813e+00 2.894904772955919983e-02 1.085849181408827633e+02 3.028613668153963268e+00 1.760285794562698356e+04 1.427408652285912831e+04 7.417036963866608858e+03 8.462219020655485338e+02 4.694156996291836208e+02 5.655941900634634294e+03 6.793236316041116879e+03 2.919533819956758525e+05 1.075657318432490683e+04 1.814788294505495969e+01
  dtu_10mw_rwt_turb_23.0_43619.dat 1.859148761369321834e+00 3.712797786077959294e-02 1.118169070572136405e+02 3.295789251134290776e+00 1.825725026068117586e+04 1.438434409848753239e+04 6.330015397164867863e+03 7.706746392785498756e+02 5.204614243806990999e+02 5.569584474555687848e+03 6.960452929594292982e+03 3.730853717207772424e+05 1.032625380825751745e+04 1.817713716708691507e+01
  dtu_10mw_rwt_turb_23.0_47165.dat 1.885955299340750901e+00 3.794832443176281850e-02 1.213978108800398985e+02 3.190659618594270608e+00 1.991314477505450486e+04 1.468663967957269415e+04 6.883152991424990432e+03 8.141418306782925356e+02 5.238630516246070101e+02 5.848217023746056839e+03 6.684526663754787478e+03 3.847929584803198813e+05 1.001556874470033290e+04 1.811863328652015426e+01
  dtu_10mw_rwt_turb_23.0_47952.dat 1.045211185658923680e+00 2.667352499549216840e-02 1.112920664405128122e+02 2.865821791173486677e+00 2.119391875496810826e+04 2.233972241024913455e+04 7.001148595402552928e+03 9.686332451578017526e+02 4.582263339864597356e+02 5.765603946298673691e+03 6.964273380269725749e+03 2.693814836936499341e+05 1.094752461553930516e+04 1.817861375523031242e+01
  dtu_10mw_rwt_turb_23.0_50292.dat 2.050763681391660764e+00 3.427610227049476127e-02 1.124667137977965012e+02 3.336479014509369456e+00 1.757335110047582930e+04 1.128336201052957949e+04 5.878385722692687523e+03 8.558825642024015679e+02 5.067760256113448918e+02 5.666181383505974736e+03 6.972944946639348018e+03 3.406997499285045778e+05 1.081482841575976636e+04 1.824158938264276486e+01
  dtu_10mw_rwt_turb_24.0_14324.dat 1.425364288637106291e+00 4.031424723630365470e-02 1.228532655297275085e+02 3.241332314787884084e+00 1.846125210917730874e+04 1.389356981011403332e+04 7.109637375111368783e+03 7.913743769687613394e+02 6.196118949754960568e+02 6.300674943666655963e+03 6.915897699822958202e+03 4.144857504046751419e+05 1.351421788938495411e+04 1.788669536311318708e+01
  dtu_10mw_rwt_turb_24.0_26862.dat 1.404852993378110204e+00 3.231909514383488752e-02 9.612980875386625712e+01 2.932932267441453966e+00 1.801404292761738543e+04 1.574907067109154195e+04 6.478221544364848342e+03 7.559294424272327433e+02 5.011747257067415831e+02 5.786131963444954636e+03 6.948317139023238269e+03 3.289093393418027554e+05 1.100446097117172212e+04 1.794129913645262420e+01
  dtu_10mw_rwt_turb_24.0_47824.dat 1.705887585802714268e+00 3.134034155963336815e-02 1.093785719820369877e+02 2.771988678916508686e+00 1.806599881353636738e+04 1.808683585424451667e+04 6.572164632231248106e+03 8.956450865473667591e+02 4.855566728079883774e+02 5.697267320308624221e+03 6.968399770460373475e+03 3.206988295377754257e+05 1.058606559793736051e+04 1.825686219931560572e+01
  dtu_10mw_rwt_turb_24.0_51321.dat 2.163351971911573024e+00 4.186786564608770828e-02 1.210070432446252795e+02 3.633557616319944117e+00 2.129981224217401177e+04 1.362393181747250856e+04 7.620966510510503213e+03 9.530082407506610025e+02 5.832094946888387312e+02 6.121524388492973230e+03 6.918654537805642576e+03 4.270843341589323245e+05 1.131247294569218684e+04 1.808939547960159544e+01
  dtu_10mw_rwt_turb_24.0_52263.dat 1.741596073478597351e+00 3.668678274566099240e-02 1.063601057166275154e+02 3.324896623808259122e+00 1.953748671635480423e+04 1.448442789633935718e+04 6.412992926654063922e+03 8.866936670564738279e+02 5.876781526486394114e+02 5.883228633607296615e+03 6.973744003566316678e+03 3.696703056554821087e+05 1.349532233036405523e+04 1.807226119003023967e+01
  dtu_10mw_rwt_turb_24.0_55769.dat 1.682004256711021162e+00 3.883337199529154210e-02 1.258614276584954439e+02 3.227944247775903275e+00 2.097404281434176301e+04 1.663174922188190249e+04 7.158644292274813779e+03 1.103470884760240551e+03 5.829506798397364946e+02 6.499163238324570557e+03 7.430834400592788370e+03 3.902828503966219723e+05 1.255660021978663099e+04 1.798463473265183055e+01
   dtu_10mw_rwt_turb_5.0_21716.dat 5.455792981390962249e-01 2.049358565407232140e-03 6.586936055116612465e+01 9.573186758974635557e-01 1.670632180163770317e+04 4.511131015812761689e+03 2.474677045824882498e+03 6.557663204191778732e+02 6.246735162321839425e+02 1.844785277190705983e+03 6.130351814597296652e+03 5.875606844512774842e+05 3.699126514136600308e+05 1.894341615031322945e+01
   dtu_10mw_rwt_turb_5.0_40322.dat 7.702892430935501800e-01 1.558371669255464217e-03 8.008656422246905038e+01 1.231262841226935523e+00 1.595151040871924488e+04 2.889099659794662330e+03 2.110040174399176976e+03 4.806824046044521310e+02 4.941414077126171946e+02 1.673118828979177579e+03 6.042207819611116065e+03 4.646672061357750208e+05 2.926088718777856557e+05 1.898554498204651608e+01
   dtu_10mw_rwt_turb_5.0_43619.dat 8.621041956578499033e-01 2.306238126433584907e-03 1.047246429327213804e+02 1.588094974946765436e+00 2.512423133478546515e+04 4.731887420947913597e+03 2.746205256233725322e+03 9.140648235223202391e+02 8.336147557966373824e+02 2.657292977720380350e+03 6.182165116402470630e+03 7.839960219823733205e+05 4.925859289993671700e+05 1.894731219160556179e+01
   dtu_10mw_rwt_turb_5.0_47165.dat 6.944603617383251493e-01 1.998132581449422150e-03 7.079515575075338063e+01 1.223266698714391643e+00 2.341220177696225801e+04 4.001398568254402562e+03 2.710295614136660788e+03 5.149081936419415797e+02 4.297537963396466125e+02 2.038679215363659978e+03 6.020733622389771881e+03 4.043448743612337857e+05 2.550331523001271707e+05 1.906011862844786009e+01
   dtu_10mw_rwt_turb_5.0_47952.dat 9.108752927586988291e-01 1.310861444118147827e-03 7.443043232860071612e+01 1.391888821538704635e+00 1.652773688916927131e+04 3.916532697861614452e+03 2.376119118415625962e+03 4.773291557831550449e+02 4.118485810116245034e+02 1.860756518005681528e+03 6.113725560069455241e+03 3.873655787253947346e+05 2.436377297371703607e+05 1.898985837126858200e+01
   dtu_10mw_rwt_turb_5.0_50292.dat 9.371668769920352693e-01 1.796942430883738569e-03 9.225291465099893173e+01 1.542037838421940421e+00 1.925599735165707170e+04 3.605802986056740338e+03 2.089880275765291572e+03 7.257754370950841576e+02 5.900718556140092232e+02 2.132071284206359451e+03 6.111372523811904102e+03 5.551990581471051555e+05 3.493703520907050115e+05 1.893922420358410363e+01
   dtu_10mw_rwt_turb_6.0_14324.dat 5.322670701641346591e-01 3.059625224370592696e-03 6.515487753172841678e+01 1.091073534279952240e+00 2.071829483236636224e+04 5.108971005298735690e+03 2.617464024856201377e+03 5.960101568302983424e+02 5.789145024712050827e+02 1.910392772792295546e+03 6.030469368117993326e+03 5.449643804073522333e+05 3.461350380861460580e+05 1.908765307632681996e+01
   dtu_10mw_rwt_turb_6.0_26862.dat 6.538085548830951943e-01 2.667464739670482449e-03 8.503179122913205390e+01 1.240912109210146275e+00 1.768608745888869089e+04 5.084614494352867041e+03 2.210099675473240495e+03 9.193514555131665702e+02 9.285747317253346864e+02 1.977121044607064960e+03 6.086507837298105187e+03 8.731529648587007541e+05 5.502748002146575600e+05 1.920035574351948782e+01
   dtu_10mw_rwt_turb_6.0_47824.dat 8.512560983744443810e-01 1.813066654740440797e-03 1.110504758593239529e+02 1.267758138969311998e+00 2.176035680849509663e+04 3.961357473272401876e+03 1.909904340634636128e+03 8.092321340919263548e+02 7.539870001199199123e+02 2.292085047160874183e+03 6.161659646605677153e+03 7.091154232104388066e+05 4.459683706925970619e+05 1.911394155121510963e+01
   dtu_10mw_rwt_turb_6.0_51321.dat 7.109762555304564025e-01 3.430081568995056989e-03 1.097204531125474887e+02 1.419798730314689061e+00 2.251502155235249302e+04 5.738205808137121494e+03 2.886910770775108631e+03 9.644802373442704493e+02 1.097237862357927952e+03 2.528018913323943252e+03 6.101150061556249966e+03 1.031460242768481025e+06 6.516721553628303809e+05 1.931026033946908527e+01
   dtu_10mw_rwt_turb_6.0_52263.dat 8.970749089473110116e-01 2.710392576460966471e-03 8.039534988620584954e+01 1.517035033977485181e+00 1.835373543289441659e+04 3.594148187428244910e+03 1.769104859033566299e+03 7.898874631982856727e+02 7.089827084683754492e+02 1.884840430277741007e+03 6.118830979296482838e+03 6.671201023238108028e+05 4.208940099711457733e+05 1.908799560728726519e+01
   dtu_10mw_rwt_turb_6.0_55769.dat 7.737309455738252684e-01 3.339997361024854908e-03 9.622183007059976489e+01 1.386280107758298019e+00 2.492004148090235321e+04 7.622077962592192307e+03 2.775010286941736922e+03 7.887214919334115848e+02 8.686294310579387457e+02 2.747397608158953062e+03 6.257146038616406258e+03 8.167243307815432781e+05 5.162280688474373892e+05 1.920714089836605609e+01
   dtu_10mw_rwt_turb_7.0_21716.dat 2.941294866838812250e-01 1.956051992406146467e-02 1.118678322355496704e+02 1.171176451536815266e+00 2.282525411125332539e+04 1.023973972716073513e+04 3.115367268415591298e+03 1.349520273785160271e+03 1.339495968835435860e+03 2.654004718829798549e+03 6.227960826007700234e+03 1.259511234925385332e+06 8.878950231597261736e+05 1.924456367501674947e+01
   dtu_10mw_rwt_turb_7.0_40322.dat 6.314152069901320941e-01 4.334839314936547380e-03 9.666657546409629731e+01 1.439932231172772470e+00 2.065454461766704844e+04 5.979518132149351004e+03 2.551204615724542236e+03 9.851419493425870542e+02 1.015776038781742727e+03 2.072276100713236701e+03 6.070753753498727747e+03 9.549084488418325782e+05 6.102887627251067897e+05 1.923534159595454440e+01
   dtu_10mw_rwt_turb_7.0_43619.dat 5.328223726064683641e-01 3.156928128414598911e-02 1.419132898283086490e+02 1.773155056833204180e+00 3.078794000527613389e+04 6.910892770656992070e+03 3.446076457300396669e+03 1.543290610318414110e+03 1.469048099211476710e+03 3.381198200843713494e+03 6.261065102433815809e+03 1.382318884738220600e+06 1.045672013993288274e+06 1.924486748178089002e+01
   dtu_10mw_rwt_turb_7.0_47165.dat 3.692139151822868004e-01 4.123896735492687746e-03 8.539850512425704210e+01 1.475103784262696172e+00 2.747165994823853180e+04 7.909494455534906592e+03 3.073790695915713059e+03 1.085582773476313378e+03 9.760603915159207418e+02 2.456403757709931597e+03 6.044089468774424859e+03 9.184469224730730057e+05 5.841957319924518233e+05 1.929640284927075200e+01
   dtu_10mw_rwt_turb_7.0_47952.dat 5.022300058290538605e-01 2.587159887988798711e-03 6.498426310192857613e+01 1.499232151796876522e+00 2.007512889281012394e+04 7.581751487684387030e+03 2.613576915883922993e+03 7.328628200319864163e+02 6.599816016559345826e+02 2.005574902526773485e+03 6.201214473843269843e+03 6.209700815910493257e+05 3.928433153655373026e+05 1.924940968172927569e+01
   dtu_10mw_rwt_turb_7.0_50292.dat 7.956836893204285444e-01 8.898408815736762872e-03 1.217255302291452352e+02 1.688155933857067303e+00 2.401167826792194319e+04 5.853206060978092864e+03 2.304909041488523144e+03 1.377744957454878886e+03 1.239399066865052191e+03 2.711639625754915869e+03 6.216024810094371787e+03 1.165685283150496893e+06 7.640205691757925088e+05 1.919833762896471896e+01
   dtu_10mw_rwt_turb_8.0_14324.dat 4.667783113948374175e-03 3.229560990502900603e-02 9.312529813043734350e+01 1.341481830432690092e+00 2.164558763772822567e+04 8.137097965568681502e+03 3.285132110881466815e+03 7.126609015468137613e+02 6.752693301402572388e+02 2.579327594248634796e+03 6.075495552735557794e+03 6.340068267352610128e+05 6.274455764450273709e+05 1.935211237154256736e+01
   dtu_10mw_rwt_turb_8.0_26862.dat 1.031581957623019935e-01 4.784761660586010074e-02 1.319946363407721606e+02 1.396946707991277625e+00 2.152437281656932464e+04 7.303645528019568701e+03 2.720242893751176325e+03 1.084562898968361878e+03 1.064020952465332812e+03 2.875642319643970950e+03 6.152018659055118405e+03 9.997904610232765554e+05 9.679810836226535030e+05 1.952174632427696466e+01
   dtu_10mw_rwt_turb_8.0_47824.dat 4.899434214602050308e-01 6.233939077955698294e-03 1.192116762351262764e+02 1.424480477755521113e+00 2.554050324962646846e+04 7.545689336691874814e+03 2.255873590177123788e+03 1.330321586264606367e+03 1.306347266756746649e+03 2.606233933135052666e+03 6.266235989697708646e+03 1.228331493755955482e+06 7.925039618926283438e+05 1.935837993384345523e+01
   dtu_10mw_rwt_turb_8.0_51321.dat 1.683715029563541410e-01 5.399913627534522198e-02 1.698989928749765284e+02 1.712418799738305131e+00 2.699925293798804705e+04 6.883419033670628778e+03 3.392398760869986290e+03 1.293807739055346474e+03 1.405224377017587358e+03 3.588531515602167019e+03 6.208426217566950072e+03 1.320586828112633200e+06 1.239603690701258602e+06 1.958130253477306582e+01
   dtu_10mw_rwt_turb_8.0_52263.dat 5.450022110306891321e-01 3.325684778694047716e-02 1.254749723474300964e+02 1.711306799287376501e+00 2.281015851078215928e+04 7.213186462579441468e+03 2.167057401406743338e+03 1.236526077357151280e+03 1.126546263978241996e+03 2.724031780724588771e+03 6.202034083779411958e+03 1.059619383770189248e+06 8.647901576176151866e+05 1.937587470745094365e+01
   dtu_10mw_rwt_turb_8.0_55769.dat 1.326289297877024376e-01 4.938427044525470905e-02 1.479373301252097406e+02 1.619280689102349458e+00 2.638519869408206796e+04 9.481689477850326512e+03 3.531670030687945200e+03 1.021787287283855221e+03 1.123217097457182717e+03 3.733427519486437177e+03 6.408856512760538862e+03 1.054734845928675029e+06 1.026974945962234866e+06 1.951366669154698741e+01
   dtu_10mw_rwt_turb_9.0_21716.dat 3.577982067325927421e-06 7.739352710832229920e-02 2.199303392726222057e+02 1.444015583411542014e+00 3.012550108574854312e+04 5.158843408813670067e+03 3.953984661795928787e+03 1.722378955323135642e+03 1.732707647936638068e+03 4.441246864437519434e+03 6.344006558704611052e+03 1.628256715111667057e+06 1.802430343230844941e+06 1.964339598105371465e+01
   dtu_10mw_rwt_turb_9.0_40322.dat 1.608279167183366276e-01 5.417279204239407175e-02 1.550489056787945685e+02 1.637653714875120903e+00 2.384089222998754849e+04 5.491457917837033165e+03 3.355718629630712257e+03 1.054836935490663791e+03 1.088811293914607859e+03 3.243524526689044706e+03 6.158853147878419804e+03 1.022648644608612405e+06 1.108634137013036758e+06 1.961661844717472292e+01
   dtu_10mw_rwt_turb_9.0_43619.dat 2.460573346273467119e-02 8.162495451572633620e-02 2.272785223360996270e+02 1.960786905438251626e+00 3.294512114253707114e+04 6.008754143019185904e+03 4.576696156446194436e+03 1.858372351816184846e+03 1.756854216949423972e+03 4.841992125028938972e+03 6.399647092778564911e+03 1.651781890004800167e+06 1.900087925437966129e+06 1.964725759443720321e+01
   dtu_10mw_rwt_turb_9.0_47165.dat 1.974443686999260636e-02 5.675238740051551101e-02 1.658857204821918856e+02 1.733446623722079805e+00 2.654155952445638832e+04 7.850517436779055970e+03 3.846770315988088896e+03 1.355220582784879753e+03 1.191761855815542731e+03 3.779015745248220810e+03 6.121283351919478264e+03 1.119373412540903781e+06 1.183968607503550826e+06 1.965687888209444267e+01
   dtu_10mw_rwt_turb_9.0_47952.dat 5.642707774368837770e-06 2.864959767453267511e-02 8.436921916285669454e+01 1.615139083821034216e+00 1.866737865184608745e+04 6.524042071676164596e+03 3.202757769154936796e+03 6.845447806098489991e+02 5.599824015193494233e+02 2.659276815695002824e+03 6.321330943586783178e+03 5.255048571802668739e+05 5.543533339311614400e+05 1.956973486911428139e+01
   dtu_10mw_rwt_turb_9.0_50292.dat 8.743034905981855731e-02 6.585842463461233365e-02 1.906108463665026989e+02 1.862166988784516031e+00 2.695199837764448239e+04 6.765610848875058764e+03 2.685527495367641222e+03 1.729107596758336740e+03 1.547480953065992026e+03 3.985061957851607076e+03 6.347979602844930014e+03 1.454829725411522901e+06 1.484925782634321600e+06 1.950684992907684645e+01
