Statistics: mean. Generated: 11/11/2020 09:01:37. No. files: 120.
                              File                       4                      10                      13                      15                      19                      20                      22                      23                      27                      28                      29                      72                     102                     110
  dtu_10mw_rwt_turb_10.0_14324.dat 2.543076190313333577e-04 8.201576961999998971e-01 1.193882392500000151e+03 1.053827052666666830e+01 1.409109262433333497e+05 1.166855321863966674e+04 2.353940283938766697e+03 9.442949216666665961e+03 -9.300748878666667224e+03 -2.128632252000000153e+04 2.551790492042100141e+03 8.743248400333333760e+06 7.211570824666666798e+06 4.267700600666666588e+01
  dtu_10mw_rwt_turb_10.0_26862.dat 4.800131338333331826e-05 8.397733598999999050e-01 1.248712917133333349e+03 1.065488309266666533e+01 1.474233040133333125e+05 1.202437753101566705e+04 2.498122466778616399e+03 9.959036505333333480e+03 -9.747471816333332754e+03 -2.226311367666666774e+04 2.684345747515866606e+03 9.164520249333333224e+06 7.774825409333333373e+06 4.239062290666667110e+01
  dtu_10mw_rwt_turb_10.0_47824.dat 2.351943261474999207e-03 7.286754631333333121e-01 9.421002819333332354e+02 9.288379422333331803e+00 1.087045758149999892e+05 8.023369722774334150e+03 -6.753594878162666646e+02 7.563194840999999542e+03 -7.271781105333334381e+03 -1.714259180399999968e+04 2.001244039537999925e+03 6.836271735333333723e+06 5.064645996000000276e+06 4.292388887666666619e+01
  dtu_10mw_rwt_turb_10.0_51321.dat 3.458962707174966233e-01 8.332730850333331940e-01 1.189259799800000110e+03 1.076675264999999904e+01 1.389878591200000083e+05 1.070516224829333441e+04 8.525957163320300651e+02 9.572796457666667266e+03 -9.350074902666669004e+03 -2.122965048999999999e+04 2.638159604444233082e+03 8.788883866000000387e+06 7.437926808666666970e+06 4.243461732033333789e+01
  dtu_10mw_rwt_turb_10.0_52263.dat 5.667831031736667241e-04 7.846801663000000371e-01 1.089716366033333315e+03 9.314036155999998456e+00 1.273478382133333362e+05 1.002981599030633333e+04 9.633146015973333078e+02 8.820175445333332391e+03 -8.578783644333334450e+03 -1.985287428866666596e+04 2.355180925670100351e+03 8.065509331000000238e+06 6.412762066333333030e+06 4.270404744033334055e+01
  dtu_10mw_rwt_turb_10.0_55769.dat 1.275071965893790071e-01 8.549474865999999729e-01 1.256594998100000112e+03 1.039392069400000018e+01 1.465316208333333198e+05 1.045679456976633264e+04 7.121534681044333865e+02 1.003179402566666613e+04 -9.658168181000000914e+03 -2.236182226299999820e+04 2.663499279576583831e+03 9.077979886666666716e+06 7.849099635999999940e+06 4.246344286633333098e+01
  dtu_10mw_rwt_turb_11.0_21716.dat 1.933233484248250145e+00 9.155394889666665925e-01 1.236847789966666596e+03 1.094118962766666669e+01 1.445047562099999923e+05 1.089527262386199800e+04 7.329405790063865425e+02 1.044253118466666820e+04 -1.015378373999999894e+04 -2.208288832066666146e+04 2.860092151188599928e+03 9.546407140666667372e+06 8.815101009333333001e+06 4.241625679166666174e+01
  dtu_10mw_rwt_turb_11.0_40322.dat 1.084187973678253591e+00 9.243727163999999608e-01 1.331731979866666734e+03 1.097095729366666639e+01 1.568536214800000016e+05 1.159566420311466572e+04 2.239102972518626757e+03 1.052371106299999883e+04 -1.033636730499999976e+04 -2.377734791999999652e+04 2.901372519625066616e+03 9.715346175000000745e+06 9.027996116333333775e+06 4.218887264233332957e+01
  dtu_10mw_rwt_turb_11.0_43619.dat 1.426142932478578151e+00 8.997613481333334162e-01 1.252626516666666703e+03 1.103473033533333414e+01 1.477138071399999899e+05 1.153069527888333323e+04 2.218856253994866620e+03 1.065792120366666677e+04 -1.028937203466666688e+04 -2.237504565666666531e+04 2.845424833591999686e+03 9.675669954333333299e+06 8.774474303999999538e+06 4.235672249899999997e+01
  dtu_10mw_rwt_turb_11.0_47165.dat 9.697379684302777081e-01 9.005768770666666700e-01 1.275930374033333464e+03 1.151468614600000073e+01 1.506663635266666824e+05 1.222240379668766582e+04 2.315283580154326501e+03 1.020679782033333322e+04 -1.008145015333333322e+04 -2.263158763133333196e+04 2.782473839925666653e+03 9.478253812999999151e+06 8.605994733666665852e+06 4.242395503666666912e+01
  dtu_10mw_rwt_turb_11.0_47952.dat 4.799999999999998766e-05 8.651160044666665883e-01 1.319842230333333191e+03 1.091065766599999876e+01 1.547547788666666602e+05 1.077976992064833212e+04 1.579049523823046684e+03 1.065636966266666604e+04 -1.032495069300000068e+04 -2.340590227999999843e+04 2.826432621762000053e+03 9.706094259666666389e+06 8.417090332000000402e+06 4.215276020033333282e+01
  dtu_10mw_rwt_turb_11.0_50292.dat 6.634105193815933443e-01 8.483700057000000960e-01 1.189398087533333182e+03 1.075156131833333184e+01 1.405943336333333573e+05 1.097657326773496607e+04 2.576211789318593219e+03 9.737071523666665598e+03 -9.385004864999998972e+03 -2.127413149999999951e+04 2.633681039979333491e+03 8.822281150666667148e+06 7.593226094999999739e+06 4.255657692233333478e+01
  dtu_10mw_rwt_turb_12.0_14324.dat 3.816668461841536519e+00 1.002456842666666681e+00 1.258271750899999915e+03 1.251898993899999901e+01 1.500249593066666566e+05 1.306400266522399943e+04 3.516064372489940069e+03 1.082014651566666726e+04 -1.061676159366666616e+04 -2.218878551933333074e+04 2.945811970325699804e+03 9.980048627000000328e+06 1.000001006466666609e+07 4.276973478699999731e+01
  dtu_10mw_rwt_turb_12.0_26862.dat 4.500726714977259846e+00 9.913857155333333226e-01 1.199276673933333086e+03 1.266043227499999979e+01 1.430199667466666724e+05 1.306365618679159888e+04 3.205342006770717035e+03 1.097348613433333230e+04 -1.069813035833333379e+04 -2.120658318833333396e+04 2.923973129948239603e+03 1.005734486533333361e+07 9.962902314999999478e+06 4.274824120099999192e+01
  dtu_10mw_rwt_turb_12.0_47824.dat 7.871399817128273968e-01 8.926533837333333610e-01 1.290169143533333227e+03 1.123863870266666609e+01 1.510430450666666729e+05 1.076994733439333504e+04 1.205118148893516718e+03 1.041380539999999928e+04 -1.005705721433333201e+04 -2.281026310433333492e+04 2.734784380510633582e+03 9.454889355666667223e+06 8.538459970000000671e+06 4.225939856233333813e+01
  dtu_10mw_rwt_turb_12.0_51321.dat 4.047237057300045571e+00 9.660792126333334062e-01 1.190093368666666720e+03 1.281417173133333343e+01 1.405919215966666816e+05 1.224698243557333262e+04 1.713643201056599764e+03 1.093721559300000081e+04 -1.066088882799999919e+04 -2.092989413100000093e+04 2.936907634633933412e+03 1.002258877566666715e+07 9.682300147333333269e+06 4.256602214866666856e+01
  dtu_10mw_rwt_turb_12.0_52263.dat 2.380491037913037733e+00 9.501675757000000999e-01 1.283826667699999916e+03 1.127023611033333417e+01 1.516362875799999747e+05 1.246145946831930087e+04 2.487846078938066512e+03 1.100684055133333459e+04 -1.070662628066666730e+04 -2.295084000999999989e+04 2.965532870475100481e+03 1.006636314233333245e+07 9.566093448666667566e+06 4.236306562433333056e+01
  dtu_10mw_rwt_turb_12.0_55769.dat 4.842145188094365338e+00 9.939814234999999609e-01 1.160114000499999975e+03 1.244589086333333228e+01 1.362483776966666628e+05 1.129312345711249873e+04 9.004693757761299366e+02 1.102686384466666823e+04 -1.059065207566666686e+04 -2.045788503400000263e+04 2.889902215558300213e+03 9.956515752000000328e+06 9.894869655333332717e+06 4.278030693533332851e+01
  dtu_10mw_rwt_turb_13.0_21716.dat 6.434971925445979402e+00 9.882923917666666114e-01 1.070286772933333168e+03 1.297676825099999931e+01 1.261663014566666534e+05 1.197739109714323240e+04 9.219294909624533148e+02 1.097372925066666721e+04 -1.062826032200000009e+04 -1.885832418400000097e+04 2.885713743422000334e+03 9.990580640333333984e+06 9.869957646999999881e+06 4.297348943733334181e+01
  dtu_10mw_rwt_turb_13.0_40322.dat 6.554195049133332951e+00 1.005559546233333323e+00 1.070306699700000081e+03 1.299040539433333485e+01 1.270550804333333363e+05 1.211211214577800092e+04 1.776885123415653425e+03 1.080856006266666736e+04 -1.058134285633333275e+04 -1.903360954033333473e+04 2.902159420541633153e+03 9.947206825999999419e+06 1.000000091899999976e+07 4.299526783499999283e+01
  dtu_10mw_rwt_turb_13.0_43619.dat 6.249630142224118501e+00 9.979710815000001345e-01 1.090873744866666584e+03 1.306726011866666504e+01 1.295588794966666610e+05 1.266887963908999882e+04 2.016808785246773596e+03 1.105402656633333390e+04 -1.066623918433333347e+04 -1.935364440600000307e+04 2.887486769046666723e+03 1.002733382266666740e+07 1.000114307200000063e+07 4.292224507799998889e+01
  dtu_10mw_rwt_turb_13.0_47165.dat 5.665067219085520023e+00 9.989038110333333664e-01 1.126973028733333422e+03 1.349169722733333288e+01 1.347363689066666702e+05 1.343757005439800014e+04 2.784822058895599639e+03 1.080549955266666620e+04 -1.065655989466666506e+04 -1.980696291766667127e+04 2.881061331957499533e+03 1.001779458933333308e+07 1.000044304099999927e+07 4.304004208300000300e+01
  dtu_10mw_rwt_turb_13.0_47952.dat 5.880420485000001030e+00 1.005375911066666683e+00 1.100818018933333178e+03 1.292838604233333299e+01 1.299195270333333319e+05 1.167112969878999866e+04 1.251992345808680739e+03 1.092501604733333443e+04 -1.058283008499999960e+04 -1.950992889033333631e+04 2.920993989487099952e+03 9.948839593666667119e+06 1.000000420399999991e+07 4.284667932833333737e+01
  dtu_10mw_rwt_turb_13.0_50292.dat 4.199568880352863687e+00 9.812387636666666246e-01 1.211015563566666515e+03 1.274830632500000149e+01 1.443161692966666596e+05 1.253530175182266612e+04 3.313519622855299531e+03 1.107740428200000133e+04 -1.066859174233333215e+04 -2.142016567933333499e+04 2.953496077747965955e+03 1.002907558366666734e+07 9.835835702666666359e+06 4.270777327000000412e+01
  dtu_10mw_rwt_turb_14.0_14324.dat 8.643180583999999556e+00 1.003976999200000053e+00 9.435197021999999833e+02 1.450649737866666733e+01 1.141995426133333385e+05 1.404388369704440083e+04 3.132491296135366611e+03 1.084852628300000106e+04 -1.060095176500000161e+04 -1.638263651176333224e+04 2.890162511506366627e+03 9.965245847999999300e+06 1.000001320266666636e+07 4.367698155333332721e+01
  dtu_10mw_rwt_turb_14.0_26862.dat 9.116873930666665515e+00 1.003378202800000007e+00 9.215760112666666828e+02 1.466870665799999784e+01 1.115954850733333442e+05 1.405686101694519857e+04 2.958969434218056904e+03 1.092614534599999934e+04 -1.060411114833333340e+04 -1.602762124600000061e+04 2.866672346632866720e+03 9.969036718000000343e+06 9.999988873666666448e+06 4.367589974999999214e+01
  dtu_10mw_rwt_turb_14.0_47824.dat 5.498783017385025396e+00 9.856510772666665643e-01 1.120644884766666564e+03 1.318832384733333463e+01 1.321942065533333225e+05 1.204052424404399972e+04 1.252625836646033122e+03 1.103463864533333435e+04 -1.064937283166666748e+04 -1.964300965899999937e+04 2.926622341032882105e+03 1.001195559166666679e+07 9.862788495999999344e+06 4.285096151666665776e+01
  dtu_10mw_rwt_turb_14.0_51321.dat 8.806855905999999123e+00 1.004560606499999897e+00 9.396098730333333151e+02 1.486164760200000146e+01 1.123997277733333322e+05 1.309086993718733356e+04 1.527851968845766351e+03 1.090557888800000183e+04 -1.059483035066666525e+04 -1.627330252099999780e+04 2.862339223555966328e+03 9.960721175666667521e+06 9.999977398666666821e+06 4.342991005799999726e+01
  dtu_10mw_rwt_turb_14.0_52263.dat 7.578724541999999786e+00 1.003747961600000016e+00 1.004691526299999850e+03 1.322361027833333402e+01 1.200547689266666712e+05 1.314786894843333539e+04 2.321828953765079405e+03 1.093170397133333245e+04 -1.060232092999999986e+04 -1.782442042999999830e+04 2.889335839287733052e+03 9.966817902333334088e+06 1.000001033300000057e+07 4.320662062666666969e+01
  dtu_10mw_rwt_turb_14.0_55769.dat 9.238997008000000122e+00 1.006236450666666782e+00 9.074315427333333446e+02 1.448516978933333554e+01 1.077303141600000090e+05 1.243655135829033497e+04 6.716498140815335773e+02 1.103977061800000047e+04 -1.057575313399999868e+04 -1.568007950373333369e+04 2.870732679780299804e+03 9.942367871999999508e+06 1.000000889800000004e+07 4.363012464999999906e+01
  dtu_10mw_rwt_turb_15.0_21716.dat 1.029728121033333288e+01 1.003309063799999956e+00 8.757993893666666736e+02 1.500476539433333301e+01 1.046282677366666758e+05 1.301159214478676768e+04 9.640922502734665613e+02 1.100091365566666536e+04 -1.061134965633333377e+04 -1.504387392666666710e+04 2.846436139228399952e+03 9.974365119333332404e+06 1.000005193866666593e+07 4.366213185333333513e+01
  dtu_10mw_rwt_turb_15.0_40322.dat 1.037992988699999941e+01 1.005409939066666647e+00 8.600946033000000170e+02 1.501353458866666735e+01 1.036287719300000026e+05 1.318962803280216576e+04 1.738816393430866810e+03 1.084081003700000110e+04 -1.058329207433333431e+04 -1.490132125433333385e+04 2.851970637149966933e+03 9.949198957000000402e+06 9.999994505999999121e+06 4.372334589666666460e+01
  dtu_10mw_rwt_turb_15.0_43619.dat 1.019437986266666840e+01 1.001934031533333380e+00 8.709194006666666610e+02 1.509451597899999875e+01 1.050320136399999901e+05 1.383347530300046674e+04 1.929930003296533414e+03 1.103909557633333134e+04 -1.062236387633333470e+04 -1.504465681173333360e+04 2.877454339460833580e+03 9.986286154333332554e+06 1.000000161066666618e+07 4.366469001666666117e+01
  dtu_10mw_rwt_turb_15.0_47165.dat 9.773409994333333017e+00 1.003449626499999914e+00 8.887470742000001565e+02 1.547400240166666485e+01 1.081434612499999930e+05 1.422762451148066793e+04 2.775049739047466574e+03 1.079734493233333160e+04 -1.060820542566666518e+04 -1.520639780033333227e+04 2.861519044996933189e+03 9.971534711999999359e+06 1.000002215333333425e+07 4.383051057333332778e+01
  dtu_10mw_rwt_turb_15.0_47952.dat 9.775856075000000089e+00 1.005327244633333450e+00 8.803823920000000953e+02 1.494731204900000066e+01 1.052627609299999895e+05 1.274041824839953370e+04 1.193497786030829957e+03 1.093731446766666522e+04 -1.058389496599999984e+04 -1.521570956100000149e+04 2.863785558041666263e+03 9.949873006666665897e+06 1.000000072399999946e+07 4.360799337333333625e+01
  dtu_10mw_rwt_turb_15.0_50292.dat 8.915422654666667057e+00 1.005025313566666689e+00 9.382852019666667047e+02 1.474382893699999997e+01 1.131734478900000104e+05 1.351514543099133152e+04 2.708362818452400006e+03 1.101207974966666734e+04 -1.058955335300000115e+04 -1.629998011366666469e+04 2.868345927513006700e+03 9.954570007666666061e+06 1.000002974266666733e+07 4.351714426333332852e+01
  dtu_10mw_rwt_turb_16.0_14324.dat 1.174199913666666717e+01 1.003737337866666524e+00 7.992582790666666597e+02 1.649727233666666493e+01 9.877539459666666517e+04 1.523453755063725293e+04 3.488736749523167418e+03 1.090245295166666438e+04 -1.060530671166666798e+04 -1.333963569589633516e+04 2.830672210224033279e+03 9.969320703999999911e+06 1.000001634633333422e+07 4.429161961999999875e+01
  dtu_10mw_rwt_turb_16.0_26862.dat 1.218138320400000119e+01 1.003225025533333259e+00 7.846318144999999049e+02 1.667490650399999907e+01 9.716584225000001607e+04 1.536853007712866747e+04 3.355970596305149684e+03 1.098087463133333586e+04 -1.060675686966666581e+04 -1.316062243321866481e+04 2.848024931022726832e+03 9.971590330333333462e+06 9.999989632333332673e+06 4.416928453666667309e+01
  dtu_10mw_rwt_turb_16.0_47824.dat 9.593076376999999155e+00 1.004894126966666690e+00 9.000744165333333058e+02 1.514204623866666388e+01 1.075898142833333404e+05 1.290091054528770837e+04 1.253980705626486724e+03 1.100175954133333289e+04 -1.058872535499999867e+04 -1.546374640350000118e+04 2.865566057126900432e+03 9.955019596000000834e+06 9.999985472333332524e+06 4.356314487000000213e+01
  dtu_10mw_rwt_turb_16.0_51321.dat 1.202083971133333407e+01 1.004486819033333145e+00 7.898462038999999777e+02 1.690246910666666480e+01 9.639570056666666642e+04 1.428458124485530061e+04 1.841958746397966934e+03 1.093772793400000046e+04 -1.059735757433333310e+04 -1.318067175633333500e+04 2.824387701866333828e+03 9.963061005666667596e+06 9.999981013000000268e+06 4.406070264000000236e+01
  dtu_10mw_rwt_turb_16.0_52263.dat 1.093557688733333322e+01 1.003886289533333365e+00 8.352268399333332809e+02 1.517808683266666669e+01 1.015513791733333201e+05 1.416737979077499949e+04 2.532791467148200354e+03 1.097113938200000121e+04 -1.060180692166666813e+04 -1.444511099633333470e+04 2.874588205138603371e+03 9.966430769333332777e+06 1.000001088866666704e+07 4.383947660666667190e+01
  dtu_10mw_rwt_turb_16.0_55769.dat 1.231587902266666923e+01 1.006571600999999871e+00 7.698897063333332653e+02 1.651614494266666711e+01 9.309403767333333963e+04 1.366418605179356746e+04 9.870369115771131874e+02 1.107361369600000035e+04 -1.057351323599999887e+04 -1.274863797525800146e+04 2.799512541566866275e+03 9.940390702666666359e+06 1.000000740499999933e+07 4.420489706000000041e+01
  dtu_10mw_rwt_turb_17.0_21716.dat 1.323929828299999656e+01 1.003096750366666789e+00 7.533094071666666878e+02 1.702846364999999906e+01 9.187362433333334047e+04 1.418273801944866500e+04 1.388298643969833165e+03 1.104541652200000135e+04 -1.061516622766666660e+04 -1.238716308305466555e+04 2.829680445828186294e+03 9.978118898000000045e+06 1.000004779166666605e+07 4.418839008000000490e+01
  dtu_10mw_rwt_turb_17.0_40322.dat 1.324984936766666621e+01 1.005393677866666780e+00 7.452520850000001928e+02 1.703885306800000166e+01 9.169535428333333402e+04 1.423409440446689950e+04 2.104206961828640033e+03 1.087569665533333136e+04 -1.058454032400000142e+04 -1.248111377756666479e+04 2.827043265865600006e+03 9.950306917666666210e+06 9.999999547000000253e+06 4.422857267333334619e+01
  dtu_10mw_rwt_turb_17.0_43619.dat 1.309316502299999918e+01 1.001726164833333543e+00 7.527271139666667068e+02 1.711502030999999846e+01 9.263812672000000020e+04 1.504985966696163450e+04 2.275523902755746803e+03 1.107733560566666529e+04 -1.062628103466666653e+04 -1.252784090748599920e+04 2.802741011573800279e+03 9.989839283999999985e+06 1.000000253766666725e+07 4.411203493666666731e+01
  dtu_10mw_rwt_turb_17.0_47165.dat 1.269255549433333385e+01 1.003344997866666644e+00 7.645003059666667014e+02 1.746159050666667056e+01 9.527076998666666623e+04 1.532935924831270131e+04 3.214874438896470110e+03 1.083191932800000177e+04 -1.061105042400000093e+04 -1.262101360632633441e+04 2.810475362430303448e+03 9.974238512666666880e+06 1.000002754800000042e+07 4.441795718333332843e+01
  dtu_10mw_rwt_turb_17.0_47952.dat 1.270597249666666961e+01 1.005449299499999949e+00 7.573397701000000097e+02 1.696854602333333517e+01 9.237962433666666038e+04 1.383130300116076614e+04 1.588374963199000149e+03 1.095405849466666768e+04 -1.058349152266666715e+04 -1.247462092104033218e+04 2.793047277847600071e+03 9.949513780333332717e+06 1.000000082733333297e+07 4.414047841000000005e+01
  dtu_10mw_rwt_turb_17.0_50292.dat 1.200775970466666642e+01 1.005074876633333059e+00 7.962120418000000655e+02 1.673830736333333036e+01 9.784434369999999763e+04 1.463074188940533350e+04 2.858487232251833575e+03 1.104103495400000065e+04 -1.059051128200000130e+04 -1.338188437700200120e+04 2.840309906668000622e+03 9.955436486666666344e+06 1.000003123066666722e+07 4.407257581999999729e+01
  dtu_10mw_rwt_turb_18.0_14324.dat 1.435934807999999840e+01 1.003376311866666537e+00 7.046989508000001479e+02 1.849005378333333383e+01 8.944107494000000588e+04 1.654233226223966631e+04 4.111172655722899435e+03 1.095171652566666671e+04 -1.061162169733333212e+04 -1.121093550756933473e+04 2.791040382286233580e+03 9.975140967000000179e+06 1.000002108100000024e+07 4.473794277000000363e+01
  dtu_10mw_rwt_turb_18.0_26862.dat 1.478745519666666475e+01 1.002962842000000077e+00 6.948927159999998366e+02 1.868393046666666280e+01 8.840718677999998908e+04 1.675118593893066645e+04 3.963271924434633092e+03 1.103160974866666766e+04 -1.061084800466666638e+04 -1.102773460059626632e+04 2.781387725406853860e+03 9.975594808000000194e+06 9.999986978666666895e+06 4.462398441000000560e+01
  dtu_10mw_rwt_turb_18.0_47824.dat 1.251142582533333147e+01 1.005004622566666672e+00 7.722941087333332462e+02 1.709455826666666667e+01 9.407536230999999680e+04 1.407722968696366479e+04 1.602554651885000112e+03 1.103502158966666866e+04 -1.058883148466666717e+04 -1.271733016103333284e+04 2.811967286292366680e+03 9.955122901000000536e+06 9.999988465666666627e+06 4.410540449000000507e+01
  dtu_10mw_rwt_turb_18.0_51321.dat 1.467779093399999901e+01 1.004454680499999863e+00 6.956477096333333066e+02 1.894002751000000018e+01 8.711747834000001603e+04 1.552320187948576677e+04 2.408423248024866552e+03 1.097225045400000090e+04 -1.060002617433333216e+04 -1.099453282915456657e+04 2.770608365638769556e+03 9.965672597999999300e+06 9.999979786000000313e+06 4.452622855999999985e+01
  dtu_10mw_rwt_turb_18.0_52263.dat 1.363324441999999870e+01 1.003803765633333400e+00 7.321318938666667009e+02 1.713425816333333529e+01 9.109188951333331352e+04 1.533281675444073335e+04 3.061822103837853319e+03 1.101481244833333221e+04 -1.060459432966666827e+04 -1.222750544889266530e+04 2.852361001116333227e+03 9.968908349666666240e+06 1.000001619666666724e+07 4.436381878666667689e+01
  dtu_10mw_rwt_turb_18.0_55769.dat 1.492127041233333351e+01 1.006864681633333314e+00 6.804201946333333808e+02 1.854308351333333249e+01 8.424106797666667262e+04 1.485421302821486643e+04 1.465545547171500175e+03 1.110774974999999722e+04 -1.057239505866666696e+04 -1.066291100110319894e+04 2.740899116093416978e+03 9.939243027000000700e+06 1.000001315699999966e+07 4.462634062666666068e+01
  dtu_10mw_rwt_turb_19.0_21716.dat 1.576532029866666562e+01 1.002868811999999998e+00 6.729758143333333464e+02 1.904902175666666508e+01 8.425689960666667321e+04 1.552338170701323361e+04 2.010772059250333314e+03 1.108968748166666774e+04 -1.062071288699999968e+04 -1.049209093679226680e+04 2.780265886539153144e+03 9.983037913000000641e+06 1.000006019999999925e+07 4.459306387333332822e+01
  dtu_10mw_rwt_turb_19.0_40322.dat 1.576555647333333354e+01 1.005432652500000135e+00 6.665208869666666942e+02 1.906630291000000099e+01 8.416315654999999970e+04 1.535029858262199923e+04 2.619403586758376605e+03 1.090792835399999967e+04 -1.058552982399999928e+04 -1.056755092456403327e+04 2.789648661811000238e+03 9.951215380000000820e+06 1.000000157233333401e+07 4.463686257000000523e+01
  dtu_10mw_rwt_turb_19.0_43619.dat 1.559532845666666567e+01 1.001364521199999746e+00 6.742752902333332941e+02 1.913176456666666780e+01 8.514814177000000200e+04 1.637213234649166588e+04 2.835604701630632917e+03 1.111808866033333288e+04 -1.063208000133333371e+04 -1.061138970068333401e+04 2.811581686767600331e+03 9.995559880666667596e+06 9.999996050666667521e+06 4.455463944000000254e+01
  dtu_10mw_rwt_turb_19.0_47165.dat 1.522269751433333340e+01 1.003104408000000003e+00 6.810932410000000345e+02 1.945217064333332857e+01 8.731567328999999154e+04 1.652826389413999641e+04 3.827586551894300101e+03 1.086973380200000065e+04 -1.061596147566666514e+04 -1.060734169628086602e+04 2.747901280071966539e+03 9.978669468333333731e+06 1.000003309433333389e+07 4.485807435333333615e+01
  dtu_10mw_rwt_turb_19.0_47952.dat 1.524780524333333176e+01 1.005646786066666687e+00 6.739465156333333198e+02 1.898805356666666455e+01 8.431338121666666120e+04 1.495442877358726582e+04 2.135089639903600073e+03 1.097031612866666546e+04 -1.058268446699999913e+04 -1.066802520359973278e+04 2.787006201444333328e+03 9.948752718333333731e+06 1.000000407033333369e+07 4.456879691333333682e+01
  dtu_10mw_rwt_turb_19.0_50292.dat 1.459752898333333349e+01 1.004969488933333377e+00 7.054350475333333179e+02 1.873354104333333225e+01 8.871132136666668521e+04 1.570177472789229978e+04 3.231218700222882944e+03 1.106181525066666654e+04 -1.059360698333333312e+04 -1.115131025733163369e+04 2.732111988684900098e+03 9.958256454333333299e+06 1.000003804233333282e+07 4.451861008666666208e+01
  dtu_10mw_rwt_turb_20.0_14324.dat 1.670962387666666515e+01 1.003055546866666647e+00 6.373489637999999786e+02 2.048173038333333196e+01 8.342532103333332634e+04 1.799960841322333363e+04 4.739864672313032315e+03 1.100007259266666551e+04 -1.061740065633333325e+04 -9.479233957452666800e+03 2.705648744529232772e+03 9.980742790999999270e+06 1.000001708966666646e+07 4.511480576000000298e+01
  dtu_10mw_rwt_turb_20.0_26862.dat 1.714065857666667014e+01 1.002652831366666719e+00 6.309715794333334316e+02 2.068863200666666557e+01 8.273428551333333598e+04 1.809952136776399857e+04 4.647049824847066702e+03 1.107457935133333376e+04 -1.061583250833333295e+04 -9.363676135878000423e+03 2.694058103495966861e+03 9.980180888333333656e+06 9.999990356666667387e+06 4.508270472333333601e+01
  dtu_10mw_rwt_turb_20.0_47824.dat 1.500313368333333308e+01 1.005113529800000016e+00 6.881870249000000967e+02 1.905536708999999718e+01 8.599442971000001126e+04 1.533671664154233076e+04 2.226156304285999795e+03 1.106193528600000172e+04 -1.058885410299999967e+04 -1.069080938232429071e+04 2.736712812871200185e+03 9.955428425000000745e+06 9.999978728000000119e+06 4.454891698333332783e+01
  dtu_10mw_rwt_turb_20.0_51321.dat 1.707085254999999790e+01 1.004489054266666681e+00 6.287214956000000257e+02 2.096471955333333170e+01 8.119523407333332580e+04 1.687379965717059895e+04 3.100200381786200069e+03 1.100364218900000014e+04 -1.060203646466666942e+04 -9.263466107779331651e+03 2.688553625594433470e+03 9.967774086333332583e+06 9.999974354000000283e+06 4.489569522000000035e+01
  dtu_10mw_rwt_turb_20.0_52263.dat 1.606119746666666614e+01 1.003762631733333244e+00 6.585708247333334384e+02 1.909989805666666385e+01 8.419936522666666133e+04 1.659873475966096885e+04 3.645891941926399795e+03 1.105762759799999731e+04 -1.060682913233333420e+04 -1.032168058622699937e+04 2.739119626389266614e+03 9.971197043333332986e+06 1.000001517433333397e+07 4.473819373999999982e+01
  dtu_10mw_rwt_turb_20.0_55769.dat 1.726564404333333158e+01 1.007102222599999930e+00 6.167515312333334805e+02 2.056227237666666952e+01 7.873071547999999893e+04 1.626118133181610028e+04 2.202780572034600482e+03 1.114464127333333090e+04 -1.057225995233333379e+04 -9.077144649467465570e+03 2.722727122946334021e+03 9.939116094000000507e+06 1.000001447299999930e+07 4.499244438000000201e+01
  dtu_10mw_rwt_turb_21.0_21716.dat 1.806556106333333389e+01 1.002537364533333308e+00 6.147072876666667298e+02 2.106641573666666289e+01 7.933434074333333410e+04 1.687030575442606641e+04 2.716315135601333168e+03 1.114144049699999960e+04 -1.062740737733333299e+04 -8.921799044815899833e+03 2.690529651839533472e+03 9.989595775666667148e+06 1.000006567166666687e+07 4.501637171333333498e+01
  dtu_10mw_rwt_turb_21.0_40322.dat 1.808069722000000112e+01 1.005529352300000179e+00 6.077526693999999452e+02 2.109470980666666762e+01 7.909838253333333705e+04 1.656046927995399892e+04 3.237607577181832767e+03 1.093687120233333371e+04 -1.058616115666666701e+04 -8.880615267912933632e+03 2.676852704174466908e+03 9.952030276000000536e+06 9.999996108999999240e+06 4.497812531000000291e+01
  dtu_10mw_rwt_turb_21.0_43619.dat 1.789201172666667006e+01 1.000967530966666574e+00 6.167102937666667231e+02 2.114544131666666615e+01 8.028120131333333848e+04 1.774681768787900000e+04 3.464188719777452661e+03 1.115457894833333376e+04 -1.063897385866666627e+04 -8.972864461987168397e+03 2.662779340191877054e+03 1.000179599899999984e+07 1.000000518733333424e+07 4.490769975333333264e+01
  dtu_10mw_rwt_turb_21.0_47165.dat 1.753012110000000234e+01 1.002802826566666639e+00 6.202753764000001411e+02 2.144700828666666936e+01 8.213450442999998631e+04 1.780816485847399963e+04 4.544382136239231841e+03 1.090928773933333287e+04 -1.062195312200000080e+04 -8.929839785864633086e+03 2.689674591371333008e+03 9.984031705333333462e+06 1.000004373133333400e+07 4.520734584333334283e+01
  dtu_10mw_rwt_turb_21.0_47952.dat 1.755976186333333189e+01 1.005921901566666499e+00 6.133706519333333063e+02 2.100738059000000035e+01 7.911468633333333128e+04 1.618737339415800125e+04 2.771649259057066956e+03 1.098246683200000007e+04 -1.058130592500000057e+04 -9.048313040831068065e+03 2.716630067932533620e+03 9.947326355333333835e+06 1.000000668066666648e+07 4.495542203333333475e+01
  dtu_10mw_rwt_turb_21.0_50292.dat 1.694885349666666841e+01 1.004738740333333213e+00 6.397145892333334132e+02 2.072850393333333230e+01 8.266743276333333051e+04 1.686244615928199710e+04 3.722203597854266718e+03 1.108967799399999967e+04 -1.059812072033333425e+04 -9.462873380453935169e+03 2.666730480484100553e+03 9.962448599333332852e+06 1.000003636133333296e+07 4.490186392333333742e+01
  dtu_10mw_rwt_turb_22.0_14324.dat 1.891096300333333247e+01 1.002623630400000021e+00 5.857362595033333719e+02 2.247732710333333372e+01 7.934276521000001230e+04 1.942558607623900025e+04 5.521038607076357948e+03 1.104748382666666657e+04 -1.062521829033333233e+04 -8.002000363103419659e+03 2.638092636002366817e+03 9.987789519333332777e+06 1.000002791366666742e+07 4.550823615333332839e+01
  dtu_10mw_rwt_turb_22.0_26862.dat 1.934138095999999862e+01 1.002352616333333390e+00 5.813750663666667151e+02 2.269931799333333444e+01 7.903194718999999168e+04 1.972702432808733647e+04 5.406239600353500464e+03 1.112444588000000113e+04 -1.062105361566666761e+04 -7.916032956055567411e+03 2.611672252116900381e+03 9.985172174000000581e+06 9.999990955333333462e+06 4.536185952000000299e+01
  dtu_10mw_rwt_turb_22.0_47824.dat 1.727259319666666926e+01 1.005261466666666603e+00 6.264074554333333253e+02 2.101008987999999889e+01 8.050342336666666961e+04 1.662642726503786980e+04 2.822391857860033269e+03 1.109763347633333433e+04 -1.058960199666666631e+04 -9.055008580834333770e+03 2.672695226381999873e+03 9.955889827666666359e+06 9.999988699333332479e+06 4.490490521333332907e+01
  dtu_10mw_rwt_turb_22.0_51321.dat 1.927916500333332905e+01 1.004582254166666688e+00 5.782015514333334067e+02 2.299511903000000146e+01 7.722790408666666190e+04 1.814439810658273200e+04 3.830898251184434230e+03 1.103598226900000009e+04 -1.060392406933333405e+04 -7.807346718462799799e+03 2.622857406543766501e+03 9.969430352333333343e+06 9.999974749666666612e+06 4.527727008999999470e+01
  dtu_10mw_rwt_turb_22.0_52263.dat 1.827652403333333453e+01 1.003583346433333467e+00 6.044042612999999164e+02 2.106107196666666681e+01 7.983825973333333968e+04 1.796552766184100255e+04 4.400958249880733092e+03 1.109656945799999994e+04 -1.061124698966666620e+04 -8.721294349285723001e+03 2.629258979262666344e+03 9.975262417666666210e+06 1.000001333033333346e+07 4.513901175666666177e+01
  dtu_10mw_rwt_turb_22.0_55769.dat 1.944681051999999966e+01 1.007328829366666678e+00 5.689735015666667550e+02 2.258384478333333334e+01 7.503933800666667230e+04 1.757011809424186504e+04 2.836080670979079514e+03 1.117888535700000102e+04 -1.057244861999999921e+04 -7.686471742634065777e+03 2.659611425853666788e+03 9.939495013666667044e+06 1.000001281833333336e+07 4.531555544999999796e+01
  dtu_10mw_rwt_turb_23.0_21716.dat 2.023514895333333286e+01 1.002097370633333373e+00 5.691674562333332688e+02 2.309031228666666280e+01 7.610579878666666627e+04 1.841561339082833365e+04 3.455680523905133214e+03 1.118491083066666579e+04 -1.063598784966666608e+04 -7.548809219326220045e+03 2.604210736719332999e+03 9.997580551000000909e+06 1.000005829866666719e+07 4.535982533666666683e+01
  dtu_10mw_rwt_turb_23.0_40322.dat 2.022275975333333520e+01 1.005655675033333418e+00 5.645394546333333210e+02 2.312474085333333562e+01 7.601703536333334341e+04 1.778610541510573239e+04 3.840931013889766746e+03 1.096474823499999911e+04 -1.058646307366666588e+04 -7.532706113315201037e+03 2.569978578365233261e+03 9.952214982333334163e+06 1.000000032699999958e+07 4.529536336333333679e+01
  dtu_10mw_rwt_turb_23.0_43619.dat 2.002617950000000135e+01 1.000551144199999909e+00 5.743269681666666884e+02 2.315694506666666541e+01 7.733781497999998101e+04 1.906147232626199548e+04 4.160326441239533779e+03 1.118341387000000032e+04 -1.064615393833333292e+04 -7.736763311682966560e+03 2.587334163138700205e+03 1.000843016166666709e+07 1.000000551066666655e+07 4.531343796666667600e+01
  dtu_10mw_rwt_turb_23.0_47165.dat 1.968616310999999541e+01 1.002414479833333205e+00 5.738705941666665922e+02 2.344610044333333576e+01 7.864339451333333272e+04 1.912570768522356593e+04 5.214140263872332980e+03 1.094752156900000045e+04 -1.062880086466666580e+04 -7.687250902116000361e+03 2.645826540718433080e+03 9.990496294666666538e+06 1.000004143533333391e+07 4.547433299333333423e+01
  dtu_10mw_rwt_turb_23.0_47952.dat 1.973178651666666283e+01 1.006073055866666843e+00 5.670059864999999490e+02 2.302521141000000071e+01 7.569359522333332279e+04 1.731746198517599987e+04 3.531325791818466769e+03 1.099547456133333435e+04 -1.058050009733333354e+04 -7.585582615665000958e+03 2.623123283854029978e+03 9.946802466000000015e+06 9.999996119000000879e+06 4.526634128666667323e+01
  dtu_10mw_rwt_turb_23.0_50292.dat 1.911468351999999982e+01 1.004703704900000050e+00 5.914487371999999823e+02 2.272264923333333186e+01 7.884793226999999024e+04 1.799307098745866460e+04 4.271904696317833441e+03 1.110326083966666738e+04 -1.060100175200000012e+04 -8.143804796963007902e+03 2.638377268708466545e+03 9.964898566666666418e+06 1.000004609133333340e+07 4.522305763000000667e+01
  dtu_10mw_rwt_turb_24.0_14324.dat 2.097315455000000028e+01 1.002218232199999948e+00 5.463904803466666635e+02 2.447107747999999816e+01 7.691361191666666127e+04 2.095322049295800025e+04 6.339229134217233877e+03 1.108646387533333291e+04 -1.063232822099999976e+04 -6.764020146091000242e+03 2.567780465893136807e+03 9.994590199999999255e+06 1.000002633100000024e+07 4.577300240666667008e+01
  dtu_10mw_rwt_turb_24.0_26862.dat 2.140987451999999891e+01 1.002030443300000018e+00 5.437210882999999058e+02 2.470685272000000055e+01 7.693432608199999959e+04 2.134016051449090082e+04 6.227145231847766809e+03 1.116324449033333440e+04 -1.062658332300000075e+04 -6.700811056214833116e+03 2.533954086360339716e+03 9.990456139666667208e+06 9.999985775000000373e+06 4.563272429000000585e+01
  dtu_10mw_rwt_turb_24.0_47824.dat 1.939639456666666462e+01 1.005384475833333457e+00 5.787014228333332539e+02 2.297254979666666586e+01 7.686591638666666404e+04 1.788749032379633354e+04 3.528862361413700000e+03 1.112967791200000102e+04 -1.058990385566666737e+04 -7.741126870855233392e+03 2.633628899478999756e+03 9.956476244000000879e+06 9.999979749333333224e+06 4.523614791666666690e+01
  dtu_10mw_rwt_turb_24.0_51321.dat 2.136466187333333622e+01 1.004629496133333522e+00 5.397429036333334125e+02 2.501773530333333539e+01 7.490078130666665675e+04 1.961045070158333328e+04 4.595234865104632263e+03 1.106247418133333122e+04 -1.060615922800000044e+04 -6.619816602057926502e+03 2.568078274183266785e+03 9.971724012666666880e+06 9.999963593000000343e+06 4.556072792333332444e+01
  dtu_10mw_rwt_turb_24.0_52263.dat 2.036231728000000274e+01 1.003203822599999961e+00 5.633604026000000431e+02 2.302909321000000276e+01 7.698388319233333459e+04 1.933284768676599924e+04 5.110823351106299924e+03 1.113509343266666474e+04 -1.061823159866666538e+04 -7.460865569733333359e+03 2.567546723848866350e+03 9.981749417666666210e+06 1.000002233799999952e+07 4.540950445000000002e+01
  dtu_10mw_rwt_turb_24.0_55769.dat 2.148949992666666731e+01 1.007467221599999796e+00 5.329635889666666344e+02 2.460175964999999820e+01 7.301343368766666390e+04 1.897163160505206542e+04 3.612630012396933580e+03 1.120849441266666872e+04 -1.057432950433333281e+04 -6.469620375734466506e+03 2.573834845157633026e+03 9.941020195000000298e+06 1.000001976099999994e+07 4.566801792666665705e+01
   dtu_10mw_rwt_turb_5.0_21716.dat 1.900508885200000053e+00 6.279245398999999672e-01 3.471357051333333743e+02 4.766787602666666679e+00 3.587567778492449725e+04 1.919673318860467134e+03 -4.330039815475678552e+03 1.720121318533333351e+03 -1.575232745499999737e+03 -7.615306059999998979e+03 4.481616536192333911e+02 1.481042094466666691e+06 9.302908447999999626e+05 4.420247537666666204e+01
   dtu_10mw_rwt_turb_5.0_40322.dat 1.766659148316666483e+00 6.282051029333333148e-01 3.535264624999999796e+02 4.945196451666666881e+00 3.723804403682499833e+04 1.858804562257563248e+03 -3.815698481465700297e+03 1.582141420733333462e+03 -1.531677141933333360e+03 -7.789877185999999710e+03 4.361825125806668098e+02 1.439947997866666643e+06 9.047602414000000572e+05 4.416019297666667143e+01
   dtu_10mw_rwt_turb_5.0_43619.dat 1.711047553152098111e+00 6.274919087999999423e-01 3.587636077666666097e+02 4.941139406666666289e+00 3.882901005280833488e+04 2.679810971439433615e+03 -2.825026298425433652e+03 2.000520344666666460e+03 -1.794078935233333368e+03 -7.885124581000000035e+03 5.104905827075399998e+02 1.686900682166666724e+06 1.058742649433333427e+06 4.415957326666666205e+01
   dtu_10mw_rwt_turb_5.0_47165.dat 1.111106217509655103e+00 6.278989390333333809e-01 3.693799502999999618e+02 5.644830529333332514e+00 3.987088008553133113e+04 2.168313383651499862e+03 -3.129767715028633575e+03 1.540336522899999864e+03 -1.525639648866666903e+03 -7.927828349333332881e+03 4.314119893469932663e+02 1.434087769666666631e+06 9.007865816666666651e+05 4.417033580333333731e+01
   dtu_10mw_rwt_turb_5.0_47952.dat 1.727080467634787286e+00 6.279900335333333805e-01 3.196362762666666981e+02 4.885429379000000516e+00 3.289201591563499824e+04 1.557329823825466519e+03 -4.221465012382067471e+03 1.384699294700000110e+03 -1.228752108566666720e+03 -7.146663097666665635e+03 3.483710039695000660e+02 1.155458364066666691e+06 7.257417779666666174e+05 4.418506346333334278e+01
   dtu_10mw_rwt_turb_5.0_50292.dat 1.667433918700000017e+00 6.280166658000000401e-01 2.957541063333333113e+02 4.725176021333333587e+00 3.125018084106000242e+04 1.626108717400966498e+03 -3.119991635701166615e+03 1.167517468765666536e+03 -1.029837291199999981e+03 -6.793264861666667457e+03 2.944487435903665755e+02 9.683830963666667230e+05 6.083690664666666416e+05 4.431292636333333945e+01
   dtu_10mw_rwt_turb_6.0_14324.dat 4.357253145206320122e-01 6.281000263666667305e-01 5.274304075999999668e+02 6.602846776000000695e+00 5.932331985851166974e+04 4.013301967721400160e+03 -1.886918982352149669e+03 3.037726223333333564e+03 -2.998269897999999557e+03 -1.040567663866666589e+04 8.388139928543666883e+02 2.818446997666666750e+06 1.770886699666666565e+06 4.397318472666665912e+01
   dtu_10mw_rwt_turb_6.0_26862.dat 5.016020689431979207e-01 6.275830698666666763e-01 5.344374467666666533e+02 6.652264230333332584e+00 6.037203501733333542e+04 4.418070976371433062e+03 -1.721541039106633207e+03 3.290965561666666417e+03 -3.192254557333333196e+03 -1.057093443866666530e+04 8.896231398918332616e+02 3.000932287000000011e+06 1.884014071366666583e+06 4.385468378666666212e+01
   dtu_10mw_rwt_turb_6.0_47824.dat 1.399632558923333381e+00 6.280220141999999228e-01 3.689501104999999939e+02 5.389051422333333008e+00 3.877320297608779219e+04 1.924759802567866473e+03 -3.997280095259500740e+03 1.810196668999999929e+03 -1.621260700366666470e+03 -7.873892055500000424e+03 4.531936830366666982e+02 1.524551025466666557e+06 9.577055586333333049e+05 4.406489154333333857e+01
   dtu_10mw_rwt_turb_6.0_51321.dat 5.465010483198410318e-01 6.283224571000000092e-01 5.199200116000000662e+02 6.684212493333332894e+00 5.727528107861266471e+04 3.787546418660819654e+03 -3.113583991549533494e+03 3.231354434666666748e+03 -3.101733614999999645e+03 -1.032633465000000069e+04 8.663271844670999826e+02 2.916051229999999981e+06 1.833205836233333219e+06 4.376676298333332937e+01
   dtu_10mw_rwt_turb_6.0_52263.dat 1.412619340011354030e+00 6.278200244666666263e-01 4.375005086333333111e+02 5.402905506666666469e+00 4.803722982948333083e+04 3.088213992425156448e+03 -2.746515483615399717e+03 2.527396195999999691e+03 -2.396845516333333762e+03 -9.144067674666666790e+03 6.766184561710332446e+02 2.253315186666666530e+06 1.415222424466666766e+06 4.401572057000000626e+01
   dtu_10mw_rwt_turb_6.0_55769.dat 6.840326186251294294e-01 6.280515849333334621e-01 5.236866972000000260e+02 6.239357912333334255e+00 5.751765350952332665e+04 3.882918068730633422e+03 -3.253016582342600486e+03 3.510707141666666757e+03 -3.250280649333332804e+03 -1.034448634533333461e+04 9.117296094449001203e+02 3.056014483333333395e+06 1.920128212333333446e+06 4.385561248666666501e+01
   dtu_10mw_rwt_turb_7.0_21716.dat 2.620125154050698124e-01 6.393063822666666951e-01 6.365927754000000505e+02 6.839378792999999845e+00 7.116550930000000517e+04 5.024002135582658411e+03 -2.811055184311866924e+03 4.617269801999999800e+03 -4.437932170999999471e+03 -1.222376515166666650e+04 1.238375899064033547e+03 4.172075193666666746e+06 2.687885051333333366e+06 4.373207554333333746e+01
   dtu_10mw_rwt_turb_7.0_40322.dat 4.174413446519029680e-01 6.294140273333332924e-01 6.169140719333332754e+02 6.947629017666666407e+00 6.937126598709332757e+04 5.126995996148533777e+03 -2.250557960987000115e+03 4.414245218000000023e+03 -4.328676038333333963e+03 -1.195258398900000066e+04 1.218661381784366540e+03 4.069113869333333336e+06 2.563139287000000011e+06 4.367008251000000030e+01
   dtu_10mw_rwt_turb_7.0_43619.dat 3.868837710160799581e-01 6.433639982666666812e-01 6.287392986666667412e+02 6.959903493333333024e+00 7.140160897312000452e+04 5.756660524607967091e+03 -1.372106329653263629e+03 4.715036178999999720e+03 -4.476874393999999484e+03 -1.222014654133333352e+04 1.196158594606766655e+03 4.209556161333333701e+06 2.745176070999999996e+06 4.364542708333333110e+01
   dtu_10mw_rwt_turb_7.0_47165.dat 1.273710123252793647e-01 6.280362975333333431e-01 6.101188117333333594e+02 7.583405082333332992e+00 6.931588919801566226e+04 5.446322704349361629e+03 -1.761412601894253385e+03 4.216175722666666843e+03 -4.171235721666665995e+03 -1.169600774233333323e+04 1.161149651867636749e+03 3.920957212333333213e+06 2.464253533666666597e+06 4.369866615333333471e+01
   dtu_10mw_rwt_turb_7.0_47952.dat 4.120604584367289491e-01 6.280522715666666533e-01 5.764333018666666248e+02 6.882954967666666590e+00 6.430132596999999805e+04 4.318396620823469675e+03 -2.628956493124806457e+03 3.938439424666666582e+03 -3.739794914999999492e+03 -1.119859001100000023e+04 1.038607880044666445e+03 3.515979954333333299e+06 2.208730468666666653e+06 4.369368717333333052e+01
   dtu_10mw_rwt_turb_7.0_50292.dat 6.305617848856319707e-01 6.304845590333333361e-01 5.413474569666666412e+02 6.747595282666666527e+00 6.133074415153333393e+04 4.533028318214356659e+03 -1.463626546232929968e+03 3.585178680666666423e+03 -3.394327607333332708e+03 -1.067253935499999898e+04 9.692797775037665815e+02 3.191069259000000078e+06 2.018564758966666646e+06 4.377074982333333963e+01
   dtu_10mw_rwt_turb_8.0_14324.dat 4.453094574396667814e-04 6.669789564999999421e-01 7.905670299333332878e+02 8.566166409333334286e+00 9.159978773400001228e+04 7.910041982818032920e+03 -2.739045006907001607e+02 6.209013203000000431e+03 -6.125973445999999967e+03 -1.457994404566666708e+04 1.676782199777966753e+03 5.758518127000000328e+06 3.861024716000000015e+06 4.346320959666666539e+01
   dtu_10mw_rwt_turb_8.0_26862.dat 2.886996857643116948e-02 6.847648509333335021e-01 8.272831972666666616e+02 8.655122789666666705e+00 9.604945854333332682e+04 8.308723241360667089e+03 -3.853463422571678620e+01 6.560346400999999787e+03 -6.411378109000000222e+03 -1.529467078299999957e+04 1.721204902894599627e+03 6.028064790333333425e+06 4.174860000666666776e+06 4.332595048999999676e+01
   dtu_10mw_rwt_turb_8.0_47824.dat 2.668213676664036860e-01 6.313491912333333289e-01 6.160232907999999270e+02 7.338790561999999795e+00 6.913258100914099487e+04 4.860192614468366628e+03 -2.422124703140866586e+03 4.477014558333333298e+03 -4.247767793666666876e+03 -1.177326715433333266e+04 1.214623120598056630e+03 3.993616541666666511e+06 2.526423558866666630e+06 4.352078759000000474e+01
   dtu_10mw_rwt_turb_8.0_51321.dat 4.729563154600468361e-02 6.821610053999999090e-01 8.105280003333333525e+02 8.725117916000000307e+00 9.284248868333332939e+04 7.351329179394500898e+03 -1.368168036617136522e+03 6.363388980666667521e+03 -6.199277018333334127e+03 -1.496343313833333195e+04 1.713360954071333254e+03 5.827263764000000432e+06 4.043091196666666772e+06 4.327456599666667358e+01
   dtu_10mw_rwt_turb_8.0_52263.dat 3.033288027601629411e-01 6.523893514333333199e-01 7.105255255333332798e+02 7.358164795666666258e+00 8.121381509666667262e+04 6.561728865253933691e+03 -1.216720680134993245e+03 5.556995100333332630e+03 -5.384916478333333544e+03 -1.350016069966666691e+04 1.466717139590133456e+03 5.062432798999999650e+06 3.334498946333333384e+06 4.341399540333333107e+01
   dtu_10mw_rwt_turb_8.0_55769.dat 5.658879434701163946e-02 6.882565202333332799e-01 8.292813967999999250e+02 8.330376954666668610e+00 9.474480675666665775e+04 7.327093240903033802e+03 -1.551462261955083932e+03 6.770102439999999660e+03 -6.473288064000000304e+03 -1.528156853000000046e+04 1.766246668778566800e+03 6.085264741000000387e+06 4.239037047333333641e+06 4.319548732333333874e+01
   dtu_10mw_rwt_turb_9.0_21716.dat 4.896884278333332458e-05 7.474212232666667122e-01 9.915769559666665600e+02 8.896226559000000478e+00 1.141803761033333285e+05 8.473010952746401017e+03 -9.173203278878999072e+02 7.973470276666666905e+03 -7.749136528666666891e+03 -1.809451585700000214e+04 2.223872971621673514e+03 7.285423835333333351e+06 5.570659140666666441e+06 4.287692272333332966e+01
   dtu_10mw_rwt_turb_9.0_40322.dat 4.047815182732999312e-02 7.359322092666665815e-01 9.661139089000000695e+02 8.954920387333334730e+00 1.120635802100000001e+05 8.763729311039332970e+03 -8.869993053256648352e+01 7.663543178333332435e+03 -7.535554106999999931e+03 -1.772641853099999935e+04 2.093692923562733540e+03 7.083040463333332911e+06 5.267914051666666754e+06 4.287450810666666712e+01
   dtu_10mw_rwt_turb_9.0_43619.dat 3.558170107673999747e-03 7.441054383000000882e-01 9.729155306000000110e+02 8.997595897333333426e+00 1.134693791199999978e+05 9.106779419493666865e+03 5.822481269824500032e+02 8.002830488333334870e+03 -7.707466886666666142e+03 -1.782623615666666592e+04 2.209433981428333482e+03 7.248166475333333015e+06 5.528238644000000320e+06 4.285912943666667019e+01
   dtu_10mw_rwt_turb_9.0_47165.dat 2.310872169454666718e-03 7.245057940666665974e-01 9.267053565666665236e+02 9.543450434666667093e+00 1.079159048966666742e+05 9.077018506224399971e+03 8.836632172620012682e+01 7.362068103333333056e+03 -7.275470060333333095e+03 -1.687119524566666587e+04 2.046431233993899923e+03 6.839947779333333485e+06 5.019009902666666545e+06 4.308790043999999853e+01
   dtu_10mw_rwt_turb_9.0_47952.dat 5.051486505999998273e-05 7.071347907666667432e-01 8.869600917666666646e+02 8.894582253333332744e+00 1.022524233233333216e+05 7.635375389586265555e+03 -7.517315575161533161e+02 7.189414351666666334e+03 -6.932449069666668038e+03 -1.622513026499999796e+04 1.954430862065700239e+03 6.516929578999999911e+06 4.623360097666666843e+06 4.312026812666667297e+01
   dtu_10mw_rwt_turb_9.0_50292.dat 2.993209145593226858e-02 6.929082037666666194e-01 8.445553888000000597e+02 8.753377382333331624e+00 9.833883521666667366e+04 7.987851670840201223e+03 3.742926178742601451e+02 6.767019510333333528e+03 -6.505476662000000033e+03 -1.559384871433333319e+04 1.790779705653566680e+03 6.115629827666666359e+06 4.331630943666666746e+06 4.320090282666666326e+01
