Statistics: max. Generated: 11/11/2020 09:01:37. No. files: 120.
                              File                       4                      10                      13                      15                      19                      20                      22                      23                      27                      28                      29                      72                     102                     110
  dtu_10mw_rwt_turb_10.0_14324.dat 9.282250000000000223e-02 9.516189999999999927e-01 1.694200000000000045e+03 1.467099999999999937e+01 2.035690000000000000e+05 2.897840000000000146e+04 1.551439999999999964e+04 1.203770000000000073e+04 -7.644439999999999600e+03 -1.232560000000000036e+04 1.506839999999999964e+04 1.090400000000000000e+07 1.024450000000000000e+07 7.474439999999999884e+01
  dtu_10mw_rwt_turb_10.0_26862.dat 4.851000000000000142e-05 9.435139999999999638e-01 1.582369999999999891e+03 1.487369999999999948e+01 1.941390000000000000e+05 2.325920000000000073e+04 1.378589999999999964e+04 1.241700000000000000e+04 -7.276619999999999891e+03 -1.134510000000000036e+04 1.335570000000000073e+04 1.074640000000000000e+07 1.011190000000000000e+07 7.482179999999999609e+01
  dtu_10mw_rwt_turb_10.0_47824.dat 1.476190000000000002e-01 8.182840000000000114e-01 1.260369999999999891e+03 1.255840000000000067e+01 1.629520000000000000e+05 3.191050000000000000e+04 9.958440000000000509e+03 1.007350000000000000e+04 -3.917130000000000109e+03 -3.202730000000000018e+03 1.371910000000000036e+04 8.734260000000000000e+06 7.155590000000000000e+06 7.503969999999999629e+01
  dtu_10mw_rwt_turb_10.0_51321.dat 5.409720000000000084e+00 1.038310000000000066e+00 1.794970000000000027e+03 1.579739999999999966e+01 2.138780000000000000e+05 2.340540000000000146e+04 1.340170000000000073e+04 1.244250000000000000e+04 -6.110489999999999782e+03 -7.255960000000000036e+03 1.454889999999999964e+04 1.074420000000000000e+07 1.014760000000000000e+07 7.501609999999999445e+01
  dtu_10mw_rwt_turb_10.0_52263.dat 4.563070000000000320e-02 9.051059999999999661e-01 1.533000000000000000e+03 1.427779999999999916e+01 1.867650000000000000e+05 2.364890000000000146e+04 9.353100000000000364e+03 1.232079999999999927e+04 -6.253649999999999636e+03 -9.751389999999999418e+03 1.458289999999999964e+04 1.064630000000000000e+07 9.643300000000000000e+06 7.492090000000000316e+01
  dtu_10mw_rwt_turb_10.0_55769.dat 2.722980000000000178e+00 1.020000000000000018e+00 1.758079999999999927e+03 1.481489999999999974e+01 2.208710000000000000e+05 2.844970000000000073e+04 1.744440000000000146e+04 1.246929999999999927e+04 -6.620260000000000218e+03 -9.075579999999999927e+03 1.535289999999999964e+04 1.085020000000000000e+07 1.020690000000000000e+07 7.481279999999999575e+01
  dtu_10mw_rwt_turb_11.0_21716.dat 7.283949999999999925e+00 1.050459999999999949e+00 1.806589999999999918e+03 1.581090000000000018e+01 2.167740000000000000e+05 3.813950000000000000e+04 1.586120000000000073e+04 1.285079999999999927e+04 -6.727989999999999782e+03 -7.956750000000000000e+03 1.449470000000000073e+04 1.099190000000000000e+07 1.025920000000000000e+07 7.488559999999999661e+01
  dtu_10mw_rwt_turb_11.0_40322.dat 4.929660000000000153e+00 1.035949999999999926e+00 1.728079999999999927e+03 1.515090000000000003e+01 2.167800000000000000e+05 2.551550000000000000e+04 1.442110000000000036e+04 1.249689999999999964e+04 -8.063340000000000146e+03 -1.368689999999999964e+04 1.388350000000000000e+04 1.082830000000000000e+07 1.022490000000000000e+07 7.475610000000000355e+01
  dtu_10mw_rwt_turb_11.0_43619.dat 8.096289999999999765e+00 1.026839999999999975e+00 1.733059999999999945e+03 1.804429999999999978e+01 2.076920000000000000e+05 3.473380000000000291e+04 2.233340000000000146e+04 1.314239999999999964e+04 -7.653350000000000364e+03 -8.694290000000000873e+03 1.494529999999999927e+04 1.094780000000000000e+07 1.027180000000000000e+07 7.493519999999999470e+01
  dtu_10mw_rwt_turb_11.0_47165.dat 5.019190000000000040e+00 1.044569999999999999e+00 1.764569999999999936e+03 1.697729999999999961e+01 2.251150000000000000e+05 3.166659999999999854e+04 1.715870000000000073e+04 1.245239999999999964e+04 -7.578579999999999927e+03 -7.551689999999999600e+03 1.386170000000000073e+04 1.091660000000000000e+07 1.025640000000000000e+07 7.495919999999999561e+01
  dtu_10mw_rwt_turb_11.0_47952.dat 4.800000000000000122e-05 9.417029999999999568e-01 1.677509999999999991e+03 1.566000000000000014e+01 2.003610000000000000e+05 2.756700000000000000e+04 1.420239999999999964e+04 1.286489999999999964e+04 -8.792829999999999927e+03 -1.151210000000000036e+04 1.463350000000000000e+04 1.099590000000000000e+07 1.019540000000000000e+07 7.453879999999999484e+01
  dtu_10mw_rwt_turb_11.0_50292.dat 6.822799999999999976e+00 1.055109999999999992e+00 1.770549999999999955e+03 1.608220000000000027e+01 2.114070000000000000e+05 2.638420000000000073e+04 1.548279999999999927e+04 1.300550000000000000e+04 -6.987520000000000437e+03 -1.007600000000000000e+04 1.375720000000000073e+04 1.090750000000000000e+07 1.025330000000000000e+07 7.480010000000000048e+01
  dtu_10mw_rwt_turb_12.0_14324.dat 8.650249999999999773e+00 1.044270000000000032e+00 1.725119999999999891e+03 1.761210000000000164e+01 2.080930000000000000e+05 2.951150000000000000e+04 1.722020000000000073e+04 1.226989999999999964e+04 -9.811430000000000291e+03 -3.475139999999999873e+03 1.378000000000000000e+04 1.054240000000000000e+07 1.002840000000000000e+07 7.487229999999999563e+01
  dtu_10mw_rwt_turb_12.0_26862.dat 8.080569999999999808e+00 1.052319999999999922e+00 1.773420000000000073e+03 1.749869999999999948e+01 2.183720000000000000e+05 2.875590000000000146e+04 1.691259999999999854e+04 1.251470000000000073e+04 -9.790989999999999782e+03 -8.712510000000000218e+03 1.432820000000000073e+04 1.085090000000000000e+07 1.023040000000000000e+07 7.506740000000000634e+01
  dtu_10mw_rwt_turb_12.0_47824.dat 5.111449999999999605e+00 1.030270000000000019e+00 1.768160000000000082e+03 1.510689999999999955e+01 2.039530000000000000e+05 2.487270000000000073e+04 1.538350000000000000e+04 1.249910000000000036e+04 -6.817239999999999782e+03 -5.914050000000000182e+03 1.497629999999999927e+04 1.092230000000000000e+07 1.026780000000000000e+07 7.481180000000000518e+01
  dtu_10mw_rwt_turb_12.0_51321.dat 1.060340000000000060e+01 1.048710000000000031e+00 1.778779999999999973e+03 1.825199999999999889e+01 2.145320000000000000e+05 3.640159999999999854e+04 2.170850000000000000e+04 1.272160000000000036e+04 -9.050129999999999200e+03 -5.826609999999999673e+03 1.482689999999999964e+04 1.094580000000000000e+07 1.025640000000000000e+07 7.513110000000000355e+01
  dtu_10mw_rwt_turb_12.0_52263.dat 7.587100000000000399e+00 1.049460000000000059e+00 1.802410000000000082e+03 1.703640000000000043e+01 2.123420000000000000e+05 3.059900000000000000e+04 1.457579999999999927e+04 1.287900000000000000e+04 -9.251229999999999563e+03 -1.048889999999999964e+04 1.407070000000000073e+04 1.089970000000000000e+07 1.023430000000000000e+07 7.484260000000000446e+01
  dtu_10mw_rwt_turb_12.0_55769.dat 9.320280000000000342e+00 1.049169999999999936e+00 1.891170000000000073e+03 1.769849999999999923e+01 2.105860000000000000e+05 2.846620000000000073e+04 1.500589999999999964e+04 1.339410000000000036e+04 -9.440139999999999418e+03 -6.007439999999999600e+03 1.506479999999999927e+04 1.093090000000000000e+07 1.026810000000000000e+07 7.513339999999999463e+01
  dtu_10mw_rwt_turb_13.0_21716.dat 1.129809999999999981e+01 1.048070000000000057e+00 1.751279999999999973e+03 1.878369999999999962e+01 2.108050000000000000e+05 3.465140000000000146e+04 1.707420000000000073e+04 1.325839999999999964e+04 -8.924780000000000655e+03 -5.148890000000000327e+03 1.440310000000000036e+04 1.094320000000000000e+07 1.025540000000000000e+07 7.510190000000000055e+01
  dtu_10mw_rwt_turb_13.0_40322.dat 9.839209999999999567e+00 1.041220000000000034e+00 1.659880000000000109e+03 1.786080000000000112e+01 1.974250000000000000e+05 2.918459999999999854e+04 1.577470000000000073e+04 1.231500000000000000e+04 -9.495120000000000800e+03 -6.116149999999999636e+03 1.426679999999999927e+04 1.044380000000000000e+07 1.003020000000000000e+07 7.523029999999999973e+01
  dtu_10mw_rwt_turb_13.0_43619.dat 1.167259999999999920e+01 1.054489999999999927e+00 1.775210000000000036e+03 2.093819999999999837e+01 2.096000000000000000e+05 2.723600000000000000e+04 2.078220000000000073e+04 1.254060000000000036e+04 -7.682340000000000146e+03 -4.756840000000000146e+03 1.428000000000000000e+04 1.095040000000000000e+07 1.029960000000000000e+07 7.518300000000000693e+01
  dtu_10mw_rwt_turb_13.0_47165.dat 1.026079999999999970e+01 1.052990000000000093e+00 1.748950000000000045e+03 1.957760000000000034e+01 2.175000000000000000e+05 2.810540000000000146e+04 2.034520000000000073e+04 1.252789999999999964e+04 -9.575299999999999272e+03 -5.980029999999999745e+03 1.404350000000000000e+04 1.092360000000000000e+07 1.025670000000000000e+07 7.525060000000000571e+01
  dtu_10mw_rwt_turb_13.0_47952.dat 8.153529999999999944e+00 1.047630000000000061e+00 1.478799999999999955e+03 1.826229999999999976e+01 1.891930000000000000e+05 3.122529999999999927e+04 1.920140000000000146e+04 1.239460000000000036e+04 -9.605309999999999491e+03 -7.624609999999999673e+03 1.445729999999999927e+04 1.032550000000000000e+07 1.002100000000000000e+07 7.501990000000000691e+01
  dtu_10mw_rwt_turb_13.0_50292.dat 1.120069999999999943e+01 1.050780000000000047e+00 1.741240000000000009e+03 1.895400000000000063e+01 2.150590000000000000e+05 2.917450000000000000e+04 1.587670000000000073e+04 1.271789999999999964e+04 -9.493950000000000728e+03 -5.296319999999999709e+03 1.482850000000000000e+04 1.096040000000000000e+07 1.028040000000000000e+07 7.504059999999999775e+01
  dtu_10mw_rwt_turb_14.0_14324.dat 1.238909999999999911e+01 1.047039999999999971e+00 1.363740000000000009e+03 2.055300000000000082e+01 1.651990000000000000e+05 4.394390000000000146e+04 1.862709999999999854e+04 1.255379999999999927e+04 -9.177329999999999927e+03 2.631780000000000200e+03 1.411950000000000000e+04 1.063510000000000000e+07 1.004780000000000000e+07 7.510809999999999320e+01
  dtu_10mw_rwt_turb_14.0_26862.dat 1.180070000000000086e+01 1.047749999999999959e+00 1.254259999999999991e+03 2.002840000000000131e+01 1.554660000000000000e+05 3.136740000000000146e+04 1.900200000000000000e+04 1.219329999999999927e+04 -9.540610000000000582e+03 -3.640980000000000018e+03 1.406250000000000000e+04 1.043320000000000000e+07 1.002580000000000000e+07 7.532030000000000314e+01
  dtu_10mw_rwt_turb_14.0_47824.dat 9.966779999999999973e+00 1.041770000000000085e+00 1.695049999999999955e+03 1.776859999999999928e+01 2.191960000000000000e+05 3.304680000000000291e+04 1.649340000000000146e+04 1.375479999999999927e+04 -9.803270000000000437e+03 -6.239319999999999709e+03 1.437870000000000073e+04 1.089570000000000000e+07 1.025160000000000000e+07 7.512059999999999604e+01
  dtu_10mw_rwt_turb_14.0_51321.dat 1.398830000000000062e+01 1.051479999999999970e+00 1.588670000000000073e+03 2.085340000000000060e+01 1.923150000000000000e+05 4.895569999999999709e+04 2.252370000000000073e+04 1.297079999999999927e+04 -9.051040000000000873e+03 -2.474570000000000164e+03 1.495250000000000000e+04 1.091030000000000000e+07 1.004260000000000000e+07 7.536419999999999675e+01
  dtu_10mw_rwt_turb_14.0_52263.dat 1.159590000000000032e+01 1.049960000000000004e+00 1.395980000000000018e+03 1.971799999999999997e+01 1.806930000000000000e+05 2.669479999999999927e+04 1.590379999999999927e+04 1.249779999999999927e+04 -9.605899999999999636e+03 -6.692500000000000000e+03 1.468870000000000073e+04 1.054200000000000000e+07 1.002430000000000000e+07 7.519140000000000157e+01
  dtu_10mw_rwt_turb_14.0_55769.dat 1.266109999999999935e+01 1.059290000000000065e+00 1.621529999999999973e+03 2.047779999999999845e+01 1.959220000000000000e+05 3.367700000000000000e+04 1.606220000000000073e+04 1.344689999999999964e+04 -9.596620000000000800e+03 -2.231870000000000118e+02 1.552170000000000073e+04 1.061880000000000000e+07 1.002730000000000000e+07 7.529540000000000077e+01
  dtu_10mw_rwt_turb_15.0_21716.dat 1.438010000000000055e+01 1.049909999999999899e+00 1.599920000000000073e+03 2.160900000000000176e+01 1.977110000000000000e+05 3.492119999999999709e+04 1.850009999999999854e+04 1.328110000000000036e+04 -9.227260000000000218e+03 -1.840990000000000009e+03 1.517379999999999927e+04 1.087360000000000000e+07 1.003760000000000000e+07 7.528789999999999338e+01
  dtu_10mw_rwt_turb_15.0_40322.dat 1.307039999999999935e+01 1.044790000000000108e+00 1.296319999999999936e+03 2.045949999999999847e+01 1.524160000000000000e+05 3.621269999999999709e+04 1.831270000000000073e+04 1.263150000000000000e+04 -9.666659999999999854e+03 -1.476480000000000018e+03 1.499470000000000073e+04 1.050970000000000000e+07 1.002280000000000000e+07 7.554259999999999309e+01
  dtu_10mw_rwt_turb_15.0_43619.dat 1.462030000000000030e+01 1.060489999999999933e+00 1.373089999999999918e+03 2.363169999999999860e+01 1.684620000000000000e+05 3.479980000000000291e+04 2.231040000000000146e+04 1.267520000000000073e+04 -9.063010000000000218e+03 -1.562460000000000093e+02 1.506950000000000000e+04 1.060010000000000000e+07 1.004950000000000000e+07 7.542149999999999466e+01
  dtu_10mw_rwt_turb_15.0_47165.dat 1.347039999999999971e+01 1.068459999999999965e+00 1.511509999999999991e+03 2.218710000000000093e+01 1.854350000000000000e+05 4.595790000000000146e+04 2.056300000000000000e+04 1.262979999999999927e+04 -9.112139999999999418e+03 -1.844660000000000082e+03 1.486600000000000000e+04 1.067710000000000000e+07 1.004270000000000000e+07 7.549890000000000612e+01
  dtu_10mw_rwt_turb_15.0_47952.dat 1.200450000000000017e+01 1.052459999999999951e+00 1.213220000000000027e+03 2.108920000000000172e+01 1.632010000000000000e+05 3.758819999999999709e+04 1.889420000000000073e+04 1.273760000000000036e+04 -9.569020000000000437e+03 -2.790820000000000164e+03 1.494529999999999927e+04 1.041250000000000000e+07 1.003460000000000000e+07 7.537350000000000705e+01
  dtu_10mw_rwt_turb_15.0_50292.dat 1.446340000000000003e+01 1.055320000000000036e+00 1.366079999999999927e+03 2.177420000000000044e+01 1.610130000000000000e+05 3.425519999999999709e+04 1.600700000000000000e+04 1.272829999999999927e+04 -9.406520000000000437e+03 -2.149739999999999782e+03 1.474789999999999964e+04 1.056650000000000000e+07 1.003420000000000000e+07 7.525879999999999370e+01
  dtu_10mw_rwt_turb_16.0_14324.dat 1.535079999999999956e+01 1.056599999999999984e+00 1.162349999999999909e+03 2.342960000000000065e+01 1.447500000000000000e+05 4.922209999999999854e+04 1.971090000000000146e+04 1.279800000000000000e+04 -9.000440000000000509e+03 5.464409999999999854e+03 1.527120000000000073e+04 1.074440000000000000e+07 1.004680000000000000e+07 7.537879999999999825e+01
  dtu_10mw_rwt_turb_16.0_26862.dat 1.472620000000000040e+01 1.053439999999999932e+00 1.077200000000000045e+03 2.241159999999999997e+01 1.419850000000000000e+05 3.552859999999999854e+04 2.005440000000000146e+04 1.251239999999999964e+04 -9.648469999999999345e+03 3.947640000000000100e+02 1.476200000000000000e+04 1.056250000000000000e+07 1.002370000000000000e+07 7.545969999999999800e+01
  dtu_10mw_rwt_turb_16.0_47824.dat 1.323320000000000007e+01 1.045260000000000078e+00 1.339509999999999991e+03 2.051180000000000092e+01 1.736700000000000000e+05 3.931769999999999709e+04 1.672940000000000146e+04 1.363110000000000036e+04 -9.518209999999999127e+03 -9.073709999999999809e+02 1.535270000000000073e+04 1.077350000000000000e+07 1.003460000000000000e+07 7.541979999999999507e+01
  dtu_10mw_rwt_turb_16.0_51321.dat 1.682700000000000173e+01 1.059600000000000097e+00 1.231849999999999909e+03 2.345179999999999865e+01 1.572150000000000000e+05 4.035990000000000146e+04 2.569229999999999927e+04 1.301739999999999964e+04 -9.095399999999999636e+03 2.718530000000000200e+03 1.501860000000000036e+04 1.096710000000000000e+07 1.004930000000000000e+07 7.550799999999999557e+01
  dtu_10mw_rwt_turb_16.0_52263.dat 1.456220000000000070e+01 1.056669999999999998e+00 1.182130000000000109e+03 2.226630000000000109e+01 1.577180000000000000e+05 3.136920000000000073e+04 1.818529999999999927e+04 1.272410000000000036e+04 -9.359840000000000146e+03 -2.397590000000000146e+03 1.514829999999999927e+04 1.059630000000000000e+07 1.003370000000000000e+07 7.540109999999999957e+01
  dtu_10mw_rwt_turb_16.0_55769.dat 1.538589999999999947e+01 1.063600000000000101e+00 1.334380000000000109e+03 2.317559999999999931e+01 1.688350000000000000e+05 4.154669999999999709e+04 1.770490000000000146e+04 1.365679999999999927e+04 -9.180450000000000728e+03 4.131819999999999709e+03 1.702990000000000146e+04 1.069490000000000000e+07 1.003590000000000000e+07 7.557290000000000418e+01
  dtu_10mw_rwt_turb_17.0_21716.dat 1.709530000000000172e+01 1.055029999999999912e+00 1.309640000000000100e+03 2.434329999999999927e+01 1.676260000000000000e+05 4.568030000000000291e+04 2.064329999999999927e+04 1.313150000000000000e+04 -9.348670000000000073e+03 1.254680000000000064e+03 1.598700000000000000e+04 1.092770000000000000e+07 1.004080000000000000e+07 7.540959999999999752e+01
  dtu_10mw_rwt_turb_17.0_40322.dat 1.578930000000000078e+01 1.053420000000000023e+00 1.154269999999999982e+03 2.294750000000000156e+01 1.342200000000000000e+05 3.523640000000000146e+04 2.076840000000000146e+04 1.273739999999999964e+04 -9.420370000000000800e+03 9.903410000000000082e+02 1.603389999999999964e+04 1.050830000000000000e+07 1.003200000000000000e+07 7.577270000000000039e+01
  dtu_10mw_rwt_turb_17.0_43619.dat 1.714930000000000021e+01 1.067099999999999937e+00 1.188039999999999964e+03 2.616019999999999968e+01 1.453570000000000000e+05 3.539809999999999854e+04 2.396850000000000000e+04 1.293650000000000000e+04 -9.300790000000000873e+03 3.475119999999999891e+03 1.584810000000000036e+04 1.067100000000000000e+07 1.003270000000000000e+07 7.556430000000000291e+01
  dtu_10mw_rwt_turb_17.0_47165.dat 1.630920000000000059e+01 1.077590000000000048e+00 1.333130000000000109e+03 2.478500000000000014e+01 1.630890000000000000e+05 3.948680000000000291e+04 2.255440000000000146e+04 1.262420000000000073e+04 -8.746010000000000218e+03 2.152190000000000055e+03 1.527810000000000036e+04 1.092900000000000000e+07 1.005070000000000000e+07 7.564270000000000493e+01
  dtu_10mw_rwt_turb_17.0_47952.dat 1.506680000000000064e+01 1.063109999999999999e+00 1.087240000000000009e+03 2.422340000000000160e+01 1.526490000000000000e+05 4.575140000000000146e+04 2.024350000000000000e+04 1.306229999999999927e+04 -9.175079999999999927e+03 5.198010000000000446e+02 1.721800000000000000e+04 1.045240000000000000e+07 1.003640000000000000e+07 7.570149999999999579e+01
  dtu_10mw_rwt_turb_17.0_50292.dat 1.725069999999999837e+01 1.067139999999999977e+00 1.155890000000000100e+03 2.464900000000000091e+01 1.432170000000000000e+05 4.031609999999999854e+04 1.850500000000000000e+04 1.305810000000000036e+04 -9.350670000000000073e+03 5.088729999999999905e+02 1.584779999999999927e+04 1.068760000000000000e+07 1.002950000000000000e+07 7.546120000000000516e+01
  dtu_10mw_rwt_turb_18.0_14324.dat 1.791519999999999868e+01 1.066179999999999906e+00 1.093509999999999991e+03 2.626129999999999853e+01 1.323000000000000000e+05 4.572300000000000000e+04 2.281640000000000146e+04 1.285320000000000073e+04 -8.713100000000000364e+03 1.137789999999999964e+04 1.535700000000000000e+04 1.092710000000000000e+07 1.004550000000000000e+07 7.552580000000000382e+01
  dtu_10mw_rwt_turb_18.0_26862.dat 1.734039999999999893e+01 1.064319999999999933e+00 9.824439999999999600e+02 2.471170000000000044e+01 1.363950000000000000e+05 4.068800000000000000e+04 2.217070000000000073e+04 1.270120000000000073e+04 -9.479479999999999563e+03 3.318309999999999945e+03 1.678150000000000000e+04 1.071150000000000000e+07 1.003270000000000000e+07 7.561020000000000607e+01
  dtu_10mw_rwt_turb_18.0_47824.dat 1.598600000000000065e+01 1.054850000000000065e+00 1.118140000000000100e+03 2.335950000000000060e+01 1.457980000000000000e+05 3.721709999999999854e+04 1.800600000000000000e+04 1.350850000000000000e+04 -9.280329999999999927e+03 3.051829999999999927e+03 1.620179999999999927e+04 1.093040000000000000e+07 1.004060000000000000e+07 7.559650000000000603e+01
  dtu_10mw_rwt_turb_18.0_51321.dat 1.933549999999999969e+01 1.066810000000000036e+00 1.084490000000000009e+03 2.602899999999999991e+01 1.441090000000000000e+05 5.296130000000000291e+04 2.809359999999999854e+04 1.326189999999999964e+04 -8.671139999999999418e+03 5.623930000000000291e+03 1.593429999999999927e+04 1.116630000000000000e+07 1.006170000000000000e+07 7.568619999999999948e+01
  dtu_10mw_rwt_turb_18.0_52263.dat 1.724149999999999849e+01 1.069569999999999910e+00 1.062720000000000027e+03 2.474520000000000053e+01 1.531850000000000000e+05 4.670430000000000291e+04 1.996670000000000073e+04 1.305470000000000073e+04 -9.256790000000000873e+03 5.281019999999999754e+02 1.563239999999999964e+04 1.064840000000000000e+07 1.003270000000000000e+07 7.554739999999999611e+01
  dtu_10mw_rwt_turb_18.0_55769.dat 1.792830000000000013e+01 1.065409999999999968e+00 1.229539999999999964e+03 2.580470000000000041e+01 1.619280000000000000e+05 5.440740000000000146e+04 1.841690000000000146e+04 1.430960000000000036e+04 -9.031200000000000728e+03 7.475050000000000182e+03 1.769790000000000146e+04 1.082180000000000000e+07 1.003420000000000000e+07 7.565739999999999554e+01
  dtu_10mw_rwt_turb_19.0_21716.dat 1.962020000000000053e+01 1.060550000000000104e+00 1.182210000000000036e+03 2.697670000000000101e+01 1.557170000000000000e+05 5.184390000000000146e+04 2.386059999999999854e+04 1.365029999999999927e+04 -9.214250000000000000e+03 3.622730000000000018e+03 1.688079999999999927e+04 1.111190000000000000e+07 1.005030000000000000e+07 7.576980000000000359e+01
  dtu_10mw_rwt_turb_19.0_40322.dat 1.825110000000000099e+01 1.061309999999999976e+00 1.080519999999999982e+03 2.533650000000000091e+01 1.284430000000000000e+05 3.982740000000000146e+04 2.297809999999999854e+04 1.302600000000000000e+04 -9.515840000000000146e+03 6.928770000000000437e+03 1.619829999999999927e+04 1.059690000000000000e+07 1.003460000000000000e+07 7.588679999999999382e+01
  dtu_10mw_rwt_turb_19.0_43619.dat 1.955940000000000012e+01 1.078540000000000054e+00 1.074589999999999918e+03 2.856629999999999825e+01 1.343760000000000000e+05 4.120130000000000291e+04 2.524200000000000000e+04 1.306120000000000073e+04 -9.273649999999999636e+03 5.230439999999999600e+03 1.611970000000000073e+04 1.084550000000000000e+07 1.003130000000000000e+07 7.569089999999999918e+01
  dtu_10mw_rwt_turb_19.0_47165.dat 1.876219999999999999e+01 1.086610000000000076e+00 1.229440000000000055e+03 2.732969999999999899e+01 1.545760000000000000e+05 4.643200000000000000e+04 2.411579999999999927e+04 1.278500000000000000e+04 -8.822909999999999854e+03 3.637449999999999818e+03 1.578039999999999964e+04 1.108050000000000000e+07 1.004850000000000000e+07 7.587529999999999575e+01
  dtu_10mw_rwt_turb_19.0_47952.dat 1.772269999999999968e+01 1.066840000000000011e+00 1.029970000000000027e+03 2.734619999999999962e+01 1.465160000000000000e+05 5.132369999999999709e+04 2.277479999999999927e+04 1.321800000000000000e+04 -9.170030000000000655e+03 6.081359999999999673e+03 1.669450000000000000e+04 1.055890000000000000e+07 1.004140000000000000e+07 7.589490000000000691e+01
  dtu_10mw_rwt_turb_19.0_50292.dat 1.969290000000000163e+01 1.075970000000000093e+00 1.080180000000000064e+03 2.749030000000000129e+01 1.341220000000000000e+05 4.224000000000000000e+04 1.958100000000000000e+04 1.313429999999999927e+04 -8.925440000000000509e+03 3.426650000000000091e+03 1.648109999999999854e+04 1.086610000000000000e+07 1.005200000000000000e+07 7.559300000000000352e+01
  dtu_10mw_rwt_turb_20.0_14324.dat 2.042790000000000106e+01 1.078379999999999894e+00 1.048470000000000027e+03 2.901500000000000057e+01 1.495890000000000000e+05 4.916009999999999854e+04 2.610070000000000073e+04 1.335479999999999927e+04 -9.004239999999999782e+03 1.224570000000000073e+04 1.629589999999999964e+04 1.102150000000000000e+07 1.004670000000000000e+07 7.572759999999999536e+01
  dtu_10mw_rwt_turb_20.0_26862.dat 1.987569999999999837e+01 1.069669999999999899e+00 8.918479999999999563e+02 2.692200000000000060e+01 1.276720000000000000e+05 5.913780000000000291e+04 2.601670000000000073e+04 1.294129999999999927e+04 -9.277360000000000582e+03 6.894979999999999563e+03 1.686450000000000000e+04 1.075660000000000000e+07 1.003400000000000000e+07 7.578959999999999297e+01
  dtu_10mw_rwt_turb_20.0_47824.dat 1.849409999999999954e+01 1.066040000000000099e+00 9.679859999999999900e+02 2.624269999999999925e+01 1.353450000000000000e+05 4.957019999999999709e+04 2.143579999999999927e+04 1.404710000000000036e+04 -9.391489999999999782e+03 3.036059999999999945e+03 1.595860000000000036e+04 1.105770000000000000e+07 1.003170000000000000e+07 7.569259999999999877e+01
  dtu_10mw_rwt_turb_20.0_51321.dat 2.161619999999999919e+01 1.078459999999999974e+00 9.978930000000000291e+02 2.854189999999999827e+01 1.401680000000000000e+05 6.117580000000000291e+04 2.847129999999999927e+04 1.379389999999999964e+04 -8.753440000000000509e+03 6.764289999999999964e+03 1.624839999999999964e+04 1.128640000000000000e+07 1.005790000000000000e+07 7.598050000000000637e+01
  dtu_10mw_rwt_turb_20.0_52263.dat 1.965889999999999915e+01 1.071749999999999980e+00 1.011659999999999968e+03 2.708689999999999998e+01 1.422670000000000000e+05 4.889750000000000000e+04 2.255540000000000146e+04 1.317960000000000036e+04 -8.613020000000000437e+03 2.193769999999999982e+03 1.752750000000000000e+04 1.079880000000000000e+07 1.005490000000000000e+07 7.563349999999999795e+01
  dtu_10mw_rwt_turb_20.0_55769.dat 2.026679999999999993e+01 1.074869999999999992e+00 1.148150000000000091e+03 2.850590000000000046e+01 1.409950000000000000e+05 5.649409999999999854e+04 2.001359999999999854e+04 1.411450000000000000e+04 -8.822979999999999563e+03 8.564229999999999563e+03 1.831140000000000146e+04 1.086600000000000000e+07 1.004400000000000000e+07 7.603010000000000446e+01
  dtu_10mw_rwt_turb_21.0_21716.dat 2.189570000000000149e+01 1.067129999999999912e+00 1.056750000000000000e+03 2.993809999999999860e+01 1.485050000000000000e+05 5.099440000000000146e+04 2.095840000000000146e+04 1.354550000000000000e+04 -7.520060000000000400e+03 7.136859999999999673e+03 1.742879999999999927e+04 1.151110000000000000e+07 1.009720000000000000e+07 7.580769999999999698e+01
  dtu_10mw_rwt_turb_21.0_40322.dat 2.054339999999999833e+01 1.071190000000000087e+00 1.016509999999999991e+03 2.761449999999999960e+01 1.359860000000000000e+05 4.875369999999999709e+04 2.474290000000000146e+04 1.323420000000000073e+04 -9.262319999999999709e+03 1.148289999999999964e+04 1.848409999999999854e+04 1.073970000000000000e+07 1.004420000000000000e+07 7.613190000000000168e+01
  dtu_10mw_rwt_turb_21.0_43619.dat 2.174170000000000158e+01 1.089779999999999971e+00 9.992830000000000155e+02 3.088960000000000150e+01 1.320160000000000000e+05 4.499959999999999854e+04 2.670629999999999927e+04 1.317760000000000036e+04 -9.108239999999999782e+03 7.771789999999999964e+03 1.734420000000000073e+04 1.093210000000000000e+07 1.004020000000000000e+07 7.583710000000000662e+01
  dtu_10mw_rwt_turb_21.0_47165.dat 2.106080000000000041e+01 1.092410000000000103e+00 1.133430000000000064e+03 2.978369999999999962e+01 1.487360000000000000e+05 5.814359999999999854e+04 2.591640000000000146e+04 1.302510000000000036e+04 -8.310270000000000437e+03 7.309439999999999600e+03 1.753020000000000073e+04 1.122530000000000000e+07 1.005540000000000000e+07 7.606080000000000041e+01
  dtu_10mw_rwt_turb_21.0_47952.dat 2.001970000000000027e+01 1.084070000000000089e+00 9.752179999999999609e+02 3.041939999999999955e+01 1.409370000000000000e+05 5.667109999999999854e+04 2.617629999999999927e+04 1.340589999999999964e+04 -9.003090000000000146e+03 7.164399999999999636e+03 1.671090000000000146e+04 1.067330000000000000e+07 1.003990000000000000e+07 7.597709999999999297e+01
  dtu_10mw_rwt_turb_21.0_50292.dat 2.189770000000000039e+01 1.090389999999999970e+00 1.011080000000000041e+03 3.028780000000000072e+01 1.327060000000000000e+05 5.063430000000000291e+04 1.950700000000000000e+04 1.340520000000000073e+04 -9.193290000000000873e+03 5.906579999999999927e+03 1.680340000000000146e+04 1.098860000000000000e+07 1.004100000000000000e+07 7.583050000000000068e+01
  dtu_10mw_rwt_turb_22.0_14324.dat 2.247990000000000066e+01 1.087690000000000046e+00 9.800430000000000064e+02 3.176940000000000097e+01 1.381960000000000000e+05 7.026510000000000582e+04 2.752890000000000146e+04 1.366370000000000073e+04 -8.995559999999999491e+03 1.342250000000000000e+04 1.708979999999999927e+04 1.119280000000000000e+07 1.004710000000000000e+07 7.577790000000000248e+01
  dtu_10mw_rwt_turb_22.0_26862.dat 2.201640000000000086e+01 1.080719999999999903e+00 8.692849999999999682e+02 2.945700000000000074e+01 1.317820000000000000e+05 4.979690000000000146e+04 2.775790000000000146e+04 1.291979999999999927e+04 -9.086120000000000800e+03 8.374000000000000000e+03 1.796109999999999854e+04 1.093580000000000000e+07 1.003710000000000000e+07 7.596139999999999759e+01
  dtu_10mw_rwt_turb_22.0_47824.dat 2.080740000000000123e+01 1.075150000000000050e+00 9.072989999999999782e+02 2.914920000000000044e+01 1.363770000000000000e+05 4.969509999999999854e+04 2.083029999999999927e+04 1.391210000000000036e+04 -9.198659999999999854e+03 5.439479999999999563e+03 1.607629999999999927e+04 1.117610000000000000e+07 1.003790000000000000e+07 7.597599999999999909e+01
  dtu_10mw_rwt_turb_22.0_51321.dat 2.365149999999999864e+01 1.085939999999999905e+00 9.403070000000000164e+02 3.107639999999999958e+01 1.392020000000000000e+05 6.462090000000000146e+04 3.125040000000000146e+04 1.366810000000000036e+04 -8.699690000000000509e+03 1.195400000000000000e+04 1.855529999999999927e+04 1.154270000000000000e+07 1.005930000000000000e+07 7.612760000000000105e+01
  dtu_10mw_rwt_turb_22.0_52263.dat 2.184159999999999968e+01 1.080589999999999939e+00 9.903609999999999900e+02 2.945919999999999916e+01 1.380740000000000000e+05 5.868130000000000291e+04 2.538350000000000000e+04 1.354260000000000036e+04 -8.905350000000000364e+03 5.725779999999999745e+03 1.836320000000000073e+04 1.079440000000000000e+07 1.004070000000000000e+07 7.590510000000000446e+01
  dtu_10mw_rwt_turb_22.0_55769.dat 2.237219999999999942e+01 1.083949999999999969e+00 1.088430000000000064e+03 3.146640000000000015e+01 1.518120000000000000e+05 6.273050000000000000e+04 2.305020000000000073e+04 1.502770000000000073e+04 -8.552270000000000437e+03 1.146550000000000000e+04 2.030420000000000073e+04 1.100990000000000000e+07 1.005340000000000000e+07 7.599259999999999593e+01
  dtu_10mw_rwt_turb_23.0_21716.dat 2.412829999999999941e+01 1.078889999999999905e+00 1.030670000000000073e+03 3.296719999999999828e+01 1.601920000000000000e+05 5.450569999999999709e+04 2.596259999999999854e+04 1.417970000000000073e+04 -8.983010000000000218e+03 1.029120000000000073e+04 1.858600000000000000e+04 1.159890000000000000e+07 1.004990000000000000e+07 7.589919999999999334e+01
  dtu_10mw_rwt_turb_23.0_40322.dat 2.263360000000000127e+01 1.077919999999999989e+00 9.827100000000000364e+02 3.002619999999999933e+01 1.268470000000000000e+05 5.134469999999999709e+04 2.635190000000000146e+04 1.347370000000000073e+04 -9.186309999999999491e+03 1.458679999999999927e+04 1.830150000000000000e+04 1.081000000000000000e+07 1.004240000000000000e+07 7.627209999999999468e+01
  dtu_10mw_rwt_turb_23.0_43619.dat 2.371340000000000003e+01 1.097730000000000095e+00 9.589840000000000373e+02 3.318679999999999808e+01 1.458530000000000000e+05 5.593840000000000146e+04 2.790670000000000073e+04 1.372160000000000036e+04 -8.885930000000000291e+03 9.111500000000000000e+03 1.780079999999999927e+04 1.109960000000000000e+07 1.003800000000000000e+07 7.584080000000000155e+01
  dtu_10mw_rwt_turb_23.0_47165.dat 2.316819999999999879e+01 1.098810000000000064e+00 1.115140000000000100e+03 3.220490000000000208e+01 1.410110000000000000e+05 6.640189999999999418e+04 2.960600000000000000e+04 1.312970000000000073e+04 -8.920350000000000364e+03 8.564760000000000218e+03 1.707870000000000073e+04 1.135460000000000000e+07 1.004480000000000000e+07 7.612760000000000105e+01
  dtu_10mw_rwt_turb_23.0_47952.dat 2.240690000000000026e+01 1.083329999999999904e+00 1.013230000000000018e+03 3.349880000000000280e+01 1.437420000000000000e+05 6.534640000000000146e+04 2.744320000000000073e+04 1.378450000000000000e+04 -9.077639999999999418e+03 1.093460000000000036e+04 1.806290000000000146e+04 1.075270000000000000e+07 1.004440000000000000e+07 7.624859999999999616e+01
  dtu_10mw_rwt_turb_23.0_50292.dat 2.405549999999999855e+01 1.098309999999999897e+00 9.926159999999999854e+02 3.302810000000000201e+01 1.342030000000000000e+05 5.432630000000000291e+04 2.327640000000000146e+04 1.346560000000000036e+04 -8.982690000000000509e+03 9.478790000000000873e+03 1.760840000000000146e+04 1.117620000000000000e+07 1.005180000000000000e+07 7.603270000000000550e+01
  dtu_10mw_rwt_turb_24.0_14324.dat 2.446950000000000003e+01 1.094559999999999977e+00 9.549759999999999991e+02 3.445280000000000342e+01 1.304640000000000000e+05 5.425409999999999854e+04 3.143950000000000000e+04 1.334579999999999927e+04 -8.612809999999999491e+03 1.739840000000000146e+04 1.838359999999999854e+04 1.150010000000000000e+07 1.007600000000000000e+07 7.588949999999999818e+01
  dtu_10mw_rwt_turb_24.0_26862.dat 2.416270000000000095e+01 1.093490000000000073e+00 8.639009999999999536e+02 3.192040000000000077e+01 1.436550000000000000e+05 6.869010000000000582e+04 2.964540000000000146e+04 1.354510000000000036e+04 -9.137500000000000000e+03 1.106039999999999964e+04 1.769000000000000000e+04 1.097990000000000000e+07 1.004300000000000000e+07 7.606270000000000664e+01
  dtu_10mw_rwt_turb_24.0_47824.dat 2.297210000000000107e+01 1.091630000000000100e+00 9.011660000000000537e+02 3.202550000000000097e+01 1.397770000000000000e+05 6.217940000000000146e+04 2.187450000000000000e+04 1.406189999999999964e+04 -8.615440000000000509e+03 8.507799999999999272e+03 1.679520000000000073e+04 1.131080000000000000e+07 1.003800000000000000e+07 7.604989999999999384e+01
  dtu_10mw_rwt_turb_24.0_51321.dat 2.573730000000000118e+01 1.098789999999999933e+00 9.290049999999999955e+02 3.359799999999999898e+01 1.372060000000000000e+05 6.314850000000000000e+04 3.246209999999999854e+04 1.405479999999999927e+04 -8.880409999999999854e+03 1.387110000000000036e+04 1.894470000000000073e+04 1.169790000000000000e+07 1.004510000000000000e+07 7.609369999999999834e+01
  dtu_10mw_rwt_turb_24.0_52263.dat 2.380900000000000105e+01 1.092589999999999950e+00 9.441079999999999472e+02 3.217719999999999914e+01 1.494880000000000000e+05 5.667419999999999709e+04 2.638829999999999927e+04 1.422879999999999927e+04 -9.027739999999999782e+03 1.087989999999999964e+04 1.992940000000000146e+04 1.104830000000000000e+07 1.005460000000000000e+07 7.609839999999999804e+01
  dtu_10mw_rwt_turb_24.0_55769.dat 2.449180000000000135e+01 1.094950000000000090e+00 1.023740000000000009e+03 3.431069999999999709e+01 1.535840000000000000e+05 5.844619999999999709e+04 2.614729999999999927e+04 1.481460000000000036e+04 -8.712659999999999854e+03 1.514989999999999964e+04 2.089770000000000073e+04 1.121800000000000000e+07 1.005060000000000000e+07 7.610110000000000241e+01
   dtu_10mw_rwt_turb_5.0_21716.dat 2.681839999999999780e+00 6.331029999999999713e-01 5.264020000000000437e+02 7.836140000000000327e+00 7.348560000000000582e+04 1.532120000000000073e+04 4.196699999999999818e+03 3.185949999999999818e+03 -5.315769999999999982e+02 -2.368199999999999818e+03 1.023239999999999964e+04 2.793400000000000000e+06 1.768660000000000000e+06 7.536459999999999582e+01
   dtu_10mw_rwt_turb_5.0_40322.dat 2.681550000000000100e+00 6.326889999999999459e-01 5.221000000000000227e+02 7.846330000000000027e+00 7.956069999999999709e+04 1.058510000000000036e+04 1.269910000000000082e+03 2.714559999999999945e+03 -5.525220000000000482e+02 -3.423300000000000182e+03 9.555930000000000291e+03 2.381120000000000000e+06 1.504190000000000000e+06 7.523139999999999361e+01
   dtu_10mw_rwt_turb_5.0_43619.dat 2.682669999999999888e+00 6.337429999999999453e-01 6.518920000000000528e+02 9.576840000000000686e+00 1.080790000000000000e+05 1.794809999999999854e+04 6.571449999999999818e+03 4.503659999999999854e+03 -5.609900000000000091e+02 -1.585660000000000082e+03 1.080629999999999927e+04 3.782910000000000000e+06 2.397820000000000000e+06 7.538859999999999673e+01
   dtu_10mw_rwt_turb_5.0_47165.dat 2.681509999999999838e+00 6.332550000000000123e-01 5.152590000000000146e+02 9.333310000000000883e+00 1.022590000000000000e+05 1.266270000000000073e+04 5.293920000000000073e+03 2.668050000000000182e+03 -5.254189999999999827e+02 -2.171070000000000164e+03 9.732389999999999418e+03 2.142410000000000000e+06 1.353750000000000000e+06 7.540210000000000434e+01
   dtu_10mw_rwt_turb_5.0_47952.dat 2.681729999999999947e+00 6.316549999999999665e-01 4.927269999999999754e+02 8.159330000000000638e+00 8.621630000000000291e+04 1.164839999999999964e+04 1.857710000000000036e+03 2.554059999999999945e+03 -5.169429999999999836e+02 -1.853630000000000109e+03 9.688100000000000364e+03 1.869560000000000000e+06 1.178680000000000000e+06 7.534959999999999525e+01
   dtu_10mw_rwt_turb_5.0_50292.dat 2.681770000000000209e+00 6.340609999999999857e-01 5.139210000000000491e+02 7.226569999999999716e+00 8.199289999999999418e+04 1.470900000000000000e+04 3.054820000000000164e+03 3.322650000000000091e+03 -2.701639999999999873e+02 -1.589119999999999891e+03 1.012060000000000036e+04 2.615650000000000000e+06 1.651700000000000000e+06 7.533870000000000289e+01
   dtu_10mw_rwt_turb_6.0_14324.dat 1.589180000000000037e+00 6.354370000000000296e-01 7.093300000000000409e+02 9.245559999999999334e+00 1.219970000000000000e+05 2.209529999999999927e+04 6.120819999999999709e+03 4.790250000000000000e+03 -2.066119999999999891e+03 -4.873619999999999891e+03 1.004600000000000000e+04 4.447920000000000000e+06 2.822600000000000000e+06 7.522339999999999804e+01
   dtu_10mw_rwt_turb_6.0_26862.dat 2.213979999999999837e+00 6.362980000000000302e-01 6.914779999999999518e+02 9.412589999999999790e+00 1.012670000000000000e+05 2.094520000000000073e+04 4.249279999999999745e+03 5.109409999999999854e+03 -1.551819999999999936e+03 -4.950149999999999636e+03 1.055270000000000073e+04 4.448660000000000000e+06 2.806150000000000000e+06 7.516249999999999432e+01
   dtu_10mw_rwt_turb_6.0_47824.dat 2.682059999999999889e+00 6.328460000000000196e-01 5.781860000000000355e+02 8.163729999999999265e+00 9.172239999999999418e+04 1.366689999999999964e+04 2.136690000000000055e+03 3.416670000000000073e+03 -2.689159999999999968e+02 -1.770180000000000007e+02 1.012950000000000000e+04 2.671220000000000000e+06 1.685160000000000000e+06 7.533639999999999759e+01
   dtu_10mw_rwt_turb_6.0_51321.dat 2.517220000000000013e+00 6.366990000000000149e-01 7.674919999999999618e+02 1.059350000000000058e+01 1.220950000000000000e+05 2.470579999999999927e+04 4.967060000000000400e+03 5.627529999999999745e+03 -1.246349999999999909e+03 -2.603079999999999927e+03 1.054929999999999927e+04 5.258020000000000000e+06 3.342270000000000000e+06 7.532210000000000605e+01
   dtu_10mw_rwt_turb_6.0_52263.dat 2.682300000000000129e+00 6.349029999999999951e-01 6.063869999999999436e+02 8.808230000000000004e+00 9.319530000000000291e+04 1.353579999999999927e+04 2.723900000000000091e+03 4.402649999999999636e+03 -1.116930000000000064e+03 -3.209849999999999909e+03 1.054829999999999927e+04 3.674660000000000000e+06 2.319010000000000000e+06 7.528430000000000177e+01
   dtu_10mw_rwt_turb_6.0_55769.dat 2.374589999999999979e+00 6.364689999999999515e-01 6.999569999999999936e+02 9.759560000000000457e+00 1.369820000000000000e+05 2.852500000000000000e+04 4.730350000000000364e+03 5.572289999999999964e+03 -1.600089999999999918e+03 -2.164639999999999873e+03 1.087500000000000000e+04 4.746430000000000000e+06 3.007000000000000000e+06 7.523699999999999477e+01
   dtu_10mw_rwt_turb_7.0_21716.dat 9.939839999999999787e-01 6.931659999999999489e-01 9.429779999999999518e+02 1.031520000000000081e+01 1.339200000000000000e+05 3.293709999999999854e+04 8.245930000000000291e+03 7.290800000000000182e+03 -1.976839999999999918e+03 -4.469430000000000291e+03 1.163789999999999964e+04 6.250650000000000000e+06 4.332050000000000000e+06 7.519169999999999732e+01
   dtu_10mw_rwt_turb_7.0_40322.dat 2.420440000000000147e+00 6.475579999999999670e-01 8.120510000000000446e+02 1.019439999999999991e+01 1.153630000000000000e+05 2.148079999999999927e+04 4.444050000000000182e+03 6.011810000000000400e+03 -2.307039999999999964e+03 -5.419279999999999745e+03 1.089970000000000073e+04 5.470810000000000000e+06 3.547200000000000000e+06 7.508990000000000009e+01
   dtu_10mw_rwt_turb_7.0_43619.dat 1.768380000000000063e+00 7.334230000000000471e-01 1.001179999999999950e+03 1.197250000000000014e+01 1.437290000000000000e+05 2.648040000000000146e+04 9.876329999999999927e+03 8.270370000000000800e+03 -1.938750000000000000e+03 -3.756699999999999818e+03 1.240739999999999964e+04 7.011970000000000000e+06 5.147080000000000000e+06 7.520560000000000400e+01
   dtu_10mw_rwt_turb_7.0_47165.dat 1.886859999999999982e+00 6.378979999999999650e-01 7.898519999999999754e+02 1.194250000000000078e+01 1.444410000000000000e+05 2.821040000000000146e+04 7.537189999999999600e+03 6.390789999999999964e+03 -2.021880000000000109e+03 -3.847360000000000127e+03 1.123539999999999964e+04 5.291130000000000000e+06 3.373880000000000000e+06 7.527450000000000330e+01
   dtu_10mw_rwt_turb_7.0_47952.dat 1.616290000000000004e+00 6.360909999999999620e-01 6.974180000000000064e+02 1.019480000000000075e+01 1.248920000000000000e+05 2.135200000000000000e+04 4.309100000000000364e+03 6.086970000000000255e+03 -2.392989999999999782e+03 -3.929570000000000164e+03 1.087400000000000000e+04 4.724520000000000000e+06 2.985420000000000000e+06 7.514499999999999602e+01
   dtu_10mw_rwt_turb_7.0_50292.dat 2.240299999999999958e+00 6.718889999999999585e-01 8.639099999999999682e+02 1.007109999999999950e+01 1.260440000000000000e+05 2.447929999999999927e+04 5.815670000000000073e+03 6.978119999999999891e+03 -1.567089999999999918e+03 -3.638170000000000073e+03 1.195320000000000073e+04 5.876260000000000000e+06 3.948730000000000000e+06 7.522020000000000550e+01
   dtu_10mw_rwt_turb_8.0_14324.dat 7.120680000000000065e-02 7.577169999999999739e-01 1.117839999999999918e+03 1.182390000000000008e+01 1.525350000000000000e+05 3.329859999999999854e+04 9.654629999999999200e+03 8.218690000000000509e+03 -4.684979999999999563e+03 -8.080529999999999745e+03 1.177479999999999927e+04 7.472220000000000000e+06 5.662110000000000000e+06 7.514069999999999538e+01
   dtu_10mw_rwt_turb_8.0_26862.dat 5.815069999999999961e-01 7.579219999999999846e-01 1.074950000000000045e+03 1.218580000000000041e+01 1.363130000000000000e+05 2.855590000000000146e+04 8.411290000000000873e+03 8.576670000000000073e+03 -4.321100000000000364e+03 -7.619850000000000364e+03 1.214039999999999964e+04 7.470020000000000000e+06 5.659660000000000000e+06 7.501049999999999329e+01
   dtu_10mw_rwt_turb_8.0_47824.dat 1.740339999999999998e+00 6.484210000000000251e-01 8.068590000000000373e+02 1.043369999999999997e+01 1.299450000000000000e+05 2.472179999999999927e+04 4.955319999999999709e+03 6.700659999999999854e+03 -1.559549999999999955e+03 -1.634460000000000036e+03 1.148260000000000036e+04 5.478260000000000000e+06 3.554450000000000000e+06 7.522759999999999536e+01
   dtu_10mw_rwt_turb_8.0_51321.dat 1.037549999999999972e+00 8.223129999999999606e-01 1.277240000000000009e+03 1.320889999999999986e+01 1.590290000000000000e+05 2.969390000000000146e+04 8.695590000000000146e+03 9.397940000000000509e+03 -3.279280000000000200e+03 -4.723539999999999964e+03 1.341989999999999964e+04 8.806780000000000000e+06 7.244860000000000000e+06 7.516020000000000323e+01
   dtu_10mw_rwt_turb_8.0_52263.dat 1.719610000000000083e+00 7.328400000000000469e-01 1.035390000000000100e+03 1.153100000000000058e+01 1.346390000000000000e+05 2.779509999999999854e+04 5.345279999999999745e+03 8.171529999999999745e+03 -3.228469999999999800e+03 -5.609069999999999709e+03 1.201050000000000000e+04 7.005920000000000000e+06 5.140480000000000000e+06 7.510049999999999670e+01
   dtu_10mw_rwt_turb_8.0_55769.dat 5.462770000000000126e-01 7.809139999999999970e-01 1.155930000000000064e+03 1.230100000000000016e+01 1.618670000000000000e+05 3.150100000000000000e+04 1.144370000000000073e+04 9.384909999999999854e+03 -3.567800000000000182e+03 -4.875979999999999563e+03 1.381020000000000073e+04 7.946850000000000000e+06 6.210060000000000000e+06 7.507500000000000284e+01
   dtu_10mw_rwt_turb_9.0_21716.dat 6.987899999999999960e-05 8.872910000000000519e-01 1.514519999999999982e+03 1.283259999999999934e+01 1.812580000000000000e+05 2.181709999999999854e+04 1.285100000000000000e+04 1.163639999999999964e+04 -3.889619999999999891e+03 -5.852699999999999818e+03 1.411200000000000000e+04 1.024290000000000000e+07 9.087410000000000000e+06 7.510200000000000387e+01
   dtu_10mw_rwt_turb_9.0_40322.dat 8.745030000000000303e-01 8.182479999999999754e-01 1.253170000000000073e+03 1.233810000000000073e+01 1.539070000000000000e+05 2.024370000000000073e+04 8.854770000000000437e+03 9.813440000000000509e+03 -5.273850000000000364e+03 -9.168969999999999345e+03 1.272550000000000000e+04 8.734540000000000000e+06 7.155930000000000000e+06 7.487199999999999989e+01
   dtu_10mw_rwt_turb_9.0_43619.dat 2.314529999999999921e-01 9.241599999999999815e-01 1.560910000000000082e+03 1.494239999999999924e+01 1.948620000000000000e+05 3.302280000000000291e+04 1.524389999999999964e+04 1.253800000000000000e+04 -4.472119999999999891e+03 -6.951220000000000255e+03 1.436760000000000036e+04 1.076210000000000000e+07 9.863740000000000000e+06 7.505800000000000693e+01
   dtu_10mw_rwt_turb_9.0_47165.dat 2.229579999999999895e-01 8.138739999999999863e-01 1.310130000000000109e+03 1.445969999999999978e+01 1.668550000000000000e+05 3.324850000000000000e+04 1.271329999999999927e+04 9.839209999999999127e+03 -4.612319999999999709e+03 -6.264739999999999782e+03 1.343310000000000036e+04 8.627160000000000000e+06 7.024330000000000000e+06 7.516230000000000189e+01
   dtu_10mw_rwt_turb_9.0_47952.dat 6.988000000000000179e-05 7.714820000000000011e-01 1.147029999999999973e+03 1.283440000000000047e+01 1.563590000000000000e+05 2.737350000000000000e+04 8.633129999999999200e+03 9.241489999999999782e+03 -5.638960000000000036e+03 -7.782550000000000182e+03 1.265170000000000073e+04 7.736660000000000000e+06 5.965350000000000000e+06 7.492279999999999518e+01
   dtu_10mw_rwt_turb_9.0_50292.dat 4.576180000000000248e-01 8.690250000000000474e-01 1.429049999999999955e+03 1.314930000000000021e+01 1.696340000000000000e+05 2.511570000000000073e+04 1.028410000000000036e+04 1.159150000000000000e+04 -3.993940000000000055e+03 -6.188470000000000255e+03 1.352939999999999964e+04 9.844920000000000000e+06 8.562970000000000000e+06 7.509539999999999793e+01
