Statistics: del10. Generated: 11/11/2020 09:01:37. No. files: 120.
                              File                       4                      10                      13                      15                      19                      20                      22                      23                      27                      28                      29                      72                     102                     110
  dtu_10mw_rwt_turb_10.0_14324.dat 5.380943864569572022e-02 1.119017496076735868e-01 4.374869428135243083e+02 4.773331710770214009e+00 6.642697978426229383e+04 1.833737178364411375e+04 1.402868721157787695e+04 2.796550093077587462e+03 2.236577708448726298e+03 1.376843459127339156e+04 1.609759171911166231e+04 2.020493348147351993e+06 2.668914510230869520e+06 5.628654327447590333e+01
  dtu_10mw_rwt_turb_10.0_26862.dat 2.936145715950978248e-07 1.187655061802831286e-01 4.044507219769455446e+02 4.827996754218388809e+00 6.434028578250011196e+04 1.325116477369140557e+04 1.276106520757091857e+04 2.913055823365600190e+03 2.370728676401522080e+03 1.243793368534255387e+04 1.541071959093015721e+04 2.185870527793306392e+06 2.838228116500906646e+06 5.715661236476919527e+01
  dtu_10mw_rwt_turb_10.0_47824.dat 8.392465486693179155e-02 1.111057076517210640e-01 4.100163710507891892e+02 4.123181799641172596e+00 8.734609353907994227e+04 2.978760511147563739e+04 1.028555853736800054e+04 3.262197246860834184e+03 3.014790763833359051e+03 1.348330036327954986e+04 1.564020933583574333e+04 2.831888655834369827e+06 2.729902438005852513e+06 5.559400584674195045e+01
  dtu_10mw_rwt_turb_10.0_51321.dat 3.062608074738067288e+00 1.965868366743692419e-01 5.936316849410812893e+02 5.773459139959979503e+00 8.449726130535437551e+04 1.901084735142835416e+04 1.449170395497070967e+04 3.565837978594002834e+03 2.972822757570139402e+03 1.513995042063981055e+04 1.604195666238560443e+04 2.771982357253040653e+06 3.420104958820186090e+06 5.728865638828639817e+01
  dtu_10mw_rwt_turb_10.0_52263.dat 2.592316472118724041e-02 1.273421354126471339e-01 4.498219181392119026e+02 4.816751751326342479e+00 6.920473876653052866e+04 1.571349450130539844e+04 1.065977228878851565e+04 3.580110801428454124e+03 2.827959029197175823e+03 1.260640939703529875e+04 1.564025729659253921e+04 2.625909944008500315e+06 3.152532992459949106e+06 5.625268187097728401e+01
  dtu_10mw_rwt_turb_10.0_55769.dat 1.545628375863873361e+00 1.830685134378159939e-01 5.868238509732618695e+02 5.096074891986165589e+00 8.820519208477795473e+04 2.314363075439022941e+04 1.619079050990963879e+04 3.246853730022742639e+03 2.977051460107004004e+03 1.599510092190087562e+04 1.720601783696114217e+04 2.603534893900593277e+06 3.327874040552520659e+06 5.726732887390125626e+01
  dtu_10mw_rwt_turb_11.0_21716.dat 4.123252072740083207e+00 1.859111392122893835e-01 5.646996702334645306e+02 4.899172410255715704e+00 8.380399429506569868e+04 2.771484764843941957e+04 1.772944821501583647e+04 3.181527129000581226e+03 2.898168330626698662e+03 1.539161586053042811e+04 1.636476747856250768e+04 2.555098683256515767e+06 3.206704367040262558e+06 5.736095891752452758e+01
  dtu_10mw_rwt_turb_11.0_40322.dat 2.894345993382014814e+00 1.439049437374519402e-01 4.463733369026006130e+02 5.016333558860314845e+00 7.076851005366897152e+04 1.560779551253646423e+04 1.436435348314086696e+04 2.545936585808217842e+03 2.128133985650506474e+03 1.323799585020364611e+04 1.559911640895335768e+04 1.810631930888163392e+06 2.419724432217530441e+06 5.776557456163907744e+01
  dtu_10mw_rwt_turb_11.0_43619.dat 4.275145340972970942e+00 1.540011345425848499e-01 4.910653558197384427e+02 6.351125482304526670e+00 7.290800381536304485e+04 2.588051088481432089e+04 1.867767276570967078e+04 3.387041919414001768e+03 2.711147924085197246e+03 1.576377810617650175e+04 1.648563304734977282e+04 2.128909979638074525e+06 2.801677760881079827e+06 5.745502688983533091e+01
  dtu_10mw_rwt_turb_11.0_47165.dat 2.929744653056043369e+00 1.732387059879797742e-01 5.166358371225944666e+02 6.254274371521033160e+00 8.524705957267068152e+04 2.133937486250308939e+04 1.784731222676531979e+04 3.054580723148668767e+03 2.547994285372019476e+03 1.644877976888852209e+04 1.562492779435688135e+04 2.137965014375336003e+06 2.843141218540296424e+06 5.760329290041295991e+01
  dtu_10mw_rwt_turb_11.0_47952.dat nan 7.622056732630869136e-02 3.385979549263201989e+02 5.127880950820206785e+00 5.432422255859275901e+04 1.535492253756532591e+04 1.534720627390451773e+04 2.527182550476052711e+03 1.631568132878388042e+03 1.335839605993493387e+04 1.650897193002038694e+04 1.486538790573963197e+06 1.942228654185551684e+06 5.760787183854105109e+01
  dtu_10mw_rwt_turb_11.0_50292.dat 3.648198080274205335e+00 1.832238179068648165e-01 5.402430275693159274e+02 5.510958459210990590e+00 7.471459262147474510e+04 1.647619575991307283e+04 1.235306462232534432e+04 3.640507346135648731e+03 2.839518846069087886e+03 1.521189650836397050e+04 1.622718363646729995e+04 2.407123626391051337e+06 3.136039665177673567e+06 5.688569535408799283e+01
  dtu_10mw_rwt_turb_12.0_14324.dat 5.075864529357778210e+00 5.476602063041579455e-02 6.158448959714137345e+02 5.661621924807260342e+00 6.911470176274167898e+04 1.840201682068932860e+04 1.581141351179389676e+04 1.766406187275171987e+03 1.154841977839445917e+03 1.839607244490174708e+04 1.576507108714679998e+04 5.809598456492681289e+05 3.312856160724201618e+04 5.735333101238928322e+01
  dtu_10mw_rwt_turb_12.0_26862.dat 4.574088320631903848e+00 8.524031697091782878e-02 5.375667257181569312e+02 5.701155510952777838e+00 6.857716396317121689e+04 1.788385039634163695e+04 1.461675732987179435e+04 1.692241850577377136e+03 1.169858568360902837e+03 1.517641327943818942e+04 1.578766738966853154e+04 7.254162645862059435e+05 5.436942290459225187e+05 5.742979715567560106e+01
  dtu_10mw_rwt_turb_12.0_47824.dat 2.789123177413170396e+00 1.846856061172409691e-01 5.462905917779899028e+02 4.797482758628234478e+00 7.917527004813090025e+04 1.496216827553542134e+04 1.442270201585706491e+04 3.024752199355419179e+03 3.062576179301006505e+03 1.604465381121213795e+04 1.618314621850564981e+04 2.513919370248196647e+06 3.249083599729205016e+06 5.795879431127135462e+01
  dtu_10mw_rwt_turb_12.0_51321.dat 5.761524417099503026e+00 1.335522429255675825e-01 5.875329594899918675e+02 6.349490730461591959e+00 7.185662529145443114e+04 2.044192746125339181e+04 1.921203540262122624e+04 2.138549588562148529e+03 1.781612584357954802e+03 1.778491470480326461e+04 1.630959418411390106e+04 1.355603567289007595e+06 1.897110621879399288e+06 5.769218559635620380e+01
  dtu_10mw_rwt_turb_12.0_52263.dat 4.559796728690741929e+00 1.247706573052868306e-01 5.456350551136945342e+02 5.613974599416913236e+00 6.941139645812555682e+04 2.221681309325271286e+04 1.439616962624379994e+04 2.143598212471175430e+03 1.486859804538898061e+03 1.367731172260982203e+04 1.604734744687290731e+04 1.172493468445241451e+06 1.650870162044914672e+06 5.774994382837731166e+01
  dtu_10mw_rwt_turb_12.0_55769.dat 5.162724740094929210e+00 1.245025257093395621e-01 6.391607805748051305e+02 5.818840264044263577e+00 7.450594827441668895e+04 2.037277507952505766e+04 1.774610154516815237e+04 2.678706919746902258e+03 1.897566309410053009e+03 1.842003285374585903e+04 1.720461603167456633e+04 1.123317078834585613e+06 1.618705746002431959e+06 5.740130026319248913e+01
  dtu_10mw_rwt_turb_13.0_21716.dat 6.029168104148708629e+00 1.165828079446385307e-01 5.931011209989660529e+02 5.701600905398869656e+00 7.687173994262746419e+04 3.255512122638183791e+04 2.011754167984808373e+04 2.337679981423971185e+03 2.325921426969580352e+03 1.801038303022931359e+04 1.669889647304059690e+04 1.156089019110415364e+06 1.648363743169130990e+06 5.671701186213240220e+01
  dtu_10mw_rwt_turb_13.0_40322.dat 5.175990979658831037e+00 4.546325505006511974e-02 4.965720949448033252e+02 5.774450409141102192e+00 6.147819326444252511e+04 2.195549809208412626e+04 1.576166723063028076e+04 1.687180000748026941e+03 1.332183975698131462e+03 1.624154778359597731e+04 1.589837206298406272e+04 4.933214510142008658e+05 3.836730543331399531e+04 5.714458038016467611e+01
  dtu_10mw_rwt_turb_13.0_43619.dat 6.217428421408564887e+00 6.854088773464839246e-02 6.088164324282213329e+02 6.955521513949229018e+00 7.616875260988138325e+04 1.671080067613434585e+04 1.900300728919369431e+04 2.008191711603635440e+03 4.724339752666430286e+03 1.743014299824895716e+04 1.658101292126378758e+04 8.212210913693810580e+05 3.093643631136952317e+05 5.719302979369484063e+01
  dtu_10mw_rwt_turb_13.0_47165.dat 5.834612993373111678e+00 7.212950398686936160e-02 6.356610580878444807e+02 6.898156554028449960e+00 8.107798807834426407e+04 1.775784801446269921e+04 1.973836425968594995e+04 2.298360857695234699e+03 1.734888323929455964e+03 1.889855648085947178e+04 1.615163892225230484e+04 7.879042263972869841e+05 2.564632320226147131e+05 5.699333393566549688e+01
  dtu_10mw_rwt_turb_13.0_47952.dat 2.995270940188154540e+00 4.635905077440520550e-02 4.244196539109142918e+02 6.014519609633694586e+00 6.059516588637661334e+04 2.398732748499383524e+04 1.823461877670204922e+04 2.021745540099017944e+03 1.144338617039000837e+03 1.503996756099455888e+04 1.678719183202419663e+04 4.905936818237975822e+05 3.224294087591706921e+04 5.714181335990416954e+01
  dtu_10mw_rwt_turb_13.0_50292.dat 6.012919802504822719e+00 1.110524319930796672e-01 6.053887831646902669e+02 6.284869398050227041e+00 7.794969721120955364e+04 1.806383750193846572e+04 1.370368209199630473e+04 1.967838036947189494e+03 2.108658380219197625e+03 1.756076307737314710e+04 1.663524363985953823e+04 8.682698545343511505e+05 1.222643270022263285e+06 5.742277804508433547e+01
  dtu_10mw_rwt_turb_14.0_14324.dat 4.030924426901488111e+00 5.939151254030546750e-02 4.965244388308509542e+02 6.553206110458370759e+00 5.765642257896131923e+04 3.491948455604822811e+04 1.779058779165923988e+04 2.140336903251868989e+03 2.118137763104283749e+03 1.844815545700828807e+04 1.638002375513515472e+04 6.785814901530290954e+05 6.398172087212747283e+04 5.560885177164560389e+01
  dtu_10mw_rwt_turb_14.0_26862.dat 3.355102742273814886e+00 4.730534438592716440e-02 3.546782076630970550e+02 6.465963479176617845e+00 4.874585615356721974e+04 2.111843527029057805e+04 1.675178400830370083e+04 1.664513093204561301e+03 1.269202954614043847e+03 1.422758442255536647e+04 1.629597663751185428e+04 5.186145715857025352e+05 3.607454748972828384e+04 5.582226316567191304e+01
  dtu_10mw_rwt_turb_14.0_47824.dat 5.641429117378177871e+00 1.063661118483419377e-01 5.438310700931222073e+02 5.464751781722197777e+00 7.862804257775585575e+04 2.089205944545899911e+04 1.705674421638092463e+04 2.591501969431950329e+03 1.295873412820319800e+03 1.735198389759130805e+04 1.655878528694304987e+04 8.341635902358866297e+05 1.257752689915032126e+06 5.733486775248526612e+01
  dtu_10mw_rwt_turb_14.0_51321.dat 6.625019119643074994e+00 6.816809710138849177e-02 5.738350988188255997e+02 6.853762768119040061e+00 7.153698326760831696e+04 3.549162431155217200e+04 2.063494748318554775e+04 2.184950855474320633e+03 2.159299510046380419e+03 1.779719090680637601e+04 1.665336062822400709e+04 7.780573917857145425e+05 6.400954145448374766e+04 5.633240344223624874e+01
  dtu_10mw_rwt_turb_14.0_52263.dat 4.764325941062089953e+00 5.569682346520189731e-02 4.407076254576813881e+02 6.404325129002257810e+00 6.670710778730147285e+04 1.597373035175245968e+04 1.583321588292881097e+04 1.850229623869707439e+03 1.236134093236256831e+03 1.426761659869960022e+04 1.641044896726720253e+04 6.004278410747700837e+05 3.387315478230225563e+04 5.635294457333604612e+01
  dtu_10mw_rwt_turb_14.0_55769.dat 5.879369320099153029e+00 6.440658925550990510e-02 5.999712520052817126e+02 6.546368135943625433e+00 7.542765974132208794e+04 2.527542300382233225e+04 1.947063752484730139e+04 2.688169393487231446e+03 1.368411250799812478e+03 1.974819158569771753e+04 1.788285451800663213e+04 6.828509320415585535e+05 3.770350347317546402e+04 5.574978816866990883e+01
  dtu_10mw_rwt_turb_15.0_21716.dat 6.407753858243221856e+00 7.416944862348047451e-02 5.878109023998861176e+02 6.500609751287700355e+00 7.833183335320651531e+04 3.203452779163590458e+04 2.171199068030980925e+04 2.295638271294827518e+03 1.855495319333047746e+03 1.748260569467758614e+04 1.717444017361812075e+04 8.364314133102113847e+05 5.003951154930853227e+04 5.547503933469310766e+01
  dtu_10mw_rwt_turb_15.0_40322.dat 3.789425758198902816e+00 5.212280056848159898e-02 3.951249915890664965e+02 6.481916986447361140e+00 5.114067156633731793e+04 2.774760246512219965e+04 1.863098486127955766e+04 1.904755892872016375e+03 1.191285235474020055e+03 1.571442450403668590e+04 1.654405029505637503e+04 5.555347302601112751e+05 3.199851386836935126e+04 5.567776790868993686e+01
  dtu_10mw_rwt_turb_15.0_43619.dat 5.355974210581686989e+00 6.543618267856517179e-02 4.643998991178311257e+02 7.456695019095795018e+00 6.178481304119179549e+04 2.720544676761945811e+04 1.997956014729220988e+04 2.179884400439520050e+03 2.165156050719357609e+03 1.689495830462835875e+04 1.721312427400601518e+04 7.146828092366317287e+05 6.458668478255210357e+04 5.575520636711448930e+01
  dtu_10mw_rwt_turb_15.0_47165.dat 5.456718848300411651e+00 7.260481286864399475e-02 5.763708167785358683e+02 7.490924718212924382e+00 7.264292262596411456e+04 4.003897737775537826e+04 2.026458302321169322e+04 2.412125857690698922e+03 2.046112139479727830e+03 1.762903638898098507e+04 1.683281261565677050e+04 7.717290147738442756e+05 6.090224102800714900e+04 5.548267306528684628e+01
  dtu_10mw_rwt_turb_15.0_47952.dat 2.479476652637077727e+00 5.270930594373350597e-02 3.858748772657168615e+02 6.967499328758973043e+00 5.658336655959708150e+04 3.478382981158930488e+04 1.967065747044457748e+04 2.392415051655722436e+03 1.392012196487548863e+03 1.633043093435061201e+04 1.747976061555583510e+04 5.611907588147615315e+05 3.917316871301844367e+04 5.574590326788071337e+01
  dtu_10mw_rwt_turb_15.0_50292.dat 5.176149240470783397e+00 5.982444328722151539e-02 4.843066076819211503e+02 7.031685976612528144e+00 5.877090075620683638e+04 2.189995852136613030e+04 1.534837097850289501e+04 2.069389115578535893e+03 1.626753836585890895e+03 1.695943163461859876e+04 1.695471836619626993e+04 6.417050029266275233e+05 4.810862381958296464e+04 5.600638391070391719e+01
  dtu_10mw_rwt_turb_16.0_14324.dat 3.881009753824357755e+00 7.014257095328250979e-02 4.793226871256404706e+02 7.383212686580510109e+00 5.751548864099208004e+04 4.435725961565249600e+04 1.963404787389884586e+04 2.407957941746235974e+03 2.203053570962347749e+03 1.860212178530653182e+04 1.699433477872074582e+04 7.770559269928518916e+05 6.507009583554128039e+04 5.448487215115285665e+01
  dtu_10mw_rwt_turb_16.0_26862.dat 3.027261929304375432e+00 5.683960145460239394e-02 3.183436087402052976e+02 7.031944807892034355e+00 4.831713025956445927e+04 2.777319220005641910e+04 1.820711066274018958e+04 1.857663916952760246e+03 1.285107903511207724e+03 1.500352971017429991e+04 1.699528848049103181e+04 6.164510642444451805e+05 3.253225604177444256e+04 5.469978941700957620e+01
  dtu_10mw_rwt_turb_16.0_47824.dat 5.132527879360076817e+00 6.337884625468384603e-02 4.388578720616283704e+02 6.065755611029660876e+00 6.337799353971936944e+04 3.591017554488417227e+04 1.786600952343295285e+04 2.700494338138453713e+03 1.483792419832419000e+03 1.734593515107348503e+04 1.698530312846101515e+04 6.928266067225327715e+05 4.081002113871105394e+04 5.600225829710496583e+01
  dtu_10mw_rwt_turb_16.0_51321.dat 5.601919886684597394e+00 7.736539877497396189e-02 4.457938882410841757e+02 7.353461964606515799e+00 6.186716573352812702e+04 2.845613568948562897e+04 2.286629663236537453e+04 2.430860889759712791e+03 2.305481509611398451e+03 1.902482734075777626e+04 1.721678325519288410e+04 8.552284352251390228e+05 6.912341124726031558e+04 5.516676466713523297e+01
  dtu_10mw_rwt_turb_16.0_52263.dat 4.105883294766049296e+00 6.242204308288671483e-02 3.857351494639477210e+02 7.118423583339104077e+00 6.242168225185966003e+04 1.928992910681338253e+04 1.747640107999218890e+04 2.034330304195241524e+03 1.556825159850184264e+03 1.489533352742662464e+04 1.718419026839201979e+04 6.756532016596851172e+05 4.432285116811696935e+04 5.514441648089270842e+01
  dtu_10mw_rwt_turb_16.0_55769.dat 5.049162391929336025e+00 7.289008642406712146e-02 5.217074194122865265e+02 7.241789976650201410e+00 6.775752234102996590e+04 3.101116158292363252e+04 2.136336231341295206e+04 2.951624698591582728e+03 1.640362600937954312e+03 2.045003384827697300e+04 1.890454812595306066e+04 7.637594645476482110e+05 4.587094897098744696e+04 5.478352363250819224e+01
  dtu_10mw_rwt_turb_17.0_21716.dat 5.558060353390969155e+00 8.169185678957295582e-02 5.184124283216978029e+02 7.304827852538664068e+00 7.154017265519160719e+04 4.060610647805115877e+04 2.288691443683051693e+04 2.377645033570574014e+03 1.875486836586390837e+03 1.827665959626479162e+04 1.823572903784836308e+04 8.900061126238224097e+05 5.329728848906719941e+04 5.442108893652354595e+01
  dtu_10mw_rwt_turb_17.0_40322.dat 3.510664736816949461e+00 5.853045207899151836e-02 3.786461741879121519e+02 7.152870920109653419e+00 5.080089813611905993e+04 2.484704630300362260e+04 2.075487594464906579e+04 2.100987342144451759e+03 1.426762093702177026e+03 1.598925110101614700e+04 1.718343410061911709e+04 6.083181374671446392e+05 3.864250202294738119e+04 5.464754032437316056e+01
  dtu_10mw_rwt_turb_17.0_43619.dat 4.952432306117518834e+00 7.422935294887747504e-02 4.168221151868372658e+02 8.006948491908735477e+00 6.073820782585284178e+04 2.872496036991626897e+04 2.158316729745695920e+04 2.351961910775128672e+03 1.509774704500940061e+03 1.654322469922342134e+04 1.770064571715929924e+04 7.771556844036051771e+05 3.851024263450263243e+04 5.467369605729392390e+01
  dtu_10mw_rwt_turb_17.0_47165.dat 5.125713139656343564e+00 8.506739222527948119e-02 5.358048698622412758e+02 8.092543158060923503e+00 6.575203014498203993e+04 2.948805330749856512e+04 2.124349356352144605e+04 2.379117921954030408e+03 2.256952674769746864e+03 1.834261269948307381e+04 1.732427176881313062e+04 9.524594783405386843e+05 6.445058426634002535e+04 5.443234436831487244e+01
  dtu_10mw_rwt_turb_17.0_47952.dat 2.489403613624749489e+00 6.114059301504150279e-02 3.890895798124878979e+02 7.966128759045006724e+00 6.194611025096079538e+04 4.303970099857958849e+04 2.158101322427168634e+04 2.737362170005680127e+03 1.650740784253428274e+03 1.712995904780142155e+04 1.858300495249444793e+04 6.352842283368018689e+05 4.408699510585832468e+04 5.469976017051200756e+01
  dtu_10mw_rwt_turb_17.0_50292.dat 4.737473674377041810e+00 7.237948290338498680e-02 4.376634906763268873e+02 7.856009202897609178e+00 5.695113429259466648e+04 2.819400868757149510e+04 1.755609411851035111e+04 2.401737483517494638e+03 1.509352076838869607e+03 1.661088175512640009e+04 1.764623170304756786e+04 7.624151841962146573e+05 4.074722713646014745e+04 5.495236513439896697e+01
  dtu_10mw_rwt_turb_18.0_14324.dat 3.937435396347792160e+00 8.339150771421900699e-02 4.984084381582347874e+02 8.138545736168824263e+00 5.995897896762922028e+04 3.983691920193974511e+04 2.239642010150823990e+04 2.491632127904785193e+03 2.338450379982244613e+03 2.122803128289357483e+04 1.765239961167463116e+04 9.328580672368545784e+05 6.506861475382122444e+04 5.363004426894890742e+01
  dtu_10mw_rwt_turb_18.0_26862.dat 3.007273727095307159e+00 6.980307789064411905e-02 3.241217648880298157e+02 7.507717771415801877e+00 5.252582254417115473e+04 3.252579370056593689e+04 1.999120939457345958e+04 2.117296899850335649e+03 1.579491371373863331e+03 1.715772326630968382e+04 1.830580504092537376e+04 7.531997230727999704e+05 4.108472409211193735e+04 5.383681642713349902e+01
  dtu_10mw_rwt_turb_18.0_47824.dat 4.621457432975213386e+00 7.422447558553880997e-02 4.001323063196140879e+02 6.698844029815359313e+00 5.455864295705538098e+04 2.958615774892038098e+04 1.919478318151520580e+04 2.743621487460959088e+03 1.782974061073982057e+03 1.759230012753614574e+04 1.771090989269970669e+04 8.172357128419636283e+05 5.118486104275193065e+04 5.496456885442416507e+01
  dtu_10mw_rwt_turb_18.0_51321.dat 5.273776130093700942e+00 8.944704273670710248e-02 4.193446280050536643e+02 8.141872163290857500e+00 6.391604488844260777e+04 4.149094871352141490e+04 2.480406130700269568e+04 2.767877521865878862e+03 2.906267118273814503e+03 2.002043321209093483e+04 1.827324290021273191e+04 9.806100365271609044e+05 8.739018627649387054e+04 5.424495873452370631e+01
  dtu_10mw_rwt_turb_18.0_52263.dat 4.007931908839281299e+00 7.272285826608096415e-02 3.829855046978206587e+02 7.887742523014172669e+00 6.831109975736630440e+04 3.973859856332271011e+04 1.903859267901204294e+04 2.423423785250134642e+03 1.599969576731403549e+03 1.584153706532816796e+04 1.791375539439339991e+04 7.652514338853692170e+05 4.351990505113472318e+04 5.418282429005449075e+01
  dtu_10mw_rwt_turb_18.0_55769.dat 4.862792465578242407e+00 7.919028091948286663e-02 4.977572871819189118e+02 8.009430443183104487e+00 7.377776447604954592e+04 5.149095959712740296e+04 2.317947569091048717e+04 3.420457844337977349e+03 1.766567847325898583e+03 2.078863054229167756e+04 1.984641350883663472e+04 8.335257274403194897e+05 4.833055230038506852e+04 5.386316070743192341e+01
  dtu_10mw_rwt_turb_19.0_21716.dat 5.341980445027206592e+00 9.370573788676726801e-02 4.784754866263462532e+02 8.061196011744655721e+00 7.541064308982875082e+04 4.604971814869091759e+04 2.507364931633127708e+04 2.654872583811925779e+03 2.111360088269075732e+03 1.911342621807142132e+04 1.875376137893354826e+04 1.030439644492819207e+06 5.971166478267135972e+04 5.360137270849877211e+01
  dtu_10mw_rwt_turb_19.0_40322.dat 3.371963542438732642e+00 6.653198117013721380e-02 3.990429597662442234e+02 7.769716797465296310e+00 5.419445806365322642e+04 3.135841636182603179e+04 2.343651443007182388e+04 2.476984266951003519e+03 1.544571050724747465e+03 1.877247987636105245e+04 1.791161612111745853e+04 6.977476235891657416e+05 4.235842668229753326e+04 5.386377745372249137e+01
  dtu_10mw_rwt_turb_19.0_43619.dat 4.828865707845277910e+00 8.655984846836972668e-02 4.029549639250150221e+02 8.655964995592315248e+00 6.033722670157159155e+04 3.024266751904729244e+04 2.261279707381004118e+04 2.582677317684288482e+03 1.714010349243008250e+03 1.799964424039889855e+04 1.839897671154523414e+04 9.051836817853125976e+05 4.614889676030485862e+04 5.386400278984016410e+01
  dtu_10mw_rwt_turb_19.0_47165.dat 5.032856297118078359e+00 9.733193809255311080e-02 5.257064665676830373e+02 8.693671441435865788e+00 6.709069293236524391e+04 3.801929910880741954e+04 2.227147971896683885e+04 2.522598859730916956e+03 2.134873043823354237e+03 1.828560558373042659e+04 1.829230236149423581e+04 1.078738071972016478e+06 5.703202480558891693e+04 5.358154091297977573e+01
  dtu_10mw_rwt_turb_19.0_47952.dat 2.558904461506213757e+00 6.778141889294421463e-02 4.246517819373709699e+02 8.922019481719061673e+00 6.812576918548932008e+04 5.125627221770423057e+04 2.368872791483285982e+04 3.064468678545128569e+03 1.811089386206786912e+03 1.866094626044542747e+04 1.926722048245753831e+04 7.145901378128435463e+05 5.074750686217206385e+04 5.380366142782506245e+01
  dtu_10mw_rwt_turb_19.0_50292.dat 4.564782126292688424e+00 8.163438474544804091e-02 4.378775130730800811e+02 8.663287910222900123e+00 5.865127370882506511e+04 3.121412519007101946e+04 1.930901977386079307e+04 2.524685688767317515e+03 2.322257316405563870e+03 1.827377100716074347e+04 1.868942873536666957e+04 8.793507351377556333e+05 6.958633111597572861e+04 5.409489838616544688e+01
  dtu_10mw_rwt_turb_20.0_14324.dat 3.946405266381039390e+00 9.456965156257583771e-02 4.995783538533127057e+02 8.857960068481290250e+00 6.674387581318228331e+04 4.374944443684492580e+04 2.462742601619279958e+04 2.941130830156108004e+03 2.294583514105513132e+03 2.158698646814285894e+04 1.849218750808140612e+04 1.017651131678628270e+06 6.265627245855565707e+04 5.295678709558525554e+01
  dtu_10mw_rwt_turb_20.0_26862.dat 3.155792135889896155e+00 7.738131609429949043e-02 3.158475705108832017e+02 8.013418335426816697e+00 5.671770215310271305e+04 4.471286401027206011e+04 2.263193049853494085e+04 2.495031566476237458e+03 1.640961812274410022e+03 1.907960704979004731e+04 1.866420129189838553e+04 8.358452936200071126e+05 4.392055140571785159e+04 5.312125271581220431e+01
  dtu_10mw_rwt_turb_20.0_47824.dat 4.309197646203934973e+00 8.477299903190317620e-02 3.758048055511394523e+02 7.292745888281236155e+00 5.837738692953030841e+04 4.307270878936235385e+04 2.238375932722710058e+04 3.054899374676056595e+03 1.653513945034478184e+03 1.763343904616010332e+04 1.839743401816389451e+04 9.155915833950701635e+05 4.183875871692992223e+04 5.411240198586570926e+01
  dtu_10mw_rwt_turb_20.0_51321.dat 5.058180812320794750e+00 1.027430667107215034e-01 4.243515417400132037e+02 8.844620346490064122e+00 6.738385656234790804e+04 4.353030794364258327e+04 2.561149969259993304e+04 3.067173244994897686e+03 2.665410027182238991e+03 2.036846400743766935e+04 1.878746940391532189e+04 1.114995570663414430e+06 7.920188775537592301e+04 5.348546483465515422e+01
  dtu_10mw_rwt_turb_20.0_52263.dat 3.961877356969263797e+00 8.167517612307900743e-02 3.920656238169770518e+02 8.555554329179733131e+00 6.418794512074249360e+04 4.062875924421562377e+04 2.174519413067671849e+04 2.513312965334325781e+03 2.584786289369061706e+03 1.668484583393126377e+04 1.865620334157118850e+04 9.086060329718367429e+05 7.585677903981944837e+04 5.345372848196389981e+01
  dtu_10mw_rwt_turb_20.0_55769.dat 4.796468408316160392e+00 8.692507523957214433e-02 5.090068129813230371e+02 8.746965280580209168e+00 6.907924622894200729e+04 4.863327489149959001e+04 2.480385294628447082e+04 3.252768363240276813e+03 2.151091332258317379e+03 2.131126867902809681e+04 2.078113379493114189e+04 9.339244620676228078e+05 5.617588819898727525e+04 5.313692688309831880e+01
  dtu_10mw_rwt_turb_21.0_21716.dat 5.176004515092787805e+00 1.047875490974945062e-01 4.529158741817620353e+02 9.031720250187698085e+00 7.448062543337370153e+04 4.185884026412125968e+04 2.585649910296042435e+04 2.626622944369604284e+03 4.581249490220262487e+03 1.991738197361087077e+04 2.000810574327058930e+04 1.255352325125548057e+06 1.398139425039700291e+05 5.290068200803930409e+01
  dtu_10mw_rwt_turb_21.0_40322.dat 3.483145551694340813e+00 7.944496373644700793e-02 4.135606111886374379e+02 8.376113775378506432e+00 6.449642487628432718e+04 3.647588782274889672e+04 2.580684933724830262e+04 2.845826048741984323e+03 1.868369032929436798e+03 2.105263345620303880e+04 1.915349125513189938e+04 8.503152196440853877e+05 5.242458984857978794e+04 5.321691424934773806e+01
  dtu_10mw_rwt_turb_21.0_43619.dat 4.786811246346090343e+00 9.834649413712584498e-02 4.052377580385930287e+02 9.311054003340160534e+00 6.482695355435770762e+04 3.512776321017125156e+04 2.390121903528528492e+04 2.764661089824457122e+03 1.928961306458837726e+03 1.864825993572092193e+04 1.918939716922405933e+04 1.009606934046477312e+06 5.217608318452702224e+04 5.315610348505552452e+01
  dtu_10mw_rwt_turb_21.0_47165.dat 5.021953646230795876e+00 1.066003452313242228e-01 5.024968196623486278e+02 9.292773064286288687e+00 7.181676427896774840e+04 4.723259511177479726e+04 2.329593895840125697e+04 2.714265930900638978e+03 2.602929227833815276e+03 1.990254678388953835e+04 1.885930855754079312e+04 1.202418195274114376e+06 6.793332367506882292e+04 5.290346190323313635e+01
  dtu_10mw_rwt_turb_21.0_47952.dat 2.524381380709903588e+00 8.015163013709374062e-02 4.472581593415698080e+02 9.879613478627101486e+00 7.901636652873219282e+04 5.011811571820407698e+04 2.611940985949329479e+04 3.097416069649922974e+03 2.006254291302169122e+03 1.982381007668286838e+04 1.979748713760259488e+04 8.335668159220895031e+05 5.763519559728904278e+04 5.316906933275276970e+01
  dtu_10mw_rwt_turb_21.0_50292.dat 4.578611222062194841e+00 9.414913038166268511e-02 4.267914713770710478e+02 9.488035243752465320e+00 5.638288198417489912e+04 3.257672537300225304e+04 1.982139459784795690e+04 2.853659534851683475e+03 1.863259058824854264e+03 1.963910849832113672e+04 1.943172996909468202e+04 9.996947616519110743e+05 4.989091886926793813e+04 5.332427619702797728e+01
  dtu_10mw_rwt_turb_22.0_14324.dat 3.947413934075037822e+00 1.069985466496714416e-01 5.143991700455247837e+02 9.583622585482906686e+00 7.055720672385371290e+04 6.640066913335215941e+04 2.717399668101999487e+04 3.279724976106163012e+03 2.390112367069710217e+03 2.297909982831343950e+04 1.947586549274539720e+04 1.174416018046490382e+06 6.509000625751660846e+04 5.230652216675379407e+01
  dtu_10mw_rwt_turb_22.0_26862.dat 3.177160846391571702e+00 9.226348230694957075e-02 3.579635851705282334e+02 8.659948322547867505e+00 6.440536881176303723e+04 3.839729577348125895e+04 2.461516589351762013e+04 2.551946447168641953e+03 1.956060126052769647e+03 2.050329569635067674e+04 1.974544909500922222e+04 9.948236432985019637e+05 4.879126257933725719e+04 5.243024677694186408e+01
  dtu_10mw_rwt_turb_22.0_47824.dat 4.212134711878267268e+00 9.504765483003417559e-02 4.006631605632496758e+02 7.878497934749541187e+00 6.377948889294898254e+04 3.236012461395251376e+04 2.286872613577367156e+04 3.014288083784904302e+03 1.978730722088254424e+03 1.934265691317384699e+04 1.906395169490282933e+04 1.035575274284532759e+06 5.253751802265771403e+04 5.341318324013212049e+01
  dtu_10mw_rwt_turb_22.0_51321.dat 4.804632443217744964e+00 1.132792770064687538e-01 4.360246607267986860e+02 9.552383228831812900e+00 7.450186558429860452e+04 5.093162991665220761e+04 2.803287382172037178e+04 3.375352713836016392e+03 2.671994460354538205e+03 2.349099376242324070e+04 1.984395189653417401e+04 1.260591317090475233e+06 6.646652156883230782e+04 5.284455249827529144e+01
  dtu_10mw_rwt_turb_22.0_52263.dat 4.067751067144437016e+00 9.145684771851599060e-02 4.203755905943110065e+02 9.296473219426749424e+00 6.893685920215252554e+04 5.233341282741962641e+04 2.341439183034762755e+04 2.928184748128039701e+03 1.977120912853150912e+03 1.835314004082972679e+04 1.952220601945968519e+04 9.567398303923694184e+05 5.366945224650213640e+04 5.275272320972673867e+01
  dtu_10mw_rwt_turb_22.0_55769.dat 4.730414181670536955e+00 9.857738107653526982e-02 5.291482136504034770e+02 9.624709127972639777e+00 7.910924740460175963e+04 5.863256338829130982e+04 2.665751477844451074e+04 3.872963215703377955e+03 2.570539539948752463e+03 2.281528690081229433e+04 2.200425691075872237e+04 1.024327703916895087e+06 7.158733630737813655e+04 5.254433454205448584e+01
  dtu_10mw_rwt_turb_23.0_21716.dat 5.225301323640194617e+00 1.239237569490307111e-01 4.671443697280598712e+02 1.008328844047613160e+01 8.544753933675600274e+04 5.102332484550600202e+04 2.875511927746844958e+04 3.178054959269611572e+03 2.597033701329647556e+03 2.102744326426445696e+04 2.101183656980201340e+04 1.384805110077706631e+06 6.443793322452049324e+04 5.225746549880777536e+01
  dtu_10mw_rwt_turb_23.0_40322.dat 3.503591103446943578e+00 8.370930513786355165e-02 4.438459290348542368e+02 9.050144358629763630e+00 6.521244087970458349e+04 4.632590117056168674e+04 2.793186888631850525e+04 2.993045325315090849e+03 1.926035566486830021e+03 2.269200643680811845e+04 1.975987310264611369e+04 9.052678971422881586e+05 5.039785360000796936e+04 5.262902291543016986e+01
  dtu_10mw_rwt_turb_23.0_43619.dat 4.606804193091553756e+00 1.083386250284947699e-01 4.256026378534995729e+02 9.964493135183541739e+00 7.359621175077548833e+04 4.828193188727976667e+04 2.490705175520251578e+04 3.045781431489091574e+03 2.091175189063259040e+03 1.957190876746189679e+04 1.989717669416587887e+04 1.145806827224465087e+06 4.863865400560123089e+04 5.253814927950399039e+01
  dtu_10mw_rwt_turb_23.0_47165.dat 4.951389335406406467e+00 1.169883394419046069e-01 5.220675636257520864e+02 1.001474495012328703e+01 7.553477321528004541e+04 5.306993721950306644e+04 2.573352996684443497e+04 2.785718246847639421e+03 2.192159740996807159e+03 2.061054018661026203e+04 1.941459627474406807e+04 1.270915829138942063e+06 5.085394963122103945e+04 5.232041361865420726e+01
  dtu_10mw_rwt_turb_23.0_47952.dat 2.680623717308614928e+00 8.544016199173616599e-02 4.647106230163246892e+02 1.080286111985709852e+01 8.066997834459076694e+04 6.828053703606373165e+04 2.759109268827631968e+04 3.608570204230965373e+03 1.968172935826972434e+03 2.248044631804749588e+04 2.124811843273442355e+04 8.908876732774506090e+05 5.324171116128534777e+04 5.250531728299738887e+01
  dtu_10mw_rwt_turb_23.0_50292.dat 4.488138000361747260e+00 1.044219800980609736e-01 4.575017935094354016e+02 1.029840497457119142e+01 6.483478912790009781e+04 4.350017966972391150e+04 2.247991433908925319e+04 2.883142411359624930e+03 2.289492265722578395e+03 2.100527981246896525e+04 1.993521218856188716e+04 1.130057143599437783e+06 6.348725600387537997e+04 5.272496582889834116e+01
  dtu_10mw_rwt_turb_24.0_14324.dat 3.922996424681314043e+00 1.181062219847195949e-01 5.247412018153153213e+02 1.034870916769725824e+01 7.188808269304261194e+04 4.740877754958615697e+04 2.929293107217684883e+04 2.995477001716436916e+03 3.088092982673829738e+03 2.460785719026062361e+04 2.050689841316866659e+04 1.316855824654961471e+06 9.320488103764799598e+04 5.169341786304646291e+01
  dtu_10mw_rwt_turb_24.0_26862.dat 3.330191909852503240e+00 1.040175880302360717e-01 3.858662365305872299e+02 9.261803391892073023e+00 7.602004559223772958e+04 5.423921400486819766e+04 2.541844506774614274e+04 3.025772457948676220e+03 2.079235494206877320e+03 2.129400591383675055e+04 2.028188225948176114e+04 1.091074217281308956e+06 5.426150273525423108e+04 5.189986336691172397e+01
  dtu_10mw_rwt_turb_24.0_47824.dat 4.191392117841497900e+00 1.097144863547675903e-01 4.430588828976280524e+02 8.632392643785891551e+00 6.872170311609806959e+04 5.519415347266004392e+04 2.269367713809728230e+04 3.348092998249011998e+03 2.264629275239892195e+03 2.114704308370354192e+04 1.961321227024981999e+04 1.191469817323445342e+06 5.137393734340346418e+04 5.275887531755613935e+01
  dtu_10mw_rwt_turb_24.0_51321.dat 4.779464781414589858e+00 1.281127410199603411e-01 4.608535179032208475e+02 1.015106721822903779e+01 8.073443107306936872e+04 4.789372506176713796e+04 2.879271658888395541e+04 3.607172182230588533e+03 2.493628950391683702e+03 2.569463473747958415e+04 2.059260456665253514e+04 1.404622449995530071e+06 5.872787603047223092e+04 5.223542226056717652e+01
  dtu_10mw_rwt_turb_24.0_52263.dat 4.068025906766728816e+00 1.015992891347504423e-01 4.297183147740071263e+02 1.018330003098177627e+01 8.465232878843942308e+04 4.794229306757076847e+04 2.466657249167542977e+04 3.357472797319386245e+03 2.514980555553699105e+03 2.075457053218196597e+04 2.025205499593564309e+04 1.101256625529910438e+06 7.531602568918878387e+04 5.219726699804714798e+01
  dtu_10mw_rwt_turb_24.0_55769.dat 4.631167563572384793e+00 1.112286369217063975e-01 5.269318539334620937e+02 1.042985938401535329e+01 8.747542644508628291e+04 5.298963660680720204e+04 2.775328512298948044e+04 3.755447698903029504e+03 2.417635684963674066e+03 2.497329635994086129e+04 2.338167982135750935e+04 1.195147306736347033e+06 6.339631997140784370e+04 5.191510388089991324e+01
   dtu_10mw_rwt_turb_5.0_21716.dat 1.260454822473628944e+00 6.786147853656328971e-03 1.883093290888866704e+02 3.062850981842117015e+00 4.874492069708545023e+04 1.645453548907868390e+04 8.534913209986945731e+03 1.585323746481475155e+03 1.342891762948231644e+03 5.986590368165328073e+03 1.406093566399478186e+04 1.262632906352489023e+06 8.014031217375472188e+05 5.248069721342353233e+01
   dtu_10mw_rwt_turb_5.0_40322.dat 1.459751939790808306e+00 5.510439863685412908e-03 1.803648836217957125e+02 3.283346023441527262e+00 4.944224251466811256e+04 1.011609249984503185e+04 6.134841818380751647e+03 1.202111799708938861e+03 1.045666008453305722e+03 5.188964918300403951e+03 1.366046805774550739e+04 9.852457245546679478e+05 6.242119390765202697e+05 5.245054081349623942e+01
   dtu_10mw_rwt_turb_5.0_43619.dat 1.416003981434200920e+00 7.383996817182260537e-03 2.494855585327517531e+02 4.219803057653717104e+00 7.690169797588067013e+04 1.660554228877323476e+04 9.493639213008518709e+03 2.273214635062744037e+03 1.829038712534898650e+03 7.932225414659872513e+03 1.425141840733504250e+04 1.715346629030918470e+06 1.089699741512224777e+06 5.238504341079067217e+01
   dtu_10mw_rwt_turb_5.0_47165.dat 1.488789737990460438e+00 6.250467631995599085e-03 1.830778836008680628e+02 3.810551474409866746e+00 7.614144428203759890e+04 1.398663937024790175e+04 8.905797282151481340e+03 1.276705222616991477e+03 9.583041799391487530e+02 7.139236928506475124e+03 1.380862151381766671e+04 9.018669339544540271e+05 5.715138786348697031e+05 5.269036970404597042e+01
   dtu_10mw_rwt_turb_5.0_47952.dat 1.517194521917254013e+00 4.708317238382411091e-03 1.804410005376190895e+02 3.352479364128526651e+00 5.444494599205565464e+04 1.387251991692197407e+04 7.567155284533870145e+03 1.152755877199765337e+03 7.811971093207711192e+02 6.403726734149127878e+03 1.401746980899459413e+04 7.304331981053760974e+05 4.610916327762528090e+05 5.251867925157261396e+01
   dtu_10mw_rwt_turb_5.0_50292.dat 1.365705285499523969e+00 6.202178462626378209e-03 1.993118650283908551e+02 3.054578368617167694e+00 5.950444215869536856e+04 1.524589589832429920e+04 6.473968399151602171e+03 1.758341172084086111e+03 1.323298832785959121e+03 6.683389329267051835e+03 1.393908793700329261e+04 1.241576558891332010e+06 7.846106630933032138e+05 5.245106441729517854e+01
   dtu_10mw_rwt_turb_6.0_14324.dat 8.463257224382118027e-01 1.004881453897594167e-02 1.845401848384539107e+02 2.894981017208497320e+00 7.223413888423517346e+04 2.005022682277412605e+04 8.468520502780471361e+03 1.706283854994602962e+03 1.479222962980647935e+03 7.556107511605855507e+03 1.384728089371665192e+04 1.395304268339517992e+06 8.952547696666202974e+05 5.278194002036602228e+01
   dtu_10mw_rwt_turb_6.0_26862.dat 1.252615230699349436e+00 8.591397527189932951e-03 1.831050495568928227e+02 3.232751145858927089e+00 5.740617923136050376e+04 1.871548615640705975e+04 8.089862785793017792e+03 1.982837979741915660e+03 1.750795963744633127e+03 6.643176501974361599e+03 1.398840047540195337e+04 1.654825459762965795e+06 1.049999182026988827e+06 5.316514205362324930e+01
   dtu_10mw_rwt_turb_6.0_47824.dat 1.411099202487370308e+00 6.132574267261124701e-03 2.395464864783904488e+02 3.343703376864650245e+00 7.218182896422805788e+04 1.465520682409464280e+04 6.916624483507545847e+03 1.653047000809436668e+03 1.393612360098515410e+03 7.932627770982570837e+03 1.405917744330593268e+04 1.315349911739451345e+06 8.304082452568621375e+05 5.277403150222389883e+01
   dtu_10mw_rwt_turb_6.0_51321.dat 1.434087018881088138e+00 1.042463379641858645e-02 2.631635472721732185e+02 4.160381990427450383e+00 7.278440186018956592e+04 2.310837181817866440e+04 8.519786296970230978e+03 2.231528074540046418e+03 2.308188200528577909e+03 8.065717143707195646e+03 1.425226948038471528e+04 2.158141312533350196e+06 1.378812797527665040e+06 5.345245988487792488e+01
   dtu_10mw_rwt_turb_6.0_52263.dat 1.425345171175136372e+00 7.170038620903190080e-03 1.936509943782686207e+02 3.519646936198202791e+00 5.959631460297340527e+04 1.423934783416468599e+04 6.794290584335501080e+03 1.911926506951580677e+03 1.554689293207207811e+03 6.636637799138995433e+03 1.406404672782793750e+04 1.458988809905009810e+06 9.245847805909775198e+05 5.278026616259860759e+01
   dtu_10mw_rwt_turb_6.0_55769.dat 1.343515450844307013e+00 9.979424192672796748e-03 2.330361688224432726e+02 3.682139311162180739e+00 8.684799566143573611e+04 3.001616284105210070e+04 9.471230596412424347e+03 2.232602894990905497e+03 1.898803941275182979e+03 9.290220602244920883e+03 1.458327441252085191e+04 1.798451312512730481e+06 1.149885113910101587e+06 5.320634461442875818e+01
   dtu_10mw_rwt_turb_7.0_21716.dat 5.724949426952107290e-01 4.352705320158247598e-02 2.911920615457470944e+02 3.498893532828401209e+00 6.942124397558344936e+04 3.358822486466092232e+04 1.107084263456839653e+04 2.907304060651917553e+03 2.533410355428618004e+03 8.456260447878463310e+03 1.457734394966022046e+04 2.365623825142541900e+06 1.716188417889489559e+06 5.338467003284300461e+01
   dtu_10mw_rwt_turb_7.0_40322.dat 1.369527400884276380e+00 1.478754182337700500e-02 2.487854872809927542e+02 3.873028057359827248e+00 6.511633599519841664e+04 1.935241373843123802e+04 7.791464482920613591e+03 2.008757466339512575e+03 1.869212893196031700e+03 6.632399590885416728e+03 1.403633812999433758e+04 1.752218920376623981e+06 1.165025272036361275e+06 5.328224015466744135e+01
   dtu_10mw_rwt_turb_7.0_43619.dat 1.062026369075092846e+00 6.093204031963656009e-02 3.414778622276286342e+02 4.959399103130367692e+00 9.525656888852537668e+04 2.501738673810819091e+04 1.164339641755675439e+04 3.408577046063941907e+03 2.937396309484717676e+03 1.036630077516929668e+04 1.476330420655379567e+04 2.743788866753940005e+06 2.116328691645146348e+06 5.350533488878428301e+01
   dtu_10mw_rwt_turb_7.0_47165.dat 9.961972666911408369e-01 1.261977409719267779e-02 2.316492313046831555e+02 4.763202671642215336e+00 9.005908165270549944e+04 2.952372561010618301e+04 1.058439780007105401e+04 2.575321545204470567e+03 1.984613184365087818e+03 8.984052642043599917e+03 1.425902103232506488e+04 1.856942874722896842e+06 1.198769367026624037e+06 5.337710298218332383e+01
   dtu_10mw_rwt_turb_7.0_47952.dat 9.302462782546270237e-01 9.952226488435706592e-03 1.686242205859394119e+02 3.739433592610553525e+00 6.871559264102722227e+04 2.492832716930378592e+04 8.619360778710975865e+03 2.114258983529074158e+03 1.393676904019990843e+03 7.431454188170519956e+03 1.448749447198547387e+04 1.321987530986427562e+06 8.446208214839436114e+05 5.327694959693332066e+01
   dtu_10mw_rwt_turb_7.0_50292.dat 1.267224403276043798e+00 2.936604259146058035e-02 2.948716301668598589e+02 3.853171847643057202e+00 7.634823167504344019e+04 2.353880091526837714e+04 7.502849118893495870e+03 3.092287925236368665e+03 2.481993491169822391e+03 8.719542344455499915e+03 1.443032171435557939e+04 2.321523361352677457e+06 1.594301810330100823e+06 5.316105083172458734e+01
   dtu_10mw_rwt_turb_8.0_14324.dat 4.051222043676851181e-02 7.484896179075913036e-02 2.809393487680083581e+02 3.820017256468223543e+00 8.577343620013377222e+04 3.051236501279435470e+04 1.078170718160350407e+04 2.054225726816016959e+03 1.763561464533438311e+03 1.011353700501296953e+04 1.438386666584444174e+04 1.641455793332838221e+06 1.573415788457851857e+06 5.399405619995190619e+01
   dtu_10mw_rwt_turb_8.0_26862.dat 3.299825337093424960e-01 7.684415778826751697e-02 2.733157913481462629e+02 3.932709590346906037e+00 7.312403769542576629e+04 2.699604053069236397e+04 9.893769820412979243e+03 2.406956727807181323e+03 2.041763070316402491e+03 9.027037850194497878e+03 1.474034151285537155e+04 1.922444745730642462e+06 1.757719194125009701e+06 5.464214769814317663e+01
   dtu_10mw_rwt_turb_8.0_47824.dat 9.845792329221829675e-01 1.655341381969551925e-02 2.759409971370653238e+02 3.572340110126847712e+00 8.585327984007423220e+04 2.705352326900248227e+04 7.927832495066571028e+03 2.660289963627148154e+03 2.401080315458059886e+03 9.763201230125856455e+03 1.449924154000677663e+04 2.245717315462928731e+06 1.477427695107079810e+06 5.367755098568405714e+01
   dtu_10mw_rwt_turb_8.0_51321.dat 5.874837144353715068e-01 1.082376284635739316e-01 4.182634022531655660e+02 5.032640462865169972e+00 8.202738538316161430e+04 2.731810460942497957e+04 1.176285808647218619e+04 3.185276394365744636e+03 3.237620431272358019e+03 1.118414647934837922e+04 1.511081557303706722e+04 3.021842807608919684e+06 2.812154706033785362e+06 5.482677239211618314e+01
   dtu_10mw_rwt_turb_8.0_52263.dat 1.009308491929303830e+00 6.533634607452198928e-02 3.135191514843801883e+02 4.057341794573483540e+00 7.099806648552019033e+04 2.800948057352011529e+04 8.427369970683141219e+03 2.879513208869356276e+03 2.362535056398436609e+03 9.153214493445015250e+03 1.477361940349437828e+04 2.201568618806400802e+06 1.812137231172152329e+06 5.388319359451502066e+01
   dtu_10mw_rwt_turb_8.0_55769.dat 3.109834003139083647e-01 9.167818489399173765e-02 3.870329530705331536e+02 4.359026792174542031e+00 8.239518617109302431e+04 3.321386087234644947e+04 1.253387071586478305e+04 2.913262671489293098e+03 2.747831439927734209e+03 1.234105284668222885e+04 1.578135977029776768e+04 2.548400268928050064e+06 2.307394308337348048e+06 5.465394101521687276e+01
   dtu_10mw_rwt_turb_9.0_21716.dat 1.239140351624791734e-05 1.440112517239291456e-01 5.224533977180643660e+02 4.098628655995753434e+00 8.424873368485880201e+04 1.845769477217501117e+04 1.516865293089839361e+04 3.986101505703056318e+03 3.724340195112090441e+03 1.290888076661375453e+04 1.566967291162329639e+04 3.486844164470139891e+06 3.633171255338800140e+06 5.554370320569697839e+01
   dtu_10mw_rwt_turb_9.0_40322.dat 4.956850275256615146e-01 9.984212765419329949e-02 3.520613870141011148e+02 4.302305631644367523e+00 7.238605353623407427e+04 1.813004639942809445e+04 1.076775227898543017e+04 2.456616738495527443e+03 2.137224888142616692e+03 9.428626544823009681e+03 1.485130904746172746e+04 1.995481875527666649e+06 2.134290352502739523e+06 5.522062678040177985e+01
   dtu_10mw_rwt_turb_9.0_43619.dat 1.318422810664743872e-01 1.594062405902026969e-01 5.175000224071253569e+02 5.642110430448500580e+00 9.233904952076006157e+04 2.875972047992768421e+04 1.517280348556739045e+04 4.227107463662483497e+03 3.714806970704007199e+03 1.469855639225779305e+04 1.600357843644093009e+04 3.468712904148522299e+06 3.827072758999708574e+06 5.554851043189028559e+01
   dtu_10mw_rwt_turb_9.0_47165.dat 1.261316698950818160e-01 1.082029982800225831e-01 4.016702851691107412e+02 5.576094719991603554e+00 8.373139090946158103e+04 2.962100413225205921e+04 1.449843468778158785e+04 3.017425999160410811e+03 2.529372231337825724e+03 1.235881451504915458e+04 1.542208744698572445e+04 2.364152505583278835e+06 2.402240234705809969e+06 5.534052164498305615e+01
   dtu_10mw_rwt_turb_9.0_47952.dat 1.316722461280058741e-05 6.725212134242652962e-02 2.544745796039609900e+02 4.328994882776186159e+00 6.639164803146514168e+04 2.301878128074008418e+04 1.127408915695507494e+04 2.191798700474601446e+03 1.379301006471154324e+03 9.618775394505770237e+03 1.554061175668477881e+04 1.276928273814466083e+06 1.342489072746092919e+06 5.489679684445877683e+01
   dtu_10mw_rwt_turb_9.0_50292.dat 2.604343821763521749e-01 1.306386066618989428e-01 4.620796028070176362e+02 4.695722322542250637e+00 7.526515917319631262e+04 2.289557795242566135e+04 9.419163065514818300e+03 4.217645638661974772e+03 3.438011593808334055e+03 1.312552744718773647e+04 1.525660042696807795e+04 3.220070948280590121e+06 3.285342771030115895e+06 5.468629264407215373e+01
