Statistics: min. Generated: 11/11/2020 09:01:37. No. files: 120.
                              File                       4                      10                      13                      15                      19                      20                      22                      23                      27                      28                      29                      72                     102                     110
  dtu_10mw_rwt_turb_10.0_14324.dat -4.124980000000000313e-03 7.456509999999999527e-01 9.116829999999999927e+02 6.163030000000000008e+00 8.343489999999999418e+04 -1.918000000000000000e+03 -8.891000000000000000e+03 7.179220000000000255e+03 -1.170970000000000073e+04 -3.567240000000000146e+04 -8.867719999999999345e+03 7.224900000000000000e+06 5.383480000000000000e+06 1.103710000000000058e+01
  dtu_10mw_rwt_turb_10.0_26862.dat 4.798100000000000021e-05 7.254350000000000520e-01 8.594679999999999609e+02 6.069230000000000125e+00 7.946069999999999709e+04 -8.388899999999999864e+02 -9.291840000000000146e+03 7.267529999999999745e+03 -1.149360000000000036e+04 -3.355380000000000291e+04 -7.855500000000000000e+03 6.858240000000000000e+06 4.978900000000000000e+06 9.980100000000000193e+00
  dtu_10mw_rwt_turb_10.0_47824.dat -8.383449999999999973e-04 6.197599999999999776e-01 5.216789999999999736e+02 5.138359999999999594e+00 7.398899999999999636e+03 -1.522829999999999927e+04 -8.968870000000000800e+03 4.107869999999999891e+03 -9.303969999999999345e+03 -2.747129999999999927e+04 -8.669479999999999563e+03 3.674230000000000000e+06 2.277790000000000000e+06 1.098709999999999987e+01
  dtu_10mw_rwt_turb_10.0_51321.dat -7.837739999999999291e-03 6.659549999999999637e-01 6.796159999999999854e+02 5.451500000000000234e+00 5.749619999999999709e+04 -9.035639999999999418e+03 -1.256129999999999927e+04 6.110789999999999964e+03 -1.150160000000000036e+04 -3.420540000000000146e+04 -8.365850000000000364e+03 5.756270000000000000e+06 3.828520000000000000e+06 8.413230000000000430e+00
  dtu_10mw_rwt_turb_10.0_52263.dat -6.889160000000000292e-04 6.731770000000000254e-01 7.371250000000000000e+02 5.359650000000000247e+00 6.483340000000000146e+04 -2.259699999999999818e+03 -8.390010000000000218e+03 6.184880000000000109e+03 -1.136139999999999964e+04 -3.128629999999999927e+04 -8.259760000000000218e+03 5.885550000000000000e+06 3.958150000000000000e+06 9.742670000000000385e+00
  dtu_10mw_rwt_turb_10.0_55769.dat -1.113689999999999992e-02 6.940330000000000110e-01 7.208880000000000337e+02 5.745239999999999903e+00 5.866190000000000146e+04 -9.324450000000000728e+03 -1.265089999999999964e+04 6.582170000000000073e+03 -1.205979999999999927e+04 -3.821490000000000146e+04 -9.824020000000000437e+03 6.249650000000000000e+06 4.331090000000000000e+06 8.412779999999999703e+00
  dtu_10mw_rwt_turb_11.0_21716.dat -9.804030000000000036e-03 6.991650000000000365e-01 7.924909999999999854e+02 6.908649999999999736e+00 6.121509999999999854e+04 -9.537760000000000218e+03 -1.409850000000000000e+04 6.942890000000000327e+03 -1.208500000000000000e+04 -3.579590000000000146e+04 -9.920200000000000728e+03 6.352500000000000000e+06 4.438460000000000000e+06 8.410399999999999210e+00
  dtu_10mw_rwt_turb_11.0_40322.dat -1.255230000000000061e-02 7.640730000000000022e-01 9.302789999999999964e+02 5.780269999999999797e+00 8.560419999999999709e+04 -2.086099999999999909e+03 -1.075089999999999964e+04 7.844250000000000000e+03 -1.201760000000000036e+04 -3.609330000000000291e+04 -8.237969999999999345e+03 7.593120000000000000e+06 5.800220000000000000e+06 9.064149999999999707e+00
  dtu_10mw_rwt_turb_11.0_43619.dat -8.951280000000000694e-03 7.447909999999999808e-01 8.326040000000000418e+02 6.024919999999999831e+00 7.934089999999999418e+04 -1.184929999999999927e+04 -1.064450000000000000e+04 7.319750000000000000e+03 -1.250229999999999927e+04 -3.610840000000000146e+04 -9.043489999999999782e+03 7.201600000000000000e+06 5.357480000000000000e+06 9.067009999999999792e+00
  dtu_10mw_rwt_turb_11.0_47165.dat -9.010060000000000291e-03 7.429109999999999880e-01 8.724990000000000236e+02 5.430369999999999919e+00 7.309350000000000000e+04 -5.011729999999999563e+03 -1.550329999999999927e+04 6.936909999999999854e+03 -1.211210000000000036e+04 -3.709759999999999854e+04 -7.877090000000000146e+03 7.152990000000000000e+06 5.303300000000000000e+06 8.668649999999999523e+00
  dtu_10mw_rwt_turb_11.0_47952.dat 4.800000000000000122e-05 7.985560000000000436e-01 1.061609999999999900e+03 6.628949999999999676e+00 1.051020000000000000e+05 -1.475329999999999941e+01 -1.056589999999999964e+04 8.300819999999999709e+03 -1.174920000000000073e+04 -3.427700000000000000e+04 -8.937870000000000800e+03 8.297040000000000000e+06 6.625180000000000000e+06 9.826819999999999666e+00
  dtu_10mw_rwt_turb_11.0_50292.dat -5.307959999999999588e-03 7.122300000000000297e-01 8.315109999999999673e+02 6.195680000000000298e+00 7.844160000000000582e+04 -2.753599999999999909e+03 -7.073069999999999709e+03 6.453760000000000218e+03 -1.221020000000000073e+04 -3.610150000000000000e+04 -8.934920000000000073e+03 6.607060000000000000e+06 4.707890000000000000e+06 9.264170000000000016e+00
  dtu_10mw_rwt_turb_12.0_14324.dat -7.350169999999999620e-03 9.495649999999999924e-01 6.525280000000000200e+02 7.394079999999999764e+00 9.050419999999999709e+04 -2.449079999999999927e+03 -1.050779999999999927e+04 9.298719999999999345e+03 -1.174529999999999927e+04 -3.538869999999999709e+04 -8.759180000000000291e+03 9.564480000000000000e+06 9.974260000000000000e+06 8.870129999999999626e+00
  dtu_10mw_rwt_turb_12.0_26862.dat -4.897199999999999991e-03 8.939319999999999489e-01 8.079249999999999545e+02 7.092819999999999681e+00 9.704460000000000582e+04 -1.001809999999999945e+03 -9.688899999999999636e+03 9.384579999999999927e+03 -1.192779999999999927e+04 -3.497730000000000291e+04 -7.680859999999999673e+03 9.499080000000000000e+06 9.258930000000000000e+06 8.203590000000000160e+00
  dtu_10mw_rwt_turb_12.0_47824.dat -1.896219999999999850e-02 7.035730000000000040e-01 7.563189999999999600e+02 6.408229999999999649e+00 6.402190000000000146e+04 -3.231259999999999764e+02 -1.145550000000000000e+04 7.050479999999999563e+03 -1.245110000000000036e+04 -3.530200000000000000e+04 -8.910790000000000873e+03 6.430430000000000000e+06 4.520400000000000000e+06 8.637069999999999581e+00
  dtu_10mw_rwt_turb_12.0_51321.dat -8.677980000000000069e-03 8.104630000000000445e-01 6.972989999999999782e+02 7.108830000000000204e+00 8.357419999999999709e+04 -9.720420000000000300e+02 -1.444429999999999927e+04 8.912170000000000073e+03 -1.225189999999999964e+04 -3.895200000000000000e+04 -8.262430000000000291e+03 8.525380000000000000e+06 6.900590000000000000e+06 7.385650000000000048e+00
  dtu_10mw_rwt_turb_12.0_52263.dat -1.411439999999999917e-02 8.188389999999999835e-01 8.438460000000000036e+02 6.678729999999999833e+00 9.411530000000000291e+04 -4.636560000000000400e+03 -1.031660000000000036e+04 9.108159999999999854e+03 -1.201879999999999927e+04 -3.444230000000000291e+04 -8.144739999999999782e+03 8.720140000000000000e+06 7.138360000000000000e+06 9.285529999999999617e+00
  dtu_10mw_rwt_turb_12.0_55769.dat -1.231310000000000043e-02 8.289339999999999486e-01 7.522050000000000409e+02 7.109980000000000189e+00 7.849530000000000291e+04 -5.191810000000000400e+03 -1.518289999999999964e+04 8.506430000000000291e+03 -1.257750000000000000e+04 -3.757680000000000291e+04 -9.653549999999999272e+03 8.912370000000000000e+06 7.375790000000000000e+06 8.802619999999999223e+00
  dtu_10mw_rwt_turb_13.0_21716.dat -1.347689999999999999e-02 8.271420000000000439e-01 6.487400000000000091e+02 8.420749999999999957e+00 7.046619999999999709e+04 -1.467329999999999927e+04 -1.834259999999999854e+04 9.165530000000000655e+03 -1.251250000000000000e+04 -3.738419999999999709e+04 -8.360190000000000509e+03 8.883210000000000000e+06 7.339550000000000000e+06 9.692190000000000083e+00
  dtu_10mw_rwt_turb_13.0_40322.dat 1.288930000000000076e-01 9.612559999999999993e-01 7.493139999999999645e+02 7.049579999999999735e+00 8.612700000000000000e+04 -9.109340000000000146e+03 -1.175970000000000073e+04 9.444079999999999927e+03 -1.176789999999999964e+04 -3.585080000000000291e+04 -7.724560000000000400e+03 9.587600000000000000e+06 9.973850000000000000e+06 7.010379999999999612e+00
  dtu_10mw_rwt_turb_13.0_43619.dat -1.196529999999999989e-02 9.274120000000000141e-01 6.642369999999999663e+02 7.794780000000000264e+00 6.954089999999999418e+04 -1.181289999999999964e+03 -1.322879999999999927e+04 8.874510000000000218e+03 -1.414420000000000073e+04 -3.474950000000000000e+04 -8.591409999999999854e+03 9.436210000000000000e+06 9.829890000000000000e+06 8.506640000000000867e+00
  dtu_10mw_rwt_turb_13.0_47165.dat -1.882429999999999867e-02 9.209779999999999633e-01 6.069370000000000118e+02 7.014300000000000423e+00 7.675289999999999418e+04 -1.555880000000000109e+03 -1.574839999999999964e+04 8.403110000000000582e+03 -1.222989999999999964e+04 -3.916369999999999709e+04 -8.302950000000000728e+03 9.497110000000000000e+06 9.800800000000000000e+06 9.158649999999999736e+00
  dtu_10mw_rwt_turb_13.0_47952.dat 2.897310000000000052e+00 9.704880000000000173e-01 7.649610000000000127e+02 7.926879999999999704e+00 8.343919999999999709e+04 -8.041779999999999745e+03 -1.265000000000000000e+04 8.869559999999999491e+03 -1.140800000000000000e+04 -3.370480000000000291e+04 -8.542530000000000655e+03 9.508060000000000000e+06 9.975450000000000000e+06 9.834550000000000125e+00
  dtu_10mw_rwt_turb_13.0_50292.dat -1.476109999999999922e-02 8.523789999999999978e-01 6.446639999999999873e+02 7.821480000000000210e+00 7.533900000000000000e+04 -1.129630000000000109e+03 -8.421020000000000437e+03 9.339790000000000873e+03 -1.280160000000000036e+04 -3.613690000000000146e+04 -8.331659999999999854e+03 9.455500000000000000e+06 8.060150000000000000e+06 9.474919999999999121e+00
  dtu_10mw_rwt_turb_14.0_14324.dat 5.077370000000000161e+00 9.449239999999999862e-01 4.531700000000000159e+02 8.693099999999999383e+00 6.928080000000000291e+04 -1.207020000000000073e+04 -1.270620000000000073e+04 8.806579999999999927e+03 -1.231879999999999927e+04 -2.951829999999999927e+04 -8.767819999999999709e+03 9.458380000000000000e+06 9.955710000000000000e+06 1.200900000000000034e+01
  dtu_10mw_rwt_turb_14.0_26862.dat 5.789710000000000356e+00 9.650819999999999954e-01 6.364299999999999500e+02 8.308619999999999450e+00 7.106139999999999418e+04 -5.103180000000000291e+03 -1.164510000000000036e+04 9.135469999999999345e+03 -1.166650000000000000e+04 -2.748209999999999854e+04 -8.190850000000000364e+03 9.541920000000000000e+06 9.973220000000000000e+06 1.080640000000000001e+01
  dtu_10mw_rwt_turb_14.0_47824.dat -1.244250000000000043e-02 8.501640000000000308e-01 7.160380000000000109e+02 7.867409999999999570e+00 7.471060000000000582e+04 -4.194229999999999563e+03 -1.483500000000000000e+04 8.998590000000000146e+03 -1.209629999999999927e+04 -3.710430000000000291e+04 -8.260559999999999491e+03 9.397120000000000000e+06 7.985530000000000000e+06 1.010849999999999937e+01
  dtu_10mw_rwt_turb_14.0_51321.dat 1.606700000000000017e+00 9.241909999999999847e-01 5.404199999999999591e+02 8.912950000000000372e+00 6.417909999999999854e+04 -1.262310000000000036e+04 -1.583350000000000000e+04 9.004579999999999927e+03 -1.239150000000000000e+04 -3.365509999999999854e+04 -8.657030000000000655e+03 9.448380000000000000e+06 9.957800000000000000e+06 9.783329999999999416e+00
  dtu_10mw_rwt_turb_14.0_52263.dat 3.134790000000000187e+00 9.522869999999999946e-01 6.438759999999999764e+02 7.964450000000000252e+00 6.220600000000000000e+04 6.574199999999999591e+02 -1.036150000000000000e+04 9.327459999999999127e+03 -1.162860000000000036e+04 -3.017479999999999927e+04 -8.385059999999999491e+03 9.485560000000000000e+06 9.974110000000000000e+06 1.167120000000000068e+01
  dtu_10mw_rwt_turb_14.0_55769.dat 2.069269999999999943e+00 9.437090000000000201e-01 5.328959999999999582e+02 8.429840000000000444e+00 6.144859999999999854e+04 -8.301200000000000728e+03 -1.765679999999999927e+04 8.645290000000000873e+03 -1.183910000000000036e+04 -3.493900000000000000e+04 -1.038400000000000000e+04 9.399520000000000000e+06 9.971390000000000000e+06 1.124380000000000024e+01
  dtu_10mw_rwt_turb_15.0_21716.dat 2.247549999999999937e+00 9.209990000000000121e-01 4.910409999999999968e+02 9.921699999999999520e+00 5.091790000000000146e+04 -1.325060000000000036e+04 -1.944109999999999854e+04 9.142049999999999272e+03 -1.242439999999999964e+04 -3.287159999999999854e+04 -8.827020000000000437e+03 9.453540000000000000e+06 9.964740000000000000e+06 1.150259999999999927e+01
  dtu_10mw_rwt_turb_15.0_40322.dat 5.998280000000000278e+00 9.530650000000000510e-01 5.933289999999999509e+02 8.307610000000000383e+00 6.345400000000000000e+04 -1.124060000000000036e+04 -1.490370000000000073e+04 9.308129999999999200e+03 -1.160710000000000036e+04 -2.914459999999999854e+04 -8.522120000000000800e+03 9.527710000000000000e+06 9.976020000000000000e+06 9.434730000000000061e+00
  dtu_10mw_rwt_turb_15.0_43619.dat 4.548899999999999721e+00 9.502380000000000271e-01 5.329089999999999918e+02 9.584490000000000620e+00 5.679859999999999854e+04 -9.396479999999999563e+03 -1.359050000000000000e+04 8.659750000000000000e+03 -1.227560000000000036e+04 -2.798979999999999927e+04 -9.303059999999999491e+03 9.377960000000000000e+06 9.956530000000000000e+06 1.041130000000000067e+01
  dtu_10mw_rwt_turb_15.0_47165.dat 3.580700000000000216e+00 9.402869999999999839e-01 4.710310000000000059e+02 8.678359999999999630e+00 5.767730000000000291e+04 -1.754709999999999854e+04 -1.637129999999999927e+04 8.321969999999999345e+03 -1.213439999999999964e+04 -3.144800000000000000e+04 -9.303040000000000873e+03 9.327100000000000000e+06 9.957720000000000000e+06 1.115509999999999913e+01
  dtu_10mw_rwt_turb_15.0_47952.dat 7.528299999999999770e+00 9.636980000000000546e-01 5.408200000000000500e+02 9.229969999999999786e+00 6.477090000000000146e+04 -2.002440000000000146e+04 -1.549660000000000036e+04 8.631829999999999927e+03 -1.190729999999999927e+04 -2.891059999999999854e+04 -9.751680000000000291e+03 9.479290000000000000e+06 9.971540000000000000e+06 1.233619999999999983e+01
  dtu_10mw_rwt_turb_15.0_50292.dat 4.847719999999999807e+00 9.507520000000000415e-01 5.002280000000000086e+02 9.508630000000000138e+00 5.802669999999999709e+04 -2.517289999999999964e+03 -1.126600000000000000e+04 9.174219999999999345e+03 -1.187539999999999964e+04 -2.991859999999999854e+04 -9.418309999999999491e+03 9.433020000000000000e+06 9.966190000000000000e+06 1.100980000000000025e+01
  dtu_10mw_rwt_turb_16.0_14324.dat 8.232179999999999609e+00 9.371669999999999723e-01 3.021510000000000105e+02 1.005589999999999939e+01 5.108240000000000146e+04 -2.085709999999999854e+04 -1.478100000000000000e+04 8.538290000000000873e+03 -1.239839999999999964e+04 -2.747279999999999927e+04 -9.115549999999999272e+03 9.413370000000000000e+06 9.953140000000000000e+06 1.346690000000000076e+01
  dtu_10mw_rwt_turb_16.0_26862.dat 9.269859999999999545e+00 9.538210000000000299e-01 5.246499999999999773e+02 9.778930000000000788e+00 6.364569999999999709e+04 -8.027960000000000036e+03 -1.189979999999999927e+04 9.186770000000000437e+03 -1.184179999999999927e+04 -2.438940000000000146e+04 -9.536129999999999200e+03 9.495640000000000000e+06 9.975780000000000000e+06 1.219170000000000087e+01
  dtu_10mw_rwt_turb_16.0_47824.dat 4.154119999999999813e+00 9.302810000000000246e-01 5.357630000000000337e+02 9.453960000000000363e+00 5.703519999999999709e+04 -1.384200000000000000e+04 -1.639900000000000000e+04 8.754340000000000146e+03 -1.218900000000000000e+04 -3.246379999999999927e+04 -8.401280000000000655e+03 9.509420000000000000e+06 9.967460000000000000e+06 1.208290000000000042e+01
  dtu_10mw_rwt_turb_16.0_51321.dat 6.350509999999999877e+00 9.166069999999999496e-01 4.157540000000000191e+02 1.075000000000000000e+01 5.034369999999999709e+04 -9.597229999999999563e+03 -1.663879999999999927e+04 8.658649999999999636e+03 -1.253520000000000073e+04 -3.035700000000000000e+04 -9.470540000000000873e+03 9.381390000000000000e+06 9.954590000000000000e+06 1.207409999999999961e+01
  dtu_10mw_rwt_turb_16.0_52263.dat 7.561180000000000234e+00 9.471479999999999899e-01 5.193300000000000409e+02 9.198650000000000659e+00 4.678830000000000291e+04 -1.533970000000000027e+03 -1.090289999999999964e+04 9.200319999999999709e+03 -1.199660000000000036e+04 -2.634029999999999927e+04 -9.688149999999999636e+03 9.433380000000000000e+06 9.965440000000000000e+06 1.311930000000000085e+01
  dtu_10mw_rwt_turb_16.0_55769.dat 6.365569999999999951e+00 9.348079999999999723e-01 3.831150000000000091e+02 9.736459999999999226e+00 4.847580000000000291e+04 -1.202260000000000036e+04 -1.939390000000000146e+04 8.575590000000000146e+03 -1.195460000000000036e+04 -3.133650000000000000e+04 -1.122560000000000036e+04 9.344470000000000000e+06 9.965440000000000000e+06 1.245809999999999995e+01
  dtu_10mw_rwt_turb_17.0_21716.dat 6.597419999999999618e+00 9.166450000000000431e-01 3.594879999999999995e+02 1.139869999999999983e+01 3.828230000000000291e+04 -1.480929999999999927e+04 -2.014420000000000073e+04 9.003569999999999709e+03 -1.228279999999999927e+04 -3.107709999999999854e+04 -1.022079999999999927e+04 9.445410000000000000e+06 9.960690000000000000e+06 1.258150000000000013e+01
  dtu_10mw_rwt_turb_17.0_40322.dat 9.243399999999999395e+00 9.513599999999999834e-01 4.795679999999999836e+02 9.558590000000000586e+00 4.751319999999999709e+04 -6.602819999999999709e+03 -1.681070000000000073e+04 8.991430000000000291e+03 -1.189439999999999964e+04 -2.572300000000000000e+04 -8.638020000000000437e+03 9.463220000000000000e+06 9.973120000000000000e+06 1.033140000000000036e+01
  dtu_10mw_rwt_turb_17.0_43619.dat 7.836820000000000341e+00 9.389880000000000448e-01 4.479030000000000200e+02 1.115310000000000024e+01 4.610719999999999709e+04 -1.156810000000000036e+04 -1.493839999999999964e+04 8.733149999999999636e+03 -1.185329999999999927e+04 -2.407070000000000073e+04 -1.002589999999999964e+04 9.349100000000000000e+06 9.972760000000000000e+06 1.171149999999999913e+01
  dtu_10mw_rwt_turb_17.0_47165.dat 6.956739999999999924e+00 9.235419999999999741e-01 3.702919999999999732e+02 1.023579999999999934e+01 4.729390000000000146e+04 -1.037789999999999964e+04 -1.517350000000000000e+04 8.390299999999999272e+03 -1.265289999999999964e+04 -2.929579999999999927e+04 -9.516670000000000073e+03 9.193920000000000000e+06 9.952650000000000000e+06 1.291009999999999991e+01
  dtu_10mw_rwt_turb_17.0_47952.dat 1.049300000000000033e+01 9.591960000000000486e-01 4.337699999999999818e+02 1.056889999999999930e+01 4.526769999999999709e+04 -2.474740000000000146e+04 -1.758520000000000073e+04 8.380059999999999491e+03 -1.199160000000000036e+04 -2.880820000000000073e+04 -1.100310000000000036e+04 9.405100000000000000e+06 9.964410000000000000e+06 1.395069999999999943e+01
  dtu_10mw_rwt_turb_17.0_50292.dat 8.458109999999999573e+00 9.391709999999999781e-01 3.835559999999999832e+02 1.102560000000000073e+01 4.700869999999999709e+04 -6.710760000000000218e+03 -1.353110000000000036e+04 9.012020000000000437e+03 -1.191650000000000000e+04 -2.562759999999999854e+04 -9.164620000000000800e+03 9.331920000000000000e+06 9.971220000000000000e+06 1.291360000000000063e+01
  dtu_10mw_rwt_turb_18.0_14324.dat 1.061589999999999989e+01 9.238600000000000145e-01 2.004310000000000116e+02 1.147369999999999912e+01 3.481990000000000146e+04 -1.803920000000000073e+04 -1.660650000000000000e+04 8.508549999999999272e+03 -1.262489999999999964e+04 -2.540779999999999927e+04 -9.671889999999999418e+03 9.316280000000000000e+06 9.953700000000000000e+06 1.446700000000000053e+01
  dtu_10mw_rwt_turb_18.0_26862.dat 1.182300000000000040e+01 9.419070000000000498e-01 4.455919999999999845e+02 1.134810000000000052e+01 4.844940000000000146e+04 -1.021210000000000036e+04 -1.265000000000000000e+04 8.919909999999999854e+03 -1.220339999999999964e+04 -2.453329999999999927e+04 -1.065060000000000036e+04 9.391630000000000000e+06 9.972310000000000000e+06 1.319190000000000040e+01
  dtu_10mw_rwt_turb_18.0_47824.dat 7.810990000000000322e+00 9.189260000000000206e-01 3.892110000000000127e+02 1.107830000000000048e+01 5.323709999999999854e+04 -1.080350000000000000e+04 -1.768459999999999854e+04 8.520010000000000218e+03 -1.238610000000000036e+04 -2.870470000000000073e+04 -9.357850000000000364e+03 9.433530000000000000e+06 9.965100000000000000e+06 1.392989999999999995e+01
  dtu_10mw_rwt_turb_18.0_51321.dat 9.485329999999999373e+00 9.018589999999999662e-01 3.335819999999999936e+02 1.188199999999999967e+01 3.695440000000000146e+04 -1.736750000000000000e+04 -1.756829999999999927e+04 8.396219999999999345e+03 -1.295779999999999927e+04 -2.901050000000000000e+04 -1.078489999999999964e+04 9.345940000000000000e+06 9.941480000000000000e+06 1.328780000000000072e+01
  dtu_10mw_rwt_turb_18.0_52263.dat 1.023579999999999934e+01 9.424099999999999699e-01 4.317579999999999814e+02 1.035660000000000025e+01 3.220059999999999854e+04 -1.889329999999999927e+04 -1.239239999999999964e+04 8.919700000000000728e+03 -1.193589999999999964e+04 -2.464090000000000146e+04 -9.668020000000000437e+03 9.298690000000000000e+06 9.967980000000000000e+06 1.416109999999999935e+01
  dtu_10mw_rwt_turb_18.0_55769.dat 9.240619999999999834e+00 9.267429999999999835e-01 3.394990000000000236e+02 1.100820000000000043e+01 2.806990000000000146e+04 -3.041190000000000146e+04 -2.115900000000000000e+04 8.335180000000000291e+03 -1.195420000000000073e+04 -2.702670000000000073e+04 -1.235139999999999964e+04 9.358260000000000000e+06 9.961620000000000000e+06 1.379749999999999943e+01
  dtu_10mw_rwt_turb_19.0_21716.dat 9.541840000000000543e+00 9.031240000000000379e-01 3.024289999999999736e+02 1.294469999999999921e+01 2.671970000000000073e+04 -1.927170000000000073e+04 -2.015420000000000073e+04 8.854680000000000291e+03 -1.266200000000000000e+04 -2.930809999999999854e+04 -1.035439999999999964e+04 9.374770000000000000e+06 9.961410000000000000e+06 1.350730000000000075e+01
  dtu_10mw_rwt_turb_19.0_40322.dat 1.199089999999999989e+01 9.473150000000000182e-01 3.693779999999999859e+02 1.084900000000000020e+01 3.779290000000000146e+04 -1.169789999999999964e+04 -1.953620000000000073e+04 8.598680000000000291e+03 -1.202610000000000036e+04 -2.556929999999999927e+04 -9.806729999999999563e+03 9.395430000000000000e+06 9.970940000000000000e+06 1.113990000000000080e+01
  dtu_10mw_rwt_turb_19.0_43619.dat 1.047930000000000028e+01 9.267900000000000027e-01 3.672500000000000000e+02 1.238949999999999996e+01 3.509109999999999854e+04 -9.506959999999999127e+03 -1.532989999999999964e+04 8.532219999999999345e+03 -1.204670000000000073e+04 -2.421040000000000146e+04 -1.053589999999999964e+04 9.268050000000000000e+06 9.965380000000000000e+06 1.275220000000000020e+01
  dtu_10mw_rwt_turb_19.0_47165.dat 9.575799999999999201e+00 9.109620000000000495e-01 2.891800000000000068e+02 1.161880000000000024e+01 3.586580000000000291e+04 -1.620510000000000036e+04 -1.515810000000000036e+04 8.383969999999999345e+03 -1.255460000000000036e+04 -2.672940000000000146e+04 -1.129270000000000073e+04 9.129110000000000000e+06 9.960760000000000000e+06 1.394079999999999941e+01
  dtu_10mw_rwt_turb_19.0_47952.dat 1.299220000000000041e+01 9.512730000000000352e-01 3.293249999999999886e+02 1.177360000000000007e+01 3.124570000000000073e+04 -3.306919999999999709e+04 -1.863920000000000073e+04 7.825699999999999818e+03 -1.191010000000000036e+04 -2.647120000000000073e+04 -1.137079999999999927e+04 9.340970000000000000e+06 9.958940000000000000e+06 1.484440000000000026e+01
  dtu_10mw_rwt_turb_19.0_50292.dat 1.126720000000000077e+01 9.271960000000000202e-01 3.173500000000000227e+02 1.234389999999999965e+01 3.824640000000000146e+04 -1.177770000000000073e+04 -1.473660000000000036e+04 8.745870000000000800e+03 -1.240389999999999964e+04 -2.631370000000000073e+04 -1.091829999999999927e+04 9.262610000000000000e+06 9.951890000000000000e+06 1.371720000000000006e+01
  dtu_10mw_rwt_turb_20.0_14324.dat 1.310369999999999990e+01 9.132360000000000477e-01 1.549869999999999948e+02 1.301140000000000008e+01 3.218090000000000146e+04 -1.845959999999999854e+04 -1.657570000000000073e+04 8.217750000000000000e+03 -1.287920000000000073e+04 -2.427950000000000000e+04 -9.957540000000000873e+03 9.248820000000000000e+06 9.956270000000000000e+06 1.493560000000000088e+01
  dtu_10mw_rwt_turb_20.0_26862.dat 1.403470000000000084e+01 9.364940000000000486e-01 3.805049999999999955e+02 1.281579999999999941e+01 3.554040000000000146e+04 -1.548570000000000073e+04 -1.488810000000000036e+04 8.385459999999999127e+03 -1.214200000000000000e+04 -2.573579999999999927e+04 -1.044239999999999964e+04 9.329520000000000000e+06 9.964740000000000000e+06 1.411030000000000051e+01
  dtu_10mw_rwt_turb_20.0_47824.dat 1.079449999999999932e+01 9.091590000000000504e-01 3.654080000000000155e+02 1.281620000000000026e+01 3.244929999999999927e+04 -2.141379999999999927e+04 -2.054579999999999927e+04 8.683299999999999272e+03 -1.228970000000000073e+04 -2.738290000000000146e+04 -1.024239999999999964e+04 9.379500000000000000e+06 9.969550000000000000e+06 1.489170000000000016e+01
  dtu_10mw_rwt_turb_20.0_51321.dat 1.218430000000000035e+01 8.887249999999999872e-01 2.656440000000000055e+02 1.312420000000000009e+01 3.065659999999999854e+04 -1.426870000000000073e+04 -1.811129999999999927e+04 8.460329999999999927e+03 -1.277389999999999964e+04 -2.889020000000000073e+04 -1.104279999999999927e+04 9.239820000000000000e+06 9.946030000000000000e+06 1.412950000000000017e+01
  dtu_10mw_rwt_turb_20.0_52263.dat 1.260229999999999961e+01 9.336640000000000494e-01 3.466150000000000091e+02 1.154470000000000063e+01 3.661680000000000291e+04 -1.553920000000000073e+04 -1.565560000000000036e+04 8.846389999999999418e+03 -1.283639999999999964e+04 -2.371990000000000146e+04 -1.023029999999999927e+04 9.246190000000000000e+06 9.947040000000000000e+06 1.511749999999999972e+01
  dtu_10mw_rwt_turb_20.0_55769.dat 1.169730000000000025e+01 9.262150000000000105e-01 2.501539999999999964e+02 1.234759999999999991e+01 2.783990000000000146e+04 -2.179729999999999927e+04 -2.371440000000000146e+04 8.264020000000000437e+03 -1.241879999999999927e+04 -2.619790000000000146e+04 -1.214100000000000000e+04 9.247300000000000000e+06 9.958730000000000000e+06 1.423119999999999941e+01
  dtu_10mw_rwt_turb_21.0_21716.dat 1.214450000000000074e+01 8.876509999999999678e-01 2.797730000000000246e+02 1.422809999999999953e+01 2.013029999999999927e+04 -1.560970000000000073e+04 -2.319159999999999854e+04 8.998850000000000364e+03 -1.433860000000000036e+04 -2.628379999999999927e+04 -1.186320000000000073e+04 9.241640000000000000e+06 9.905320000000000000e+06 1.419979999999999976e+01
  dtu_10mw_rwt_turb_21.0_40322.dat 1.409280000000000044e+01 9.349549999999999805e-01 2.998820000000000050e+02 1.212860000000000049e+01 2.763740000000000146e+04 -1.183479999999999927e+04 -2.104290000000000146e+04 8.273120000000000800e+03 -1.237700000000000000e+04 -2.536090000000000146e+04 -1.184729999999999927e+04 9.307730000000000000e+06 9.964050000000000000e+06 1.216740000000000066e+01
  dtu_10mw_rwt_turb_21.0_43619.dat 1.276110000000000078e+01 9.162709999999999466e-01 2.933550000000000182e+02 1.357339999999999947e+01 2.498500000000000000e+04 -1.219900000000000000e+04 -1.605570000000000073e+04 8.402069999999999709e+03 -1.235120000000000073e+04 -2.208779999999999927e+04 -1.154020000000000073e+04 9.183490000000000000e+06 9.961340000000000000e+06 1.353960000000000008e+01
  dtu_10mw_rwt_turb_21.0_47165.dat 1.189429999999999943e+01 9.002649999999999819e-01 2.427350000000000136e+02 1.301789999999999914e+01 2.172040000000000146e+04 -2.334109999999999854e+04 -1.509389999999999964e+04 8.462290000000000873e+03 -1.298510000000000036e+04 -2.493490000000000146e+04 -1.168600000000000000e+04 9.035530000000000000e+06 9.953500000000000000e+06 1.480100000000000016e+01
  dtu_10mw_rwt_turb_21.0_47952.dat 1.533159999999999989e+01 9.411950000000000038e-01 2.619649999999999750e+02 1.310440000000000005e+01 1.291489999999999964e+04 -2.366320000000000073e+04 -1.986090000000000146e+04 7.902819999999999709e+03 -1.224889999999999964e+04 -2.451709999999999854e+04 -1.199270000000000073e+04 9.213780000000000000e+06 9.955980000000000000e+06 1.517200000000000060e+01
  dtu_10mw_rwt_turb_21.0_50292.dat 1.349050000000000082e+01 9.170989999999999975e-01 2.774409999999999741e+02 1.368660000000000032e+01 3.617840000000000146e+04 -6.090840000000000146e+03 -1.389229999999999927e+04 8.227430000000000291e+03 -1.249320000000000073e+04 -2.585909999999999854e+04 -1.207520000000000073e+04 9.132720000000000000e+06 9.960790000000000000e+06 1.443019999999999925e+01
  dtu_10mw_rwt_turb_22.0_14324.dat 1.512759999999999927e+01 8.985659999999999759e-01 8.126269999999999527e+01 1.453270000000000017e+01 2.064129999999999927e+04 -3.812590000000000146e+04 -2.028209999999999854e+04 8.204110000000000582e+03 -1.297710000000000036e+04 -2.537100000000000000e+04 -1.171750000000000000e+04 9.181500000000000000e+06 9.953420000000000000e+06 1.570180000000000042e+01
  dtu_10mw_rwt_turb_22.0_26862.dat 1.613060000000000116e+01 9.207389999999999741e-01 2.757860000000000014e+02 1.407510000000000083e+01 2.698570000000000073e+04 -1.079839999999999964e+04 -1.504389999999999964e+04 8.334719999999999345e+03 -1.242670000000000073e+04 -2.590309999999999854e+04 -1.259589999999999964e+04 9.212720000000000000e+06 9.960840000000000000e+06 1.472480000000000011e+01
  dtu_10mw_rwt_turb_22.0_47824.dat 1.328129999999999988e+01 9.002620000000000067e-01 2.521260000000000048e+02 1.453120000000000012e+01 2.989909999999999854e+04 -7.920640000000000327e+03 -2.185729999999999927e+04 8.599799999999999272e+03 -1.273450000000000000e+04 -2.597090000000000146e+04 -1.099770000000000073e+04 9.291010000000000000e+06 9.958590000000000000e+06 1.579860000000000042e+01
  dtu_10mw_rwt_turb_22.0_51321.dat 1.472480000000000011e+01 8.785479999999999956e-01 2.331850000000000023e+02 1.439809999999999945e+01 2.178900000000000000e+04 -2.231070000000000073e+04 -2.000229999999999927e+04 7.786770000000000437e+03 -1.372000000000000000e+04 -2.951640000000000146e+04 -1.236270000000000073e+04 9.193320000000000000e+06 9.950940000000000000e+06 1.517580000000000062e+01
  dtu_10mw_rwt_turb_22.0_52263.dat 1.462860000000000049e+01 9.287940000000000085e-01 2.765020000000000095e+02 1.266099999999999959e+01 2.105100000000000000e+04 -3.040840000000000146e+04 -1.471300000000000000e+04 8.564430000000000291e+03 -1.229970000000000073e+04 -2.394109999999999854e+04 -1.120479999999999927e+04 9.188410000000000000e+06 9.956820000000000000e+06 1.590740000000000087e+01
  dtu_10mw_rwt_turb_22.0_55769.dat 1.400580000000000069e+01 9.089490000000000069e-01 1.365879999999999939e+02 1.367849999999999966e+01 1.302700000000000000e+04 -3.740430000000000291e+04 -2.376759999999999854e+04 8.205299999999999272e+03 -1.308200000000000000e+04 -2.626909999999999854e+04 -1.338739999999999964e+04 9.232370000000000000e+06 9.947680000000000000e+06 1.527239999999999931e+01
  dtu_10mw_rwt_turb_23.0_21716.dat 1.428430000000000000e+01 8.648270000000000124e-01 2.042990000000000066e+02 1.551909999999999989e+01 1.095850000000000000e+04 -2.846809999999999854e+04 -2.440729999999999927e+04 8.337350000000000364e+03 -1.329570000000000073e+04 -2.430020000000000073e+04 -1.300739999999999964e+04 9.241990000000000000e+06 9.951920000000000000e+06 1.527379999999999960e+01
  dtu_10mw_rwt_turb_23.0_40322.dat 1.614039999999999964e+01 9.316510000000000069e-01 2.014660000000000082e+02 1.337470000000000070e+01 2.564679999999999927e+04 -2.082420000000000073e+04 -2.454170000000000073e+04 8.241389999999999418e+03 -1.229860000000000036e+04 -2.590670000000000073e+04 -1.325750000000000000e+04 9.228220000000000000e+06 9.963760000000000000e+06 1.248409999999999975e+01
  dtu_10mw_rwt_turb_23.0_43619.dat 1.507300000000000040e+01 9.079239999999999533e-01 2.370459999999999923e+02 1.478159999999999918e+01 1.929259999999999854e+04 -1.856929999999999927e+04 -1.737009999999999854e+04 8.296350000000000364e+03 -1.238750000000000000e+04 -2.147709999999999854e+04 -1.261470000000000073e+04 9.081480000000000000e+06 9.965190000000000000e+06 1.477050000000000018e+01
  dtu_10mw_rwt_turb_23.0_47165.dat 1.413049999999999962e+01 8.848880000000000079e-01 1.755219999999999914e+02 1.440029999999999966e+01 1.548570000000000073e+04 -2.717140000000000146e+04 -1.605420000000000073e+04 8.545489999999999782e+03 -1.275820000000000073e+04 -2.494479999999999927e+04 -1.182779999999999927e+04 9.037200000000000000e+06 9.962400000000000000e+06 1.550549999999999962e+01
  dtu_10mw_rwt_turb_23.0_47952.dat 1.740780000000000172e+01 9.349290000000000100e-01 2.144579999999999984e+02 1.449820000000000064e+01 1.248620000000000073e+04 -4.290609999999999854e+04 -2.149470000000000073e+04 7.430069999999999709e+03 -1.211160000000000036e+04 -2.502709999999999854e+04 -1.406229999999999927e+04 9.215450000000000000e+06 9.962830000000000000e+06 1.590930000000000000e+01
  dtu_10mw_rwt_turb_23.0_50292.dat 1.581990000000000052e+01 9.044550000000000090e-01 1.960509999999999877e+02 1.500590000000000046e+01 2.674490000000000146e+04 -2.141700000000000000e+04 -1.683170000000000073e+04 8.474370000000000800e+03 -1.318950000000000000e+04 -2.540459999999999854e+04 -1.232529999999999927e+04 9.066730000000000000e+06 9.952070000000000000e+06 1.530719999999999992e+01
  dtu_10mw_rwt_turb_24.0_14324.dat 1.714570000000000149e+01 8.823520000000000252e-01 5.056550000000000011e+01 1.616939999999999955e+01 1.463729999999999927e+04 -2.599429999999999927e+04 -1.996770000000000073e+04 8.373739999999999782e+03 -1.380470000000000073e+04 -2.474579999999999927e+04 -1.204929999999999927e+04 9.115820000000000000e+06 9.932720000000000000e+06 1.623079999999999856e+01
  dtu_10mw_rwt_turb_24.0_26862.dat 1.801640000000000086e+01 9.116579999999999684e-01 2.161380000000000052e+02 1.522199999999999953e+01 9.582059999999999491e+03 -2.102490000000000146e+04 -1.387089999999999964e+04 7.959619999999999891e+03 -1.254879999999999927e+04 -2.575929999999999927e+04 -1.366579999999999927e+04 9.129800000000000000e+06 9.962210000000000000e+06 1.565610000000000035e+01
  dtu_10mw_rwt_turb_24.0_47824.dat 1.548300000000000054e+01 8.893429999999999946e-01 1.329619999999999891e+02 1.593900000000000006e+01 2.748579999999999927e+04 -2.703570000000000073e+04 -1.964029999999999927e+04 8.167350000000000364e+03 -1.273670000000000073e+04 -2.584009999999999854e+04 -1.129639999999999964e+04 9.142030000000000000e+06 9.957060000000000000e+06 1.595240000000000080e+01
  dtu_10mw_rwt_turb_24.0_51321.dat 1.686250000000000071e+01 8.631219999999999448e-01 1.792210000000000036e+02 1.585500000000000043e+01 1.227000000000000000e+04 -1.988970000000000073e+04 -2.011259999999999854e+04 8.052100000000000364e+03 -1.327679999999999927e+04 -3.078120000000000073e+04 -1.203679999999999927e+04 9.081960000000000000e+06 9.957460000000000000e+06 1.574119999999999919e+01
  dtu_10mw_rwt_turb_24.0_52263.dat 1.667569999999999908e+01 9.141249999999999654e-01 2.412709999999999866e+02 1.378889999999999993e+01 1.270450000000000045e+03 -2.227120000000000073e+04 -1.667809999999999854e+04 8.275870000000000800e+03 -1.307829999999999927e+04 -2.519359999999999854e+04 -1.190670000000000073e+04 9.118450000000000000e+06 9.945190000000000000e+06 1.613830000000000098e+01
  dtu_10mw_rwt_turb_24.0_55769.dat 1.608470000000000155e+01 8.972900000000000320e-01 1.125900000000000034e+02 1.503359999999999985e+01 1.379599999999999909e+03 -2.853040000000000146e+04 -2.361609999999999854e+04 8.247950000000000728e+03 -1.295539999999999964e+04 -2.661590000000000146e+04 -1.456800000000000000e+04 9.108960000000000000e+06 9.950290000000000000e+06 1.602890000000000015e+01
   dtu_10mw_rwt_turb_5.0_21716.dat 4.592600000000000016e-01 6.204049999999999843e-01 1.756529999999999916e+02 2.180439999999999934e+00 -6.776210000000000036e+03 -9.899520000000000437e+03 -1.048250000000000000e+04 2.619580000000000268e+02 -2.969949999999999818e+03 -1.217239999999999964e+04 -9.069819999999999709e+03 5.007580000000000000e+05 3.135020000000000000e+05 1.504410000000000025e+01
   dtu_10mw_rwt_turb_5.0_40322.dat 9.953689999999999760e-02 6.230229999999999935e-01 1.867259999999999991e+02 1.697400000000000020e+00 -8.866459999999999127e+03 -5.430130000000000109e+03 -9.722500000000000000e+03 4.395679999999999836e+02 -2.528599999999999909e+03 -1.264100000000000000e+04 -8.604250000000000000e+03 5.192230000000000000e+05 3.253760000000000000e+05 1.479499999999999993e+01
   dtu_10mw_rwt_turb_5.0_43619.dat -1.761769999999999959e-03 6.209440000000000515e-01 1.794670000000000130e+02 1.589110000000000023e+00 -2.124979999999999927e+04 -8.795180000000000291e+03 -1.008500000000000000e+04 1.954339999999999975e+02 -4.027699999999999818e+03 -1.599429999999999927e+04 -9.152819999999999709e+03 5.316890000000000000e+05 3.324330000000000000e+05 1.453059999999999974e+01
   dtu_10mw_rwt_turb_5.0_47165.dat -8.029019999999999777e-04 6.228939999999999477e-01 1.774550000000000125e+02 2.135790000000000077e+00 -2.363840000000000146e+04 -9.306340000000000146e+03 -1.098510000000000036e+04 3.150489999999999782e+02 -2.280650000000000091e+03 -1.393460000000000036e+04 -8.823670000000000073e+03 4.963500000000000000e+05 3.106440000000000000e+05 1.469630000000000081e+01
   dtu_10mw_rwt_turb_5.0_47952.dat -7.929690000000000306e-04 6.232220000000000537e-01 1.535219999999999914e+02 2.184530000000000083e+00 -8.943520000000000437e+03 -1.090179999999999927e+04 -1.098820000000000073e+04 3.742400000000000091e+02 -1.990849999999999909e+03 -1.337420000000000073e+04 -8.830280000000000655e+03 4.914320000000000000e+05 3.077550000000000000e+05 1.519519999999999982e+01
   dtu_10mw_rwt_turb_5.0_50292.dat 1.135219999999999979e-01 6.226720000000000033e-01 1.391380000000000052e+02 1.723959999999999937e+00 -1.857720000000000073e+04 -1.065129999999999927e+04 -8.892729999999999563e+03 -6.334590000000000387e+00 -2.777820000000000164e+03 -1.368900000000000000e+04 -8.981190000000000509e+03 2.628580000000000000e+05 1.648600000000000000e+05 1.431789999999999985e+01
   dtu_10mw_rwt_turb_6.0_14324.dat -1.005299999999999987e-03 6.173800000000000399e-01 3.748700000000000045e+02 4.109609999999999985e+00 -5.367630000000000109e+03 -1.203770000000000073e+04 -8.609059999999999491e+03 1.902299999999999955e+03 -4.721069999999999709e+03 -1.798290000000000146e+04 -8.321989999999999782e+03 1.943590000000000000e+06 1.216280000000000000e+06 1.427079999999999949e+01
   dtu_10mw_rwt_turb_6.0_26862.dat -1.807440000000000001e-03 6.206220000000000070e-01 3.522379999999999995e+02 3.645469999999999988e+00 3.788500000000000000e+03 -9.248860000000000582e+03 -1.035689999999999964e+04 1.496180000000000064e+03 -4.727390000000000327e+03 -1.627470000000000073e+04 -8.562629999999999200e+03 1.447160000000000000e+06 9.016760000000000000e+05 1.347489999999999988e+01
   dtu_10mw_rwt_turb_6.0_47824.dat 4.100739999999999941e-02 6.217829999999999746e-01 1.298480000000000132e+02 1.979389999999999983e+00 -3.368400000000000000e+04 -1.029910000000000036e+04 -1.064560000000000036e+04 2.914030000000000200e+02 -2.833199999999999818e+03 -1.464239999999999964e+04 -8.771620000000000800e+03 2.509410000000000000e+05 1.571870000000000000e+05 1.416119999999999912e+01
   dtu_10mw_rwt_turb_6.0_51321.dat -2.782390000000000037e-03 6.172840000000000549e-01 2.703140000000000214e+02 2.933829999999999938e+00 -3.357090000000000032e+02 -1.370200000000000000e+04 -1.057150000000000000e+04 1.443799999999999955e+03 -5.617000000000000000e+03 -1.725779999999999927e+04 -9.075930000000000291e+03 1.171490000000000000e+06 7.325000000000000000e+05 1.369960000000000022e+01
   dtu_10mw_rwt_turb_6.0_52263.dat -1.492910000000000070e-03 6.224279999999999813e-01 2.670749999999999886e+02 2.195149999999999935e+00 -8.847260000000000218e+03 -9.554250000000000000e+03 -9.035079999999999927e+03 1.163339999999999918e+03 -3.911099999999999909e+03 -1.473570000000000073e+04 -8.697709999999999127e+03 1.052560000000000000e+06 6.573430000000000000e+05 1.407220000000000049e+01
   dtu_10mw_rwt_turb_6.0_55769.dat -1.659490000000000010e-03 6.191459999999999742e-01 2.921840000000000259e+02 3.160989999999999966e+00 -1.082200000000000000e+04 -1.923020000000000073e+04 -1.194560000000000036e+04 1.498039999999999964e+03 -5.052399999999999636e+03 -1.871579999999999927e+04 -8.993159999999999854e+03 1.498190000000000000e+06 9.332150000000000000e+05 1.331949999999999967e+01
   dtu_10mw_rwt_turb_7.0_21716.dat -1.785219999999999906e-03 6.135699999999999488e-01 4.227839999999999918e+02 4.012909999999999755e+00 1.874509999999999854e+04 -1.943350000000000000e+04 -1.080089999999999964e+04 2.016819999999999936e+03 -6.684430000000000291e+03 -1.941290000000000146e+04 -8.955340000000000146e+03 1.855010000000000000e+06 1.157410000000000000e+06 1.327619999999999933e+01
   dtu_10mw_rwt_turb_7.0_40322.dat -1.929869999999999980e-03 6.207369999999999832e-01 3.429200000000000159e+02 2.953260000000000218e+00 -2.394710000000000036e+03 -9.273510000000000218e+03 -9.634209999999999127e+03 2.254369999999999891e+03 -5.836039999999999964e+03 -1.738329999999999927e+04 -8.559809999999999491e+03 2.162690000000000000e+06 1.347490000000000000e+06 1.365230000000000032e+01
   dtu_10mw_rwt_turb_7.0_43619.dat -2.078449999999999916e-03 6.179040000000000088e-01 3.544060000000000059e+02 2.592249999999999943e+00 -1.025870000000000073e+04 -1.405229999999999927e+04 -1.084239999999999964e+04 1.828039999999999964e+03 -7.494470000000000255e+03 -2.295340000000000146e+04 -9.111479999999999563e+03 1.823080000000000000e+06 1.136210000000000000e+06 1.290789999999999971e+01
   dtu_10mw_rwt_turb_7.0_47165.dat -1.775600000000000008e-03 6.158590000000000453e-01 3.543439999999999941e+02 2.985520000000000174e+00 -2.993340000000000146e+03 -1.989050000000000000e+04 -1.195860000000000036e+04 1.640769999999999982e+03 -5.647710000000000036e+03 -1.936179999999999927e+04 -8.662620000000000800e+03 1.898550000000000000e+06 1.184130000000000000e+06 1.311720000000000041e+01
   dtu_10mw_rwt_turb_7.0_47952.dat -1.843409999999999970e-03 6.177200000000000468e-01 4.045339999999999918e+02 3.682069999999999954e+00 1.056129999999999927e+04 -1.735820000000000073e+04 -9.531139999999999418e+03 2.082989999999999782e+03 -5.007739999999999782e+03 -1.699229999999999927e+04 -8.740559999999999491e+03 2.244270000000000000e+06 1.400990000000000000e+06 1.382029999999999959e+01
   dtu_10mw_rwt_turb_7.0_50292.dat -1.338870000000000034e-03 6.173159999999999759e-01 3.064440000000000168e+02 3.190710000000000157e+00 4.111399999999999864e+02 -1.392510000000000036e+04 -8.098930000000000291e+03 1.125000000000000000e+03 -6.265329999999999927e+03 -1.977520000000000073e+04 -8.773760000000000218e+03 1.481780000000000000e+06 9.280460000000000000e+05 1.285560000000000080e+01
   dtu_10mw_rwt_turb_8.0_14324.dat -1.180599999999999965e-03 6.244070000000000453e-01 6.157580000000000382e+02 5.065909999999999691e+00 9.408860000000000582e+03 -1.662679999999999927e+04 -9.181520000000000437e+03 4.463890000000000327e+03 -7.973579999999999927e+03 -2.501520000000000073e+04 -7.864760000000000218e+03 4.410900000000000000e+06 2.755010000000000000e+06 1.303299999999999947e+01
   dtu_10mw_rwt_turb_8.0_26862.dat -2.210989999999999917e-03 6.210639999999999494e-01 5.961399999999999864e+02 5.073760000000000048e+00 1.643500000000000000e+04 -1.654470000000000073e+04 -9.717100000000000364e+03 4.383430000000000291e+03 -7.967649999999999636e+03 -2.383120000000000073e+04 -8.663350000000000364e+03 4.059550000000000000e+06 2.532280000000000000e+06 1.192779999999999951e+01
   dtu_10mw_rwt_turb_8.0_47824.dat -1.317669999999999952e-03 6.179710000000000480e-01 3.097200000000000273e+02 3.864809999999999857e+00 -1.583660000000000036e+04 -1.752300000000000000e+04 -9.599540000000000873e+03 1.737720000000000027e+03 -5.849760000000000218e+03 -1.956279999999999927e+04 -8.586590000000000146e+03 1.465650000000000000e+06 9.146070000000000000e+05 1.323150000000000048e+01
   dtu_10mw_rwt_turb_8.0_51321.dat -1.670950000000000039e-03 6.178719999999999768e-01 4.898720000000000141e+02 4.044830000000000148e+00 1.620110000000000036e+04 -1.586600000000000000e+04 -1.258070000000000073e+04 3.405889999999999873e+03 -9.411409999999999854e+03 -2.527629999999999927e+04 -8.846069999999999709e+03 3.081740000000000000e+06 1.918550000000000000e+06 1.149619999999999997e+01
   dtu_10mw_rwt_turb_8.0_52263.dat -2.533650000000000138e-03 6.184370000000000145e-01 4.766329999999999814e+02 3.958800000000000097e+00 1.564739999999999964e+04 -1.715370000000000073e+04 -8.986020000000000437e+03 3.213230000000000018e+03 -7.488229999999999563e+03 -2.153579999999999927e+04 -8.861149999999999636e+03 3.036390000000000000e+06 1.892580000000000000e+06 1.184079999999999977e+01
   dtu_10mw_rwt_turb_8.0_55769.dat -4.018639999999999864e-04 6.203199999999999825e-01 4.794730000000000132e+02 4.426199999999999690e+00 1.674259999999999854e+04 -2.164020000000000073e+04 -1.168750000000000000e+04 4.076710000000000036e+03 -8.504030000000000655e+03 -2.682509999999999854e+04 -9.435329999999999927e+03 3.368880000000000000e+06 2.085780000000000000e+06 1.094050000000000011e+01
   dtu_10mw_rwt_turb_9.0_21716.dat 4.795940000000000028e-05 6.196810000000000374e-01 5.436539999999999964e+02 5.483229999999999826e+00 2.404770000000000073e+04 -8.469579999999999927e+03 -1.292050000000000000e+04 4.140590000000000146e+03 -1.092950000000000000e+04 -2.935179999999999927e+04 -8.981530000000000655e+03 3.651940000000000000e+06 2.269450000000000000e+06 1.048990000000000045e+01
   dtu_10mw_rwt_turb_9.0_40322.dat -2.332100000000000145e-03 6.293140000000000400e-01 5.891280000000000427e+02 4.357590000000000074e+00 2.302829999999999927e+04 -9.668270000000000437e+03 -1.013700000000000000e+04 5.213489999999999782e+03 -9.318870000000000800e+03 -2.597920000000000073e+04 -8.266219999999999345e+03 4.957790000000000000e+06 3.119660000000000000e+06 1.152820000000000000e+01
   dtu_10mw_rwt_turb_9.0_43619.dat -1.767560000000000051e-03 6.220350000000000046e-01 5.805890000000000555e+02 4.266090000000000160e+00 2.449920000000000073e+04 -1.723429999999999927e+04 -1.025310000000000036e+04 4.534079999999999927e+03 -1.151179999999999927e+04 -3.441709999999999854e+04 -8.857909999999999854e+03 4.188710000000000000e+06 2.609170000000000000e+06 1.027089999999999925e+01
   dtu_10mw_rwt_turb_9.0_47165.dat -2.414579999999999938e-03 6.254170000000000007e-01 5.839220000000000255e+02 4.062170000000000059e+00 2.445229999999999927e+04 -1.774970000000000073e+04 -1.428029999999999927e+04 4.325600000000000364e+03 -9.199440000000000509e+03 -2.816020000000000073e+04 -9.143219999999999345e+03 4.339490000000000000e+06 2.706160000000000000e+06 1.087809999999999988e+01
   dtu_10mw_rwt_turb_9.0_47952.dat 4.792980000000000314e-05 6.440909999999999691e-01 6.738220000000000027e+02 5.217760000000000176e+00 4.132340000000000146e+04 -9.324420000000000073e+03 -9.669920000000000073e+03 5.102079999999999927e+03 -8.250860000000000582e+03 -2.432290000000000146e+04 -8.877100000000000364e+03 5.317840000000000000e+06 3.421750000000000000e+06 1.207869999999999955e+01
   dtu_10mw_rwt_turb_9.0_50292.dat -2.686009999999999960e-03 6.214389999999999636e-01 5.539189999999999827e+02 4.638449999999999740e+00 3.235840000000000146e+04 -1.024710000000000036e+04 -7.188489999999999782e+03 3.605280000000000200e+03 -1.050650000000000000e+04 -3.083850000000000000e+04 -8.275500000000000000e+03 3.745160000000000000e+06 2.336010000000000000e+06 1.031770000000000032e+01
