Statistics: del4. Generated: 11/11/2020 09:01:37. No. files: 120.
                              File                       4                      10                      13                      15                      19                      20                      22                      23                      27                      28                      29                      72                     102                     110
  dtu_10mw_rwt_turb_10.0_14324.dat 2.285132006879886379e-02 5.048627122818490076e-02 2.129109983714210443e+02 2.354326715248616253e+00 3.626120442320573056e+04 1.185624424754206120e+04 8.746271973702188916e+03 1.398976430709853730e+03 1.041676772428362483e+03 8.131188375192287822e+03 1.155707411175901871e+04 9.408688691787226126e+05 1.233856608492796542e+06 4.887669372975992843e+01
  dtu_10mw_rwt_turb_10.0_26862.dat 1.246443467052442893e-07 5.187038612955900685e-02 1.859472604121740460e+02 2.194036303810224187e+00 3.143628306195258483e+04 7.984749123683397556e+03 7.399025933055199857e+03 1.336434011350582296e+03 1.051269422878747946e+03 7.077027083969405794e+03 1.126812911116120267e+04 9.690662642240627902e+05 1.254315668614213588e+06 4.979071493985820496e+01
  dtu_10mw_rwt_turb_10.0_47824.dat 3.567150030781410935e-02 4.732969033727183611e-02 1.810893107806242028e+02 1.943472831191043415e+00 4.844422677849627507e+04 1.972704832843162512e+04 6.509995162095764499e+03 1.401732786414491329e+03 1.282955951173697713e+03 6.752272009494002305e+03 1.111207936899153174e+04 1.204768181425937684e+06 1.161933246867010603e+06 4.741441399544062563e+01
  dtu_10mw_rwt_turb_10.0_51321.dat 1.301736957440608133e+00 7.943967650885749854e-02 2.637707581526388481e+02 2.798100805343177733e+00 4.123361606191427563e+04 1.198214243045309740e+04 9.021713343559831628e+03 1.644260636656351608e+03 1.300008548221675483e+03 8.387700388285627923e+03 1.160078079550450457e+04 1.211375392716678092e+06 1.483262128347008955e+06 4.983222927994432894e+01
  dtu_10mw_rwt_turb_10.0_52263.dat 1.101843290029073941e-02 5.879779208408340146e-02 2.154178224936275114e+02 2.320974985329325779e+00 3.699433459332909842e+04 1.024411318563030363e+04 7.533870339893881464e+03 1.710338795423693455e+03 1.311807056109904352e+03 6.890887223425699631e+03 1.126856719723971946e+04 1.212553108813261380e+06 1.455220163241485832e+06 4.849659252883174076e+01
  dtu_10mw_rwt_turb_10.0_55769.dat 6.577708398718630223e-01 8.078563324104807986e-02 2.744316581839179321e+02 2.440113410829432894e+00 4.354260313973636221e+04 1.587092722169089029e+04 9.982627780295049888e+03 1.563831265870040852e+03 1.427216730018226599e+03 9.385824221662634955e+03 1.233497043752128229e+04 1.141186125411267160e+06 1.463455976020346163e+06 4.997561108117039197e+01
  dtu_10mw_rwt_turb_11.0_21716.dat 1.758840605506496457e+00 7.835134461054409083e-02 2.744686730900181146e+02 2.489492939153341577e+00 4.192418069047082099e+04 1.618687936565622658e+04 1.179888041413253995e+04 1.502436463109404940e+03 1.666122179089181827e+03 9.035346418657300092e+03 1.198485143489476832e+04 1.106735411684303777e+06 1.403661338746483903e+06 5.056609245834454214e+01
  dtu_10mw_rwt_turb_11.0_40322.dat 1.385599737704002798e+00 6.077716013709219545e-02 2.267117024949583310e+02 2.302156347445293960e+00 3.516367274756204279e+04 1.007079763428654223e+04 9.410706468370588482e+03 1.197297523435517178e+03 1.020130879168273168e+03 7.871443603591882493e+03 1.151070892979764358e+04 7.801192627785184886e+05 1.037631229063663515e+06 5.103495571231365346e+01
  dtu_10mw_rwt_turb_11.0_43619.dat 1.639684658490899283e+00 6.792040305651950161e-02 2.405678692054366934e+02 2.768091389912315847e+00 3.887999185295743519e+04 1.597716201630097567e+04 1.157773743928482509e+04 1.639033317621798005e+03 1.385390665433179265e+03 9.724106086091407633e+03 1.207016143832958369e+04 9.513448702725551557e+05 1.261601981489121448e+06 5.052172134137254744e+01
  dtu_10mw_rwt_turb_11.0_47165.dat 1.393624169936911850e+00 7.938057325765209005e-02 2.662375869741456995e+02 2.871953297858194976e+00 4.314052620647868025e+04 1.413329156405438516e+04 1.045386718081787694e+04 1.456582174741010704e+03 1.214830405775269355e+03 9.491931346990588281e+03 1.151120141546475861e+04 9.725258429176512873e+05 1.293245624080878682e+06 5.069677052117710048e+01
  dtu_10mw_rwt_turb_11.0_47952.dat nan 3.265687276764810826e-02 1.831420399059196598e+02 2.597162192310136231e+00 3.313218108900279185e+04 9.315522048169617847e+03 1.023374322714016307e+04 1.309638279799209158e+03 7.373152864703091609e+02 8.488532016784976804e+03 1.204092305214563021e+04 6.662869523017676547e+05 8.651471041925332975e+05 5.042083485025493417e+01
  dtu_10mw_rwt_turb_11.0_50292.dat 1.514510904068971042e+00 7.750576607350929959e-02 2.583987827745931440e+02 2.531749440552544250e+00 3.831906069439374551e+04 1.117330743678997715e+04 8.009257623627423527e+03 1.656199890070438414e+03 1.307868970846151342e+03 8.848445280846110109e+03 1.180502431100422109e+04 1.048975562074734597e+06 1.370507491291147191e+06 4.961551570420390789e+01
  dtu_10mw_rwt_turb_12.0_14324.dat 2.440711789627278527e+00 2.787788537507070175e-02 3.121244058942446600e+02 2.794331139081021487e+00 3.734015951933224278e+04 1.192933184452266869e+04 1.040955185570925096e+04 1.132981369850775536e+03 9.523065290531301343e+02 1.018726880994828389e+04 1.180636918676587266e+04 2.993145258379087900e+05 2.831905579252275129e+04 5.122539367961667978e+01
  dtu_10mw_rwt_turb_12.0_26862.dat 2.079342414621531798e+00 3.646658581039530916e-02 2.505982947529869023e+02 2.607902257984851868e+00 3.334710555164769903e+04 1.207948066557413949e+04 8.979142777429015041e+03 9.353948846927510203e+02 8.550657632278999927e+02 8.736127907176538429e+03 1.180252042592509679e+04 3.213934844089428661e+05 2.342246015218325192e+05 5.122465874219923165e+01
  dtu_10mw_rwt_turb_12.0_47824.dat 1.199513606921464692e+00 7.858417855728480617e-02 2.501573085476089489e+02 2.263756875884527009e+00 3.779838329505405272e+04 9.656995256507918384e+03 8.612277485919186802e+03 1.346591742892722323e+03 1.423519378208085300e+03 8.448773503295748014e+03 1.182897900253739135e+04 1.074055493310724385e+06 1.386831607021662174e+06 5.093732803068809289e+01
  dtu_10mw_rwt_turb_12.0_51321.dat 2.589240298651898087e+00 5.917473720411061539e-02 2.838748531642359012e+02 3.141782786045284936e+00 3.713155758147492452e+04 1.284044231789443984e+04 1.068553556971259241e+04 1.217453161366294580e+03 9.353140563896699859e+02 9.833709475521314744e+03 1.203818663406874475e+04 6.071409249486936023e+05 8.127531665874756873e+05 5.121400168238086081e+01
  dtu_10mw_rwt_turb_12.0_52263.dat 2.165343803363342978e+00 5.746718764850879124e-02 2.641658669686561325e+02 2.718784252122958378e+00 3.606485873316151265e+04 1.588728450810156392e+04 9.724466909478427624e+03 1.229785352668038740e+03 8.534761876033699082e+02 8.426720173468955181e+03 1.191571573576312949e+04 5.538133484845781932e+05 7.449288264767532237e+05 5.124103549079728026e+01
  dtu_10mw_rwt_turb_12.0_55769.dat 2.327140403595302942e+00 5.335512438539383173e-02 3.069646686329154477e+02 2.826937013397459619e+00 3.867865556911285239e+04 1.414288216419097080e+04 1.128395190840985742e+04 1.446476553656343640e+03 1.540516837577057686e+03 1.123537681500447434e+04 1.265137759219168765e+04 5.134016400572605780e+05 6.882909844204625115e+05 5.121890145865103250e+01
  dtu_10mw_rwt_turb_13.0_21716.dat 2.567399943296406750e+00 4.770014102997836153e-02 2.835401815693750223e+02 2.922976323339022908e+00 4.063766728665396658e+04 2.536117293720268572e+04 1.284412714253750346e+04 1.400407578368620079e+03 2.045566976716945192e+03 1.025027380729765537e+04 1.240685368473243034e+04 5.369982039569186745e+05 7.007149415807366604e+05 5.055224904589061197e+01
  dtu_10mw_rwt_turb_13.0_40322.dat 2.202629708042304291e+00 2.259836031832806666e-02 2.384263407379860098e+02 2.674856073920261590e+00 3.199292101767892018e+04 1.434427026788385592e+04 1.070152112677398509e+04 1.061136784145976890e+03 1.122915912731462640e+03 9.201344254053658005e+03 1.191175476258031085e+04 2.543743176317906764e+05 3.351106667342044966e+04 5.101196801587963137e+01
  dtu_10mw_rwt_turb_13.0_43619.dat 2.634716291661048260e+00 3.294507668183699334e-02 2.850954091084950619e+02 3.132930131329763057e+00 3.834916355302890588e+04 1.127123930051434400e+04 1.216909629627550385e+04 1.212433159402344927e+03 3.427302171705807268e+03 1.032499475015028656e+04 1.233327737880524182e+04 5.128863284378674580e+05 2.114277375122875674e+05 5.102019058020642461e+01
  dtu_10mw_rwt_turb_13.0_47165.dat 2.679302153627034055e+00 3.372410157703737560e-02 3.115830258768227168e+02 3.258823676028225869e+00 4.122031174590280716e+04 1.089315601855591194e+04 1.164024220616040111e+04 1.207773676158924445e+03 1.570953312402051552e+03 1.080615683706339769e+04 1.201084145941576935e+04 3.822388136089041363e+05 1.310534181496305100e+05 5.090589255161058446e+01
  dtu_10mw_rwt_turb_13.0_47952.dat 1.412348160705889644e+00 2.548928712700123875e-02 2.488017427720767500e+02 3.080359326291900679e+00 3.644038783573700493e+04 1.655805899645981117e+04 1.207064974220969634e+04 1.307603459573615055e+03 1.061081152141669236e+03 9.518557540062278349e+03 1.250188450863379512e+04 2.769278693256287952e+05 3.149414692635136817e+04 5.111574220326853180e+01
  dtu_10mw_rwt_turb_13.0_50292.dat 2.564728456166703197e+00 4.843125289076408851e-02 2.831317301961591966e+02 2.954836569046399575e+00 3.812640140395156050e+04 1.203601774541073428e+04 9.472854470400190621e+03 1.180156150616669265e+03 1.447432053174624798e+03 1.015171605130083663e+04 1.231009265008629882e+04 4.465618680009047966e+05 5.197895166522691143e+05 5.115299842605875824e+01
  dtu_10mw_rwt_turb_14.0_14324.dat 1.900207242897757665e+00 3.034545832668983367e-02 2.634624097940481988e+02 3.250600006333718817e+00 3.497627143931183673e+04 2.516479375034013356e+04 1.131394771765461701e+04 1.327788213594270701e+03 1.774657824484477715e+03 1.052077718964748237e+04 1.224275588651493308e+04 3.525357344031853718e+05 5.342154684052727680e+04 4.969835136899540373e+01
  dtu_10mw_rwt_turb_14.0_26862.dat 1.524051397025274035e+00 2.345738360057636820e-02 1.883801740033641750e+02 2.996767041542001131e+00 2.808695700432865851e+04 1.393186526981700808e+04 1.004000579984815522e+04 9.882710182095690925e+02 1.041888829524536277e+03 9.123222002419810451e+03 1.217763747303363380e+04 2.638372324076105142e+05 3.089174092356131587e+04 4.991248706629131959e+01
  dtu_10mw_rwt_turb_14.0_47824.dat 2.414004035025728800e+00 4.617904841237851360e-02 2.546242324234979151e+02 2.599325279270563893e+00 3.711297700821093895e+04 1.369966041653768661e+04 1.005197369116388836e+04 1.253769945218153453e+03 9.024109513657747357e+02 9.812525921304444637e+03 1.232731263112125816e+04 4.031138256085232133e+05 5.342201121356022777e+05 5.112001692928100027e+01
  dtu_10mw_rwt_turb_14.0_51321.dat 2.867830045820853879e+00 3.190952851525086925e-02 2.737637512780608517e+02 3.452946190058770348e+00 3.708233180782527779e+04 2.228664081025579071e+04 1.202518914410974685e+04 1.306962329380384062e+03 1.814328192309248152e+03 1.049788689421196068e+04 1.236865942754946082e+04 3.658938238468257478e+05 5.470666014411573269e+04 5.032947852451314219e+01
  dtu_10mw_rwt_turb_14.0_52263.dat 2.243462981684321456e+00 2.805019454858314470e-02 2.337323497904721137e+02 3.129667374243157774e+00 3.552427713743105414e+04 1.108324405391335313e+04 1.078189773347715891e+04 1.138087276899490234e+03 1.087817779454177526e+03 9.100555067986262657e+03 1.223720246836993101e+04 3.093600143675245345e+05 3.233200487287947180e+04 5.041883888616269616e+01
  dtu_10mw_rwt_turb_14.0_55769.dat 2.525788444061472404e+00 3.181320817462449102e-02 2.895773080742978323e+02 3.202237561155602208e+00 3.882493555206114979e+04 1.815111448645256678e+04 1.225135130581820522e+04 1.478349385329802089e+03 1.156671687014962799e+03 1.175877004416811724e+04 1.308712479087787142e+04 3.457473205189462751e+05 3.449226002116111340e+04 4.985396400077702594e+01
  dtu_10mw_rwt_turb_15.0_21716.dat 2.615131610186686384e+00 3.789235968250963260e-02 2.772746441981540215e+02 3.405651744881255993e+00 4.056239074340319348e+04 2.428628540697752032e+04 1.386623049202070433e+04 1.403101503827936767e+03 1.476255051522130543e+03 1.071481179081397568e+04 1.275069129030535078e+04 4.322313803384231869e+05 4.364687442261591059e+04 4.957425786391436162e+01
  dtu_10mw_rwt_turb_15.0_40322.dat 1.673787165259988940e+00 2.624522783664271289e-02 2.161891557908397772e+02 3.037013875892970560e+00 3.110238100152083643e+04 1.822916866641367233e+04 1.185694312916432318e+04 1.174596123886092073e+03 1.002293226197213926e+03 9.783152420924590842e+03 1.228490798488114888e+04 2.867788858996016206e+05 2.954120964924990767e+04 4.971757483575082404e+01
  dtu_10mw_rwt_turb_15.0_43619.dat 2.253315706174152222e+00 3.471909337329003725e-02 2.440841631273952146e+02 3.489929980740727800e+00 3.634019358507848665e+04 1.923548815883944553e+04 1.257949436825798875e+04 1.300347228803366761e+03 1.932017206026544727e+03 1.062599003769155752e+04 1.275525928143118472e+04 3.978513366599155124e+05 5.818960086153125303e+04 4.980442675650004958e+01
  dtu_10mw_rwt_turb_15.0_47165.dat 2.420773907629608424e+00 3.627359213198964177e-02 2.887090369850865272e+02 3.633611388123638264e+00 3.942626337843734655e+04 2.797661379368286362e+04 1.207316127561514804e+04 1.364331956492000018e+03 1.743588558081484962e+03 1.105987955270401653e+04 1.246545210709535968e+04 4.002668252054463373e+05 5.222195310808002978e+04 4.960282869291753371e+01
  dtu_10mw_rwt_turb_15.0_47952.dat 1.162414500992559052e+00 2.918425333377291583e-02 2.429973218761948033e+02 3.570283693207916276e+00 3.750895588931949169e+04 2.477894646644102977e+04 1.320733296665760099e+04 1.479889858602065488e+03 1.121324127504924945e+03 1.063707822074274009e+04 1.294292045359730764e+04 3.166735267941743368e+05 3.307980956523194618e+04 4.987138990503166269e+01
  dtu_10mw_rwt_turb_15.0_50292.dat 2.227424221651207237e+00 2.974556117349773376e-02 2.477083015930206500e+02 3.376904340759273815e+00 3.301676483694707713e+04 1.511791054379342677e+04 1.029990643739055304e+04 1.239712660706352835e+03 1.535031339209327598e+03 1.044286065997224978e+04 1.256461703394577671e+04 3.336622314149329322e+05 4.598225168279551144e+04 5.006969828452457705e+01
  dtu_10mw_rwt_turb_16.0_14324.dat 1.816419255977270497e+00 3.596535083420249190e-02 2.690439325682843332e+02 3.685070172362526097e+00 3.656172389091931109e+04 3.185259072927899615e+04 1.242235689821807136e+04 1.475936300184142056e+03 1.834362157586025205e+03 1.116937604274468868e+04 1.260353809082239422e+04 4.053200982308361563e+05 5.487677538011908473e+04 4.869525255394250252e+01
  dtu_10mw_rwt_turb_16.0_26862.dat 1.385974097338804834e+00 2.828255083155195235e-02 1.897280838144674817e+02 3.328779074484302214e+00 3.045795387250687054e+04 1.942824668229293457e+04 1.110891927301868236e+04 1.130754979076941936e+03 1.028263224687754018e+03 9.697529047304078631e+03 1.264301548150118469e+04 3.120083267977593350e+05 3.031651292273404397e+04 4.891088079831615687e+01
  dtu_10mw_rwt_turb_16.0_47824.dat 2.192546672665778740e+00 3.031906493274110631e-02 2.321272681254530994e+02 2.911603838668698874e+00 3.446139259696457157e+04 2.728788148365081724e+04 1.067353932930752671e+04 1.393034120611396247e+03 1.137372886114670337e+03 9.984292499102142756e+03 1.259438000621067113e+04 3.351833612764332211e+05 3.376714117874947988e+04 5.009235134788766430e+01
  dtu_10mw_rwt_turb_16.0_51321.dat 2.453783456596049461e+00 3.668164417629991847e-02 2.471425131788192857e+02 3.767179146139204349e+00 3.791454305017732258e+04 1.885652630963588672e+04 1.326060809852145576e+04 1.401040959003933267e+03 1.867552621787629960e+03 1.156618344293819246e+04 1.277994970102414118e+04 4.124892053605615511e+05 5.599335925221788784e+04 4.929068803894273287e+01
  dtu_10mw_rwt_turb_16.0_52263.dat 1.941212943323261664e+00 3.199508890270535283e-02 2.221982350516090889e+02 3.501584290744245376e+00 3.581240019030756957e+04 1.298144665319823980e+04 1.167173941218383879e+04 1.237442840400301066e+03 1.336840363953068163e+03 9.824863682604356654e+03 1.268907547827978487e+04 3.528088055598012870e+05 3.986235540517442132e+04 4.934093152183627495e+01
  dtu_10mw_rwt_turb_16.0_55769.dat 2.184041226622781107e+00 3.676797835210864063e-02 2.775925368376857705e+02 3.566876512123770215e+00 3.932202796108577604e+04 2.206459979819998625e+04 1.334072051864494279e+04 1.612332681759068237e+03 1.341221329794746225e+03 1.256648773628687559e+04 1.366504303810036254e+04 3.927460821991240373e+05 3.956406977664361330e+04 4.899970555866157440e+01
  dtu_10mw_rwt_turb_17.0_21716.dat 2.304594118006114023e+00 4.227943120165077173e-02 2.725117865181993011e+02 3.885222351136100372e+00 4.108098652822796430e+04 2.763679179988851683e+04 1.465502852987161532e+04 1.463064106915290267e+03 1.546821428672777756e+03 1.129772523748825006e+04 1.340197943275876241e+04 4.661769918450938421e+05 4.583464138325702515e+04 4.863175620512720343e+01
  dtu_10mw_rwt_turb_17.0_40322.dat 1.556130141287135116e+00 3.025301043110396534e-02 2.237530532998411275e+02 3.414851877963610338e+00 3.362255287951089849e+04 1.539934610684010477e+04 1.319705539506781679e+04 1.237186307335534593e+03 1.122543498418655417e+03 1.080579188122550659e+04 1.273064752281480287e+04 3.236266286906320020e+05 3.318761429033351305e+04 4.881395131216673633e+01
  dtu_10mw_rwt_turb_17.0_43619.dat 2.092836197884405447e+00 3.936084943367443995e-02 2.437528376551642282e+02 3.870765473819900659e+00 3.866635550997931568e+04 1.850875299670492677e+04 1.339754188881356640e+04 1.344261602326709863e+03 1.223622579047998215e+03 1.075078988722123904e+04 1.302881154603104733e+04 4.208602157614438911e+05 3.550218863196240272e+04 4.882577112949581988e+01
  dtu_10mw_rwt_turb_17.0_47165.dat 2.278687406748450162e+00 4.195140549411236625e-02 2.823361794873414965e+02 4.018742841565201118e+00 3.888672520230206283e+04 1.972984308273008719e+04 1.295192475275086508e+04 1.349937618419863611e+03 1.732053018403802071e+03 1.155435012907663622e+04 1.276635706556672631e+04 4.695272658087224117e+05 5.153040043266356952e+04 4.866247740716832482e+01
  dtu_10mw_rwt_turb_17.0_47952.dat 1.128201621426252910e+00 3.389968407534358491e-02 2.558690364584931274e+02 4.064686614631252581e+00 4.146701073456258018e+04 3.136903264910232610e+04 1.440693793914569869e+04 1.659562405882067651e+03 1.277468199784317221e+03 1.121651467602107550e+04 1.349323604428986073e+04 3.631864015800667694e+05 3.729986399887879816e+04 4.893384509902075052e+01
  dtu_10mw_rwt_turb_17.0_50292.dat 2.060730486495622404e+00 3.579287641334609471e-02 2.460270906172653724e+02 3.842186434867896239e+00 3.540636773515967070e+04 1.886361172600503778e+04 1.130588159441305288e+04 1.401688271837827415e+03 1.306355310031702174e+03 1.085404626770049435e+04 1.302524717169489486e+04 3.858755007705077878e+05 3.867969298575932771e+04 4.915677555444928970e+01
  dtu_10mw_rwt_turb_18.0_14324.dat 1.816815002130370615e+00 4.278376609783083456e-02 2.819878487453707976e+02 4.110255835840231242e+00 3.891269320772762148e+04 2.793366572458787414e+04 1.386764252771459360e+04 1.518701816554043035e+03 1.893436269234929114e+03 1.240357290904049478e+04 1.307615278254521400e+04 4.807010555070107221e+05 5.655545391458795348e+04 4.792122443855401315e+01
  dtu_10mw_rwt_turb_18.0_26862.dat 1.365491629468590595e+00 3.451971235245561431e-02 2.036269045993649911e+02 3.630489150166863244e+00 3.379841094393560343e+04 2.253525519408476612e+04 1.226419892319004430e+04 1.269497292537101202e+03 1.276577851068161181e+03 1.109155257002594954e+04 1.326856937369702973e+04 3.783174370322191389e+05 3.780871259804567671e+04 4.813750418041028212e+01
  dtu_10mw_rwt_turb_18.0_47824.dat 1.977860481514334134e+00 3.529387621572106087e-02 2.374070099314760967e+02 3.235269142483572669e+00 3.499938320145487523e+04 2.118091763879420250e+04 1.150147146176661408e+04 1.414107885026475742e+03 1.372637337309637815e+03 1.070697164446980605e+04 1.308210667295398525e+04 3.908235167345139198e+05 4.103482403505250113e+04 4.915354590469142693e+01
  dtu_10mw_rwt_turb_18.0_51321.dat 2.332996582724018886e+00 4.232842577580291088e-02 2.565746031295494731e+02 4.151360365400443619e+00 4.162133144416435971e+04 2.809925148258598347e+04 1.450790264426802787e+04 1.607728389628560308e+03 2.292304715180351195e+03 1.260046908423601963e+04 1.336250016718508596e+04 4.752536422517631436e+05 6.913664669673219032e+04 4.847005798796667619e+01
  dtu_10mw_rwt_turb_18.0_52263.dat 1.893208917826625148e+00 3.754389523933030631e-02 2.322979176815724998e+02 3.906890976033530194e+00 4.019169903736648121e+04 2.841063686066066657e+04 1.256645253008371583e+04 1.503505315709286378e+03 1.360396938046863170e+03 1.073577487322705747e+04 1.310136993695619276e+04 4.023510035927698482e+05 4.018681903193239123e+04 4.847312291490421643e+01
  dtu_10mw_rwt_turb_18.0_55769.dat 2.109218874823668433e+00 4.033889882206393579e-02 2.887710263702905991e+02 3.991731565736062137e+00 4.408092671169991809e+04 3.679349173979299667e+04 1.434144944066196877e+04 1.878709551453650874e+03 1.454218972453940069e+03 1.320121616774461654e+04 1.422857777681265907e+04 4.337017963363997405e+05 4.270477311342788744e+04 4.817266928632632528e+01
  dtu_10mw_rwt_turb_19.0_21716.dat 2.225490634120439459e+00 4.868505809018337099e-02 2.727413890144561606e+02 4.351020608411460877e+00 4.590111892651244125e+04 3.317951133857058448e+04 1.587016628378636779e+04 1.633868315505174905e+03 1.714879306964010311e+03 1.210684266409290649e+04 1.371512102462603980e+04 5.396475487714735791e+05 5.097040939107148733e+04 4.790193983327382199e+01
  dtu_10mw_rwt_turb_19.0_40322.dat 1.511755084420960626e+00 3.487689240616880654e-02 2.452807285850031462e+02 3.781617692105225803e+00 3.722747558900647709e+04 2.091387154332709906e+04 1.450404873689133456e+04 1.417980871847315257e+03 1.263533770355466686e+03 1.207664810602217403e+04 1.311669096656501097e+04 3.737786262560791220e+05 3.736676961785952881e+04 4.810999137211242527e+01
  dtu_10mw_rwt_turb_19.0_43619.dat 2.043708672901997314e+00 4.530485553986798863e-02 2.516471580825798924e+02 4.246973543230102344e+00 3.946484743071407866e+04 2.041614493417699850e+04 1.411191723472432568e+04 1.471414924697899551e+03 1.483970120684938820e+03 1.178272580414438198e+04 1.348900394443911136e+04 4.801856313023137045e+05 4.381366501062939642e+04 4.812033612593771181e+01
  dtu_10mw_rwt_turb_19.0_47165.dat 2.235452209133513612e+00 4.821626161520527892e-02 2.893284672644580837e+02 4.392701814871008636e+00 4.157775266503423336e+04 2.466011074602637382e+04 1.377191030295233395e+04 1.467958866356556200e+03 1.594316056410108786e+03 1.191395499246251893e+04 1.322693089963823331e+04 5.305662097581443377e+05 4.731954747204040905e+04 4.789670833645225656e+01
  dtu_10mw_rwt_turb_19.0_47952.dat 1.140444087544000507e+00 3.809695378752073203e-02 2.783790249381333979e+02 4.541491796116974733e+00 4.587250951549734600e+04 3.693097123492912942e+04 1.560357338520851772e+04 1.832871825290249490e+03 1.524679985350588822e+03 1.211164503768713985e+04 1.403410412432539306e+04 4.128412155430353596e+05 4.486529471233034565e+04 4.814011749063209322e+01
  dtu_10mw_rwt_turb_19.0_50292.dat 2.001150630328098146e+00 3.976921316855404342e-02 2.592742229141051098e+02 4.262861950503969766e+00 3.751633370392803045e+04 1.914166718284508534e+04 1.223705441842679102e+04 1.468131539813978861e+03 1.964013351907798096e+03 1.194428525614401769e+04 1.364208573240085752e+04 4.418357884062291123e+05 5.914295043603088561e+04 4.836829819488662707e+01
  dtu_10mw_rwt_turb_20.0_14324.dat 1.817355079141784513e+00 4.826028091763035627e-02 2.985597139243694755e+02 4.523234040358187436e+00 4.211475698428529722e+04 2.987769261371863468e+04 1.506601512172910407e+04 1.669027224061266907e+03 1.826927505590719647e+03 1.328865304529501554e+04 1.362183195511669146e+04 5.243083564258929109e+05 5.432733066954146489e+04 4.731255303173131921e+01
  dtu_10mw_rwt_turb_20.0_26862.dat 1.406084255445290587e+00 3.878850926070255556e-02 2.124067989318742775e+02 3.943944145383821986e+00 3.804284372004828037e+04 2.915106313852476524e+04 1.361866189888845838e+04 1.458799769237834198e+03 1.287704102633323146e+03 1.213433270030676249e+04 1.363957076816249719e+04 4.231912335075613228e+05 3.823313738542179635e+04 4.748612048529637519e+01
  dtu_10mw_rwt_turb_20.0_47824.dat 1.847953944562952922e+00 4.032065184993063184e-02 2.458716189397811149e+02 3.556972464599050365e+00 3.776165671527008817e+04 2.973613284180830306e+04 1.254852568295139281e+04 1.577259543663448085e+03 1.302095022640177604e+03 1.142422713785772976e+04 1.348754829781611261e+04 4.410457010364446905e+05 3.785915653351707442e+04 4.839971889530999505e+01
  dtu_10mw_rwt_turb_20.0_51321.dat 2.258047554545970392e+00 4.874528127058045529e-02 2.755996016636690911e+02 4.516240516710602115e+00 4.475215896964297281e+04 2.922527887765628839e+04 1.544655427035525099e+04 1.729203744055590278e+03 2.168649326019111413e+03 1.271883753120024994e+04 1.370987214079182195e+04 5.412754777487163665e+05 6.527133143435663078e+04 4.781153068321909672e+01
  dtu_10mw_rwt_turb_20.0_52263.dat 1.852781259407443093e+00 4.259949952439983506e-02 2.466184970278150388e+02 4.285882144941824734e+00 4.068846080961536791e+04 2.796627872917024433e+04 1.389890506276944689e+04 1.545409333674199843e+03 2.123320778172182600e+03 1.158853831218840969e+04 1.355495973239900013e+04 4.830824604951559450e+05 6.383976028753122955e+04 4.781326465591056518e+01
  dtu_10mw_rwt_turb_20.0_55769.dat 2.079030986572297568e+00 4.520895880176490494e-02 3.031103407903364655e+02 4.406599151832443440e+00 4.543140070077693963e+04 3.293850776416120789e+04 1.534585593487623555e+04 1.837896461111547751e+03 1.674582342632309746e+03 1.372171235670714304e+04 1.490627978902484392e+04 4.928006296441446757e+05 4.916748454262619634e+04 4.752402961506992796e+01
  dtu_10mw_rwt_turb_21.0_21716.dat 2.169859801183487313e+00 5.381348315867134913e-02 2.840459089404682800e+02 4.839335424176011813e+00 4.575649235959836369e+04 2.814518228509206165e+04 1.656630703650647774e+04 1.641510424393396534e+03 3.767779886439813708e+03 1.297855246458122383e+04 1.442043893662545997e+04 6.622923433610255597e+05 1.154206673255200003e+05 4.727460085015324154e+01
  dtu_10mw_rwt_turb_21.0_40322.dat 1.557466517589820354e+00 4.133296894925703180e-02 2.679938782422869394e+02 4.158378775690796836e+00 4.219774185136591404e+04 2.490074055908971422e+04 1.577724176014993100e+04 1.619820099456673461e+03 1.581033700507573258e+03 1.324410553994476504e+04 1.382730543425488395e+04 4.528835264060502523e+05 4.688581300741944142e+04 4.752206720521355976e+01
  dtu_10mw_rwt_turb_21.0_43619.dat 2.038656650861692565e+00 5.109528853938052201e-02 2.639572040246408164e+02 4.640925157364541143e+00 4.284281873693319358e+04 2.407628538578818552e+04 1.494205967950588638e+04 1.584734745403779698e+03 1.571126811005146010e+03 1.260161396045253241e+04 1.395071878722299334e+04 5.356046133571811952e+05 4.622460238011233014e+04 4.747076898030867653e+01
  dtu_10mw_rwt_turb_21.0_47165.dat 2.229998101326222226e+00 5.347403351693585938e-02 2.954254982824273270e+02 4.765537108224328300e+00 4.532705580420250772e+04 2.987847837177710971e+04 1.458334725343331229e+04 1.620787642786537390e+03 1.868784251315719985e+03 1.307149968078084930e+04 1.363911088812865819e+04 5.939473397603906924e+05 5.529748497517099167e+04 4.728715925011107402e+01
  dtu_10mw_rwt_turb_21.0_47952.dat 1.124548041207531046e+00 4.335401565410743757e-02 2.995092918080203503e+02 5.022634389739552674e+00 5.186025738281330996e+04 3.421927796829001454e+04 1.664850648157924297e+04 1.880676458214113154e+03 1.629916966677527853e+03 1.334804940275035369e+04 1.432969119429223429e+04 4.657624650569661171e+05 4.822273623213545943e+04 4.756038786892823822e+01
  dtu_10mw_rwt_turb_21.0_50292.dat 2.010377896103574535e+00 4.512175538547071735e-02 2.688612849848915403e+02 4.703337707629482445e+00 3.828112009224641952e+04 1.993962488484625646e+04 1.333518767652184943e+04 1.584520849209187645e+03 1.481492116354262180e+03 1.274516612769198400e+04 1.405030652129079499e+04 4.838351125609045266e+05 4.350513108433051821e+04 4.767726128750820891e+01
  dtu_10mw_rwt_turb_22.0_14324.dat 1.805980070518288683e+00 5.480594887534605969e-02 3.132584519877273692e+02 4.962762980381040911e+00 4.556818295704152115e+04 4.513016477747936733e+04 1.649523672834084209e+04 1.956037506909552121e+03 1.882990494751848928e+03 1.444594672747663026e+04 1.426448985252416242e+04 5.997309726275891298e+05 5.628805033331391314e+04 4.671584989021256007e+01
  dtu_10mw_rwt_turb_22.0_26862.dat 1.416292870269669990e+00 4.648260836432827059e-02 2.375817052191819414e+02 4.329732283722610653e+00 4.246241923893848434e+04 2.596043798376287668e+04 1.485579210403786965e+04 1.507214634546049410e+03 1.466263704376933447e+03 1.308097351912348859e+04 1.421776898971258925e+04 5.031728396031380398e+05 4.277468980234273477e+04 4.686640571031754376e+01
  dtu_10mw_rwt_turb_22.0_47824.dat 1.812352247329806820e+00 4.577951679879373181e-02 2.675754958116319244e+02 3.882017643020270192e+00 4.128640620586692239e+04 1.976066104067161359e+04 1.346209388048356777e+04 1.595300854858753382e+03 1.502618611961579518e+03 1.258395962488083933e+04 1.390877057317771869e+04 4.999326399118730915e+05 4.470539577646154794e+04 4.775851453114962197e+01
  dtu_10mw_rwt_turb_22.0_51321.dat 2.174299422967862050e+00 5.388277782533251736e-02 2.942023225597523037e+02 4.886018175837377520e+00 5.057008364602859365e+04 3.377278020290459244e+04 1.659606346963077522e+04 1.931439139716854470e+03 1.750120430080301503e+03 1.388146285815118244e+04 1.423518254498582792e+04 5.889857505705893273e+05 5.223090332501852390e+04 4.724572082316795019e+01
  dtu_10mw_rwt_turb_22.0_52263.dat 1.899182444547973692e+00 4.814035324690119078e-02 2.666384665959911331e+02 4.700548494296423740e+00 4.496834954095397552e+04 3.466103790855954867e+04 1.491902375451379339e+04 1.763258156195115816e+03 1.516947501404843479e+03 1.246525075762074994e+04 1.399042641360387643e+04 5.095704829708308680e+05 4.421926539102086099e+04 4.718836015114546711e+01
  dtu_10mw_rwt_turb_22.0_55769.dat 2.063158007218083512e+00 5.039937674617488844e-02 3.271816545831994745e+02 4.864826626982759805e+00 5.059704128826599481e+04 3.977765306769694871e+04 1.644715853442720254e+04 2.087690910116508348e+03 2.002136534135419879e+03 1.486109400532691689e+04 1.551719906082229500e+04 5.431671772864384111e+05 5.986178531402476074e+04 4.699109311683065471e+01
  dtu_10mw_rwt_turb_23.0_21716.dat 2.192522512112954125e+00 6.323218012882397820e-02 3.017071520860174587e+02 5.359771647055736388e+00 5.260568967110082303e+04 3.422506030342022132e+04 1.798728454977343063e+04 1.845111582593406865e+03 1.853740982733236933e+03 1.383797460517229592e+04 1.500547019976374395e+04 7.124862430149854627e+05 5.387043657559512940e+04 4.668503876215488191e+01
  dtu_10mw_rwt_turb_23.0_40322.dat 1.562283613823650885e+00 4.410418753449554807e-02 2.905585845651185082e+02 4.577238402077379753e+00 4.571603594788025657e+04 3.233732232429749638e+04 1.696409239129367779e+04 1.754717617612756158e+03 1.566580693670808841e+03 1.421015017176831134e+04 1.412652441161427487e+04 4.819167806203255313e+05 4.592947943124150333e+04 4.698692621128294178e+01
  dtu_10mw_rwt_turb_23.0_43619.dat 1.976139463333826951e+00 5.707575514194680039e-02 2.806125320540197094e+02 5.034640806109858424e+00 4.751728415254643187e+04 3.302801197903887805e+04 1.550215959741866754e+04 1.726186470507642071e+03 1.555988593763043582e+03 1.315523734722676272e+04 1.439834825991941216e+04 6.064225479903916130e+05 4.454325349291400198e+04 4.691393018752214772e+01
  dtu_10mw_rwt_turb_23.0_47165.dat 2.198708764045622654e+00 5.803748501390944281e-02 3.118020147721533135e+02 5.200411414109625596e+00 4.952684401061231620e+04 3.400105239770951448e+04 1.565887781226454354e+04 1.718440638050514963e+03 1.522045115140798544e+03 1.366041541319145836e+04 1.395280333626270294e+04 6.325952609536269447e+05 4.318856277215125738e+04 4.676042032422330408e+01
  dtu_10mw_rwt_turb_23.0_47952.dat 1.168248099551175256e+00 4.668945872807960668e-02 3.135848865988477314e+02 5.476343237300436151e+00 5.608723841965614702e+04 4.979012475010263006e+04 1.803526105079459739e+04 2.179565542354172067e+03 1.604524628907585793e+03 1.497659252756321439e+04 1.516061664850413399e+04 4.986475608553248458e+05 4.685293304754118435e+04 4.696257772579309631e+01
  dtu_10mw_rwt_turb_23.0_50292.dat 1.975475078823710096e+00 4.965058213961329875e-02 2.906615636250271564e+02 5.118703354854735821e+00 4.430652774795291043e+04 2.642149216831870581e+04 1.417711438256183283e+04 1.681726917766695578e+03 1.661921028833785613e+03 1.340268673885448879e+04 1.429779804858311581e+04 5.352473970508972416e+05 4.963780458116897353e+04 4.713029057604862260e+01
  dtu_10mw_rwt_turb_24.0_14324.dat 1.777334841433661383e+00 5.988558966607066686e-02 3.263007864062006433e+02 5.430170056092911146e+00 4.878091764117916318e+04 3.085224178177082285e+04 1.762783221073058667e+04 1.817486654002919295e+03 2.271164212240533743e+03 1.553639382742589441e+04 1.490474446995995277e+04 6.566330207464668201e+05 6.988277955178153934e+04 4.617289615327857888e+01
  dtu_10mw_rwt_turb_24.0_26862.dat 1.481632896718067194e+00 5.241121661557176376e-02 2.560260746978990483e+02 4.696334129899792487e+00 4.796965721757630672e+04 3.660436653192211088e+04 1.571105524976295237e+04 1.726485787664434838e+03 1.645324111064070621e+03 1.361520086938212262e+04 1.452333777978615399e+04 5.605396296345551964e+05 4.839124170842354943e+04 4.637239388436012177e+01
  dtu_10mw_rwt_turb_24.0_47824.dat 1.800241863105289886e+00 5.185384704516714932e-02 2.857231859894238255e+02 4.239587825561507373e+00 4.567810120237390947e+04 3.972224787528179877e+04 1.414916501509508271e+04 1.858665865969533570e+03 1.593090968545035139e+03 1.368878535042084877e+04 1.424219471079231880e+04 5.717884091253759107e+05 4.616772451192232984e+04 4.718440406810938015e+01
  dtu_10mw_rwt_turb_24.0_51321.dat 2.168663897382907546e+00 6.082543369777515530e-02 3.160935202168422506e+02 5.249697959380322132e+00 5.573384324039397325e+04 3.040660136058364151e+04 1.755090184988654801e+04 2.013795621255092556e+03 1.760364000462718195e+03 1.507209952169977623e+04 1.466352875339405182e+04 6.595133059268150246e+05 5.075651977554092446e+04 4.667385318959932761e+01
  dtu_10mw_rwt_turb_24.0_52263.dat 1.902692143397616942e+00 5.192582193503555987e-02 2.788692329290733483e+02 5.164276485599799571e+00 5.182373585624650150e+04 3.288641721358080395e+04 1.564668312487610092e+04 1.903285218674074713e+03 2.091297096823603169e+03 1.355009596431911086e+04 1.440639016970176272e+04 5.729261562693493906e+05 6.362324092581067089e+04 4.667481178467200209e+01
  dtu_10mw_rwt_turb_24.0_55769.dat 2.027709697733915739e+00 5.635998705536732906e-02 3.381760852306969696e+02 5.315100516290933719e+00 5.452911027309438941e+04 3.672279900660489511e+04 1.737404551001721848e+04 2.077130490357295912e+03 1.870554179013339990e+03 1.601866585345138265e+04 1.632423538457222094e+04 6.140498698966233060e+05 5.518054481559004489e+04 4.642463320940954219e+01
   dtu_10mw_rwt_turb_5.0_21716.dat 5.599393016505740395e-01 3.401619349542776491e-03 8.998533426114795475e+01 1.399958141173691883e+00 3.492694842989146127e+04 1.082684482724336522e+04 5.594735566008258502e+03 7.230826682560029894e+02 5.802382606965082914e+02 3.854246723782493063e+03 9.906359265441862590e+03 5.453862103897654451e+05 3.463791567809607368e+05 4.379095401071722193e+01
   dtu_10mw_rwt_turb_5.0_40322.dat 6.278366673005251197e-01 2.938716505371291761e-03 8.409030695509373743e+01 1.426498110780216599e+00 3.114382305686867039e+04 6.693036129561917733e+03 4.186978980881889584e+03 5.162986797847839853e+02 4.401841110938834731e+02 3.118350301584743647e+03 9.641412826083507753e+03 4.146891725985364174e+05 2.639795501719531021e+05 4.375517649818803534e+01
   dtu_10mw_rwt_turb_5.0_43619.dat 5.625606498710163939e-01 4.259018856419074378e-03 1.101283223475629285e+02 1.772008689656842551e+00 5.273085816750252707e+04 1.114371615416246641e+04 6.067959145144869581e+03 9.547274452207393551e+02 7.284621081377478049e+02 4.823048906668932432e+03 1.002130951353835007e+04 6.835343403393452754e+05 4.344981837459034869e+05 4.370054340325236808e+01
   dtu_10mw_rwt_turb_5.0_47165.dat 6.360527550288165299e-01 3.778013957707694170e-03 9.603199073440174516e+01 1.594708387124414761e+00 5.257507236587240186e+04 9.503284816031151422e+03 5.355145111268931942e+03 6.935152099785034352e+02 4.488954258709628675e+02 4.435407704430169360e+03 9.729318595992664996e+03 4.238249820567102288e+05 2.693239850941164186e+05 4.394308157825926031e+01
   dtu_10mw_rwt_turb_5.0_47952.dat 6.642615064401882208e-01 2.769753933593289280e-03 8.815982513178094848e+01 1.528235468691655052e+00 3.497005430600379623e+04 9.229559192023853029e+03 5.098092327512932570e+03 5.578921921584941401e+02 3.319320364266115462e+02 4.018361654416826696e+03 9.888219237145151055e+03 3.105466742768830154e+05 1.958461158531982219e+05 4.383552006547837721e+01
   dtu_10mw_rwt_turb_5.0_50292.dat 5.692216061639489011e-01 3.051838582662099852e-03 8.799991765401166788e+01 1.326549858435343232e+00 3.949058065442169027e+04 9.080672272196168706e+03 4.030562219658420418e+03 7.475415883397648713e+02 5.273080776224301189e+02 3.928662467377481335e+03 9.821417004028919109e+03 4.947202249872823595e+05 3.126810304127637646e+05 4.375300985119888253e+01
   dtu_10mw_rwt_turb_6.0_14324.dat 3.725227049497207288e-01 5.462411740902663355e-03 1.056251533534318128e+02 1.378094267565895370e+00 4.697088422638638440e+04 1.212077928041435916e+04 5.498247140326145200e+03 8.461823247970021384e+02 6.849558337906031511e+02 4.521205362497153146e+03 9.766384782666433239e+03 6.462571267515262589e+05 4.165106294003693038e+05 4.402692684625987596e+01
   dtu_10mw_rwt_turb_6.0_26862.dat 5.355101195512630419e-01 4.193209485057393382e-03 8.564587256198062448e+01 1.444657814310740696e+00 3.624137002749767271e+04 1.181792747835526643e+04 4.650383487166041959e+03 8.946987545488756268e+02 7.829975009913159738e+02 3.962489126540222060e+03 9.833200316643162296e+03 7.400972094170527998e+05 4.699965539614999434e+05 4.434613006308006078e+01
   dtu_10mw_rwt_turb_6.0_47824.dat 5.895018158676553766e-01 3.319610639046172932e-03 1.049852674980277101e+02 1.475748937272125749e+00 4.463126515971207118e+04 9.498628211660674424e+03 4.296195814432930092e+03 6.853974004050339772e+02 5.914015725104546846e+02 4.153540357458678955e+03 9.910843888186733238e+03 5.582123577489828458e+05 3.527234931650737999e+05 4.402090087756634773e+01
   dtu_10mw_rwt_turb_6.0_51321.dat 6.380196238925055496e-01 5.197680024939079976e-03 1.146111652737085649e+02 1.915381723678987846e+00 4.674464543187672098e+04 1.407775167832644183e+04 5.514437710093130590e+03 9.837928363803433740e+02 9.351196565405762158e+02 4.722952809983404222e+03 1.000114150336032799e+04 8.744029770456660772e+05 5.612498223189610289e+05 4.460408096843683978e+01
   dtu_10mw_rwt_turb_6.0_52263.dat 6.217143334522766684e-01 3.966185714252409497e-03 9.877164536410050744e+01 1.619009782609538428e+00 3.915952549367258325e+04 8.892064079277182827e+03 4.509847273840928210e+03 9.208911561749117709e+02 7.183450557802357253e+02 3.839982565324537973e+03 9.904384369214871185e+03 6.746241431864136830e+05 4.278341237717980985e+05 4.402915242863802803e+01
   dtu_10mw_rwt_turb_6.0_55769.dat 5.818066325035352593e-01 5.462626584565285874e-03 1.174999771717904054e+02 1.733481000801909477e+00 5.481259944474298391e+04 1.861012878906241895e+04 6.109066904943115333e+03 1.075172334696637790e+03 8.551743397509037550e+02 5.547258055424802478e+03 1.024428141282645265e+04 8.103627535571238259e+05 5.204285478876201087e+05 4.438435289574545095e+01
   dtu_10mw_rwt_turb_7.0_21716.dat 2.733389087539370710e-01 1.862659854592682920e-02 1.319799352746306056e+02 1.700761642481391167e+00 4.630399840980063891e+04 2.312388390437172347e+04 7.225684183904723795e+03 1.302563469877703938e+03 1.079939649177814999e+03 4.992523035086227537e+03 1.029157084600852431e+04 1.010047985281704692e+06 7.301591199761242606e+05 4.463254312019204662e+01
   dtu_10mw_rwt_turb_7.0_40322.dat 5.911666588130884969e-01 6.737403450331531062e-03 1.100424359914744201e+02 1.718924784049205012e+00 4.147126199396207812e+04 1.329534806981221300e+04 5.138498403072043402e+03 9.017727658059226314e+02 7.952977833517765021e+02 3.896131257221829856e+03 9.883641217826936554e+03 7.456194887087391689e+05 4.955959162791565177e+05 4.446310406648844094e+01
   dtu_10mw_rwt_turb_7.0_43619.dat 5.053150205383792892e-01 2.356403161543753344e-02 1.468648686311578047e+02 2.105221707796070429e+00 6.360418471162160859e+04 1.618327559716944779e+04 7.253041922011059796e+03 1.446653366471175559e+03 1.204922647783401999e+03 5.942254667811285799e+03 1.037505035814770963e+04 1.128354621895679506e+06 8.417228029567708727e+05 4.477229582408518382e+01
   dtu_10mw_rwt_turb_7.0_47165.dat 3.861689344849377759e-01 6.998072603221933488e-03 1.170699631648703587e+02 2.049170717841011680e+00 6.180063449323826353e+04 1.888010361941086012e+04 6.156906585183096468e+03 1.219735164971290260e+03 9.099556569951472511e+02 5.386681303212923922e+03 9.982452342298653093e+03 8.517186156941405497e+05 5.532440251494444674e+05 4.453259409478361874e+01
   dtu_10mw_rwt_turb_7.0_47952.dat 4.399510023318177199e-01 5.114333810133938653e-03 9.321514505463426303e+01 1.797987762386267452e+00 4.554270535295004083e+04 1.721057647390477359e+04 5.903413251479576502e+03 9.273815080853560175e+02 6.045858069294159804e+02 4.668588655490611018e+03 1.021039782011861098e+04 5.732496605338701047e+05 3.699842378284044680e+05 4.445040489429096908e+01
   dtu_10mw_rwt_turb_7.0_50292.dat 5.388578239376553558e-01 1.236057527977603258e-02 1.237461122900916166e+02 1.695705490959868778e+00 4.958474542195873073e+04 1.433551914078703885e+04 4.684672974048755350e+03 1.279711121057583341e+03 1.000664987054574567e+03 4.819977342222709012e+03 1.015596816660358309e+04 9.363596891913072905e+05 6.379421280508687487e+05 4.435057239742939572e+01
   dtu_10mw_rwt_turb_8.0_14324.dat 1.721939382499427379e-02 3.426803159205604049e-02 1.442800193581549308e+02 1.877227444547519219e+00 5.002239079623467114e+04 1.945139076483451572e+04 6.754878555886539289e+03 1.027887292250868995e+03 7.824348524626938115e+02 5.828801811160966281e+03 1.020921452499624684e+04 7.252930336136298720e+05 7.048488141190273454e+05 4.545526415522176222e+01
   dtu_10mw_rwt_turb_8.0_26862.dat 1.402603855744486150e-01 3.456947494859015368e-02 1.271908323306706734e+02 1.781340037955357003e+00 4.116968295802881767e+04 1.701928161444199213e+04 5.639093594034208763e+03 1.107068215614178143e+03 9.169594257092904854e+02 5.184066575011567693e+03 1.045579721310896639e+04 8.634296517830425873e+05 7.903496371597640682e+05 4.618178380282508755e+01
   dtu_10mw_rwt_turb_8.0_47824.dat 4.185244655540117376e-01 7.464762513863835817e-03 1.240324454065539470e+02 1.649679986432007084e+00 5.458422568559888896e+04 1.797905546571028390e+04 4.962574922874629010e+03 1.131166205635732695e+03 1.029702122864100602e+03 5.020064167220256422e+03 1.019899317588480881e+04 9.630378966687225038e+05 6.337484264167819638e+05 4.479731460867498782e+01
   dtu_10mw_rwt_turb_8.0_51321.dat 2.498968288312594377e-01 4.455569208143978638e-02 1.799550042059083239e+02 2.377911734202087235e+00 4.879640118346816598e+04 1.691168547056238822e+04 6.985562982202765852e+03 1.387819240014227034e+03 1.309795253586984472e+03 6.133264999041693045e+03 1.064897178888173221e+04 1.215669175838523079e+06 1.136385124490902992e+06 4.629710731176208327e+01
   dtu_10mw_rwt_turb_8.0_52263.dat 4.736344159391906450e-01 2.997952837628780134e-02 1.483658850654000503e+02 1.931924034998222961e+00 4.527868597069238604e+04 1.761707405657763957e+04 5.560856012305218428e+03 1.384720633889425471e+03 1.101129413015979480e+03 4.973857218208235281e+03 1.040078830453481351e+04 1.026172877009033109e+06 8.392044352281510364e+05 4.518276925617804807e+01
   dtu_10mw_rwt_turb_8.0_55769.dat 1.421606059605565742e-01 4.166832708567288351e-02 1.839125191859759241e+02 2.070234890764576452e+00 5.171582427213045594e+04 2.187372848595743562e+04 7.923570445019595354e+03 1.371020282061892431e+03 1.214564095588866621e+03 7.190231239070391894e+03 1.111089141578184353e+04 1.126221835942787584e+06 1.031221484960983740e+06 4.618902263130462416e+01
   dtu_10mw_rwt_turb_9.0_21716.dat 5.267786493168179040e-06 6.114730366415157409e-02 2.255710846230712434e+02 2.064593378976370186e+00 4.543844246320790990e+04 1.183637467786491470e+04 9.754413390058225559e+03 1.700235035031285634e+03 1.530554644022785169e+03 7.147953066140922601e+03 1.117650188438025179e+04 1.432263993294048123e+06 1.517424654812586727e+06 4.753858570901465441e+01
   dtu_10mw_rwt_turb_9.0_40322.dat 2.106869386593988314e-01 4.142620511156520913e-02 1.558785792767593819e+02 1.976248842721527899e+00 4.101747972408773785e+04 1.206068492462114045e+04 6.906237324978684228e+03 1.103051683298973785e+03 8.844237169339833144e+02 5.468328001335159570e+03 1.066318746367443055e+04 8.257231863027586369e+05 8.879219789194046753e+05 4.715836071591211009e+01
   dtu_10mw_rwt_turb_9.0_43619.dat 5.603850235788992301e-02 6.323399773456055140e-02 2.158215781410838190e+02 2.419416399771497250e+00 5.069401945977049763e+04 1.528801499046054960e+04 9.700905591280796216e+03 1.750297302388229809e+03 1.474207475401272404e+03 8.040320613403254356e+03 1.140501224070063654e+04 1.374270774934062967e+06 1.504020730791986920e+06 4.748504475085739074e+01
   dtu_10mw_rwt_turb_9.0_47165.dat 5.361125295804280294e-02 4.945669846110422457e-02 1.936463531019541051e+02 2.471705281528238540e+00 5.023701552975508821e+04 1.847207534776044486e+04 8.142446541363310644e+03 1.400058822427750329e+03 1.141343199016898552e+03 7.103371040948273730e+03 1.091381658056250672e+04 1.065056236487302929e+06 1.091957959230434848e+06 4.713307540081481051e+01
   dtu_10mw_rwt_turb_9.0_47952.dat 6.290715763386908002e-06 2.714646593792924278e-02 1.312976162881962239e+02 2.145604266341081701e+00 4.147242034277108905e+04 1.544687044484007311e+04 7.592667201407150060e+03 1.031553564899871844e+03 5.605171615831138752e+02 6.077063882417114655e+03 1.107331113216004269e+04 5.149704891080004745e+05 5.397476674651063513e+05 4.661333809600280631e+01
   dtu_10mw_rwt_turb_9.0_50292.dat 1.149958804632500997e-01 5.203016751256903799e-02 1.905394147098140252e+02 2.103392725234820126e+00 4.400441967299712269e+04 1.554641218581548674e+04 5.926279092648314872e+03 1.728459419156534523e+03 1.377111622345596061e+03 6.631051376831215748e+03 1.081975977279464132e+04 1.287908735276061576e+06 1.302688378061819589e+06 4.626197886220352729e+01
