Statistics: p99. Generated: 30/11/2021 10:42:25. No. files: 120.
                              File                       4                      10                      11                      13                      15                      17                      18                      20                      21                      25                      26                      27                      61                      64                      70                     100                     108
            v2_turb_05.0_21716.dat 0.000000000000000000e+00 5.912980099999999295e-01 3.495641400000000431e+03 5.799470700000000534e+02 7.726233500000001087e+00 9.603234000000011292e+04 2.432185600000001068e+04 -5.130666799999996783e+02 3.706212800000000243e+03 2.231125900000001039e+01 -5.726943999999998596e+03 1.304570000000000073e+04 1.050462200000000301e+01 1.535930200000000134e+00 2.966520600000000093e+06 1.745541800000000279e+06 8.003040100000001189e+01
            v2_turb_05.0_40322.dat 0.000000000000000000e+00 5.905020100000000216e-01 3.040860000000001946e+03 5.585151199999999108e+02 7.979951599999999701e+00 7.947090700000002107e+04 1.534314200000000892e+04 -1.723234699999998838e+03 3.011291500000000269e+03 -4.174854999999998881e+02 -7.008365199999995639e+03 1.271979999999999927e+04 9.512763600000003095e+00 1.437190200000000084e+00 2.624871000000000466e+06 1.545301100000000326e+06 8.000911300000001347e+01
            v2_turb_05.0_43619.dat 0.000000000000000000e+00 5.927260199999999646e-01 4.596104200000001583e+03 6.347129800000001296e+02 9.273105600000009829e+00 1.138487800000001589e+05 2.118676500000001397e+04 1.520322500000000446e+03 4.425913400000002184e+03 -5.219117400000000089e+02 -5.150006699999995362e+03 1.338212100000000464e+04 1.223450800000000172e+01 1.686830100000000110e+00 3.831818800000001676e+06 2.256811500000002328e+06 7.998140099999999109e+01
            v2_turb_05.0_47165.dat 0.000000000000000000e+00 5.911819999999999853e-01 2.882550100000000384e+03 5.266712000000001126e+02 8.403255500000000211e+00 1.039312000000000407e+05 1.752213400000000547e+04 2.053105400000031580e+02 2.589890400000000227e+03 -4.348922499999994216e+02 -5.419477599999997437e+03 1.258380299999999988e+04 1.025782000000000416e+01 1.511760699999999957e+00 2.190672100000000559e+06 1.288160800000000279e+06 8.003231300000001625e+01
            v2_turb_05.0_47952.dat 0.000000000000000000e+00 5.910109999999999530e-01 4.585478800000001684e+03 6.333398100000002842e+02 7.898814300000000621e+00 9.772232500000005530e+04 1.752503800000000774e+04 5.478682300000132273e+02 4.024190600000000359e+03 -3.106655199999992760e+02 -5.387440199999995457e+03 1.263440900000000147e+04 1.137094700000000991e+01 1.611851300000000320e+00 3.937599000000001863e+06 2.315100199999999721e+06 8.003970499999999788e+01
            v2_turb_05.0_50292.dat 0.000000000000000000e+00 5.907090000000000396e-01 2.762020600000000286e+03 5.398200500000000375e+02 7.400721899999999742e+00 8.457745200000003388e+04 1.688582800000000498e+04 -6.005769499999985328e+02 2.974851700000000164e+03 -7.636971499999960145e+01 -5.209596499999999651e+03 1.282331000000000131e+04 9.625927500000001302e+00 1.442700700000000280e+00 2.327471300000000279e+06 1.369352100000000326e+06 8.003981000000000279e+01
            v2_turb_06.0_14324.dat 0.000000000000000000e+00 5.927090100000000916e-01 5.204523700000000645e+03 6.716970700000000534e+02 8.965652000000002175e+00 1.067990300000000134e+05 2.371660900000000038e+04 1.254053700000000617e+03 4.963857900000001791e+03 -1.418356199999999262e+03 -7.599895799999993869e+03 1.310320100000000093e+04 1.170570099999999947e+01 1.643621200000000337e+00 4.590111300000000745e+06 2.706142000000000000e+06 7.995811899999999639e+01
            v2_turb_06.0_26862.dat 0.000000000000000000e+00 5.924220199999999936e-01 5.413337000000001353e+03 6.865975000000000819e+02 9.128177400000001995e+00 1.016305400000001100e+05 2.245181400000000212e+04 8.666306900000050746e+02 5.188700600000000122e+03 -7.745214999999999463e+02 -6.812316199999998389e+03 1.323191300000000228e+04 1.246381000000000228e+01 1.706640500000000005e+00 4.726534500000000931e+06 2.782181800000000745e+06 7.997710699999998951e+01
            v2_turb_06.0_47824.dat 0.000000000000000000e+00 5.916080100000000730e-01 4.182459000000001652e+03 6.280225100000002385e+02 9.110994299999999768e+00 9.674089600000002247e+04 2.468772000000002299e+04 -6.370819799999995894e+02 3.723361600000000180e+03 -2.061882999999994581e+02 -5.331638499999997293e+03 1.300240099999999984e+04 1.064450800000000186e+01 1.550500600000000118e+00 3.512011600000000093e+06 2.067191500000000466e+06 8.001690200000001596e+01
            v2_turb_06.0_51321.dat 0.000000000000000000e+00 6.208690000000000042e-01 5.975792500000000473e+03 7.482220300000000179e+02 9.952082900000000620e+00 1.089023900000000722e+05 2.620066400000001158e+04 1.407291400000004387e+03 5.422572599999999511e+03 -1.602396999999999480e+03 -6.510618899999999485e+03 1.328510100000000057e+04 1.240240099999999934e+01 1.703690299999999880e+00 4.988930200000000186e+06 3.096881400000000373e+06 7.995751700000000994e+01
            v2_turb_06.0_52263.dat 0.000000000000000000e+00 5.919560000000000377e-01 5.299843000000000757e+03 6.751491800000000012e+02 8.773901300000000347e+00 1.085090599999999977e+05 1.982989800000001924e+04 -6.561809599999916145e+02 4.910540200000000368e+03 -1.593989699999999857e+03 -7.726579400000000533e+03 1.337029999999999927e+04 1.185020100000000021e+01 1.655720300000000256e+00 4.523482500000000931e+06 2.662750299999999814e+06 7.996391199999999344e+01
            v2_turb_06.0_55769.dat 0.000000000000000000e+00 5.932260099999999703e-01 5.621273100000003069e+03 6.897804100000000744e+02 9.162811500000000109e+00 1.141890900000000111e+05 2.543381600000000253e+04 9.421652800000058505e+02 5.379502600000000712e+03 -1.063046799999999394e+03 -6.370624399999989691e+03 1.375010200000000077e+04 1.311421000000000170e+01 1.753701600000000305e+00 4.898993100000000559e+06 2.892191299999999814e+06 7.996470800000000168e+01
             v2_turb_07.0_2336.dat 0.000000000000000000e+00 8.170450400000001112e-01 1.030400000000000000e+04 1.229570700000000215e+03 1.071010400000000118e+01 1.505820500000000175e+05 3.325674000000000524e+04 6.034477200000001176e+03 9.400122100000000501e+03 -1.691147399999999607e+03 -7.824198199999999815e+03 1.514430500000000029e+04 1.381550200000000039e+01 1.798911700000000335e+00 8.642074000000000000e+06 7.060053700000000186e+06 7.979850500000000579e+01
            v2_turb_07.0_40743.dat 0.000000000000000000e+00 7.259890199999999849e-01 8.087696800000001531e+03 1.015650099999999952e+03 9.650663400000000891e+00 1.217720700000000070e+05 2.277440800000000309e+04 3.068783600000000661e+03 7.618561100000000806e+03 -2.914579399999999623e+03 -9.572548899999997957e+03 1.439191600000000290e+04 1.285470100000000038e+01 1.731981600000000343e+00 6.819230600000000559e+06 4.947571200000000186e+06 7.983740199999999732e+01
            v2_turb_07.0_45626.dat 0.000000000000000000e+00 6.815130099999999747e-01 7.720010600000002341e+03 9.165630300000000261e+02 1.004190200000000033e+01 1.208780900000000256e+05 2.042486900000001333e+04 1.197439800000004197e+03 6.908498200000001816e+03 -2.414848999999999705e+03 -1.023679999999999927e+04 1.393040800000000127e+04 1.287203100000000688e+01 1.738960200000000178e+00 6.011770899999999441e+06 4.097450900000000373e+06 7.983550099999999361e+01
            v2_turb_07.0_52870.dat 0.000000000000000000e+00 6.976790400000000281e-01 8.257695100000006278e+03 9.599312700000001541e+02 1.034270800000000179e+01 1.255241000000000204e+05 2.842672900000000664e+04 5.213976600000010876e+03 7.332093700000001263e+03 -3.040928799999999683e+03 -8.458436799999997675e+03 1.424800100000000020e+04 1.387880100000000105e+01 1.801610800000000179e+00 6.301473500000000931e+06 4.396852900000000373e+06 7.983590799999998922e+01
            v2_turb_07.0_52899.dat 0.000000000000000000e+00 6.885990799999999190e-01 7.923614199999999983e+03 9.502420400000002019e+02 1.003121000000000329e+01 1.213021400000000285e+05 3.212297000000003391e+04 2.100614700000000994e+03 7.159724900000001071e+03 -2.144037199999999757e+03 -7.690008299999999508e+03 1.404439999999999964e+04 1.296551000000000187e+01 1.740730200000000005e+00 6.126960600000000559e+06 4.214970500000000000e+06 7.986640800000000695e+01
             v2_turb_07.0_8564.dat 0.000000000000000000e+00 7.065691400000000399e-01 7.919151399999999740e+03 9.760030800000001818e+02 9.408281299999998737e+00 1.267630100000000093e+05 3.368603600000000733e+04 1.071204500000000962e+03 7.217310800000000199e+03 -1.256457899999999654e+03 -8.441087199999998120e+03 1.388200000000000000e+04 1.267099999999999937e+01 1.726740500000000011e+00 6.453460400000000373e+06 4.556442900000000373e+06 7.988590200000000152e+01
            v2_turb_08.0_15536.dat 0.000000000000000000e+00 8.264000000000000234e-01 1.101652800000000570e+04 1.318010600000000068e+03 1.128220299999999909e+01 1.609871400000000431e+05 2.905983200000000579e+04 8.039579999999999927e+03 9.643945700000000215e+03 -3.002988499999999476e+03 -9.601575600000000122e+03 1.489489999999999964e+04 1.316301200000000193e+01 1.758170900000000314e+00 8.841960200000001118e+06 7.309011200000000186e+06 7.975230700000001605e+01
            v2_turb_08.0_22441.dat 0.000000000000000000e+00 7.995320200000000099e-01 9.929336200000001554e+03 1.221181100000000242e+03 1.182661700000000238e+01 1.519473800000000920e+05 2.568020900000002075e+04 5.923886600000005274e+03 9.358203800000001138e+03 -4.071536899999999605e+03 -1.111278499999999622e+04 1.495070400000000154e+04 1.283231100000000247e+01 1.733370500000000147e+00 8.280260700000000186e+06 6.619780500000000000e+06 7.976070699999999647e+01
            v2_turb_08.0_32293.dat 0.000000000000000000e+00 7.673900000000000166e-01 9.552757700000001932e+03 1.156590099999999893e+03 1.081310100000000141e+01 1.406181700000000128e+05 2.650610199999999895e+04 3.497571400000002086e+03 8.452270400000003065e+03 -2.518954599999996844e+03 -9.559323399999999310e+03 1.467810300000000097e+04 1.314700000000000024e+01 1.751560500000000076e+00 7.624180500000000000e+06 5.854230400000000373e+06 7.977860099999999477e+01
            v2_turb_08.0_41120.dat 0.000000000000000000e+00 8.504820099999998995e-01 1.092750100000000020e+04 1.374472000000000435e+03 1.207080100000000122e+01 1.613352600000000675e+05 2.675500900000002366e+04 5.643515900000004876e+03 1.041320100000000093e+04 -3.762993299999998726e+03 -1.049708099999999649e+04 1.599072800000000643e+04 1.328380700000000125e+01 1.763380399999999959e+00 9.344290000000000000e+06 7.940452200000000186e+06 7.969020200000001353e+01
            v2_turb_08.0_46290.dat 0.000000000000000000e+00 7.749761400000000355e-01 9.736453800000004776e+03 1.156079999999999927e+03 1.196139999999999937e+01 1.373331200000000244e+05 3.343345700000003126e+04 4.489377600000006169e+03 9.266162800000001880e+03 -3.195318699999999808e+03 -9.189818599999998696e+03 1.496621000000000276e+04 1.350600200000000051e+01 1.781700500000000131e+00 7.764030200000000186e+06 6.011880500000000000e+06 7.978972300000000928e+01
            v2_turb_08.0_60415.dat 0.000000000000000000e+00 7.543150100000000080e-01 8.864268100000002960e+03 1.099940800000000081e+03 1.149231600000000242e+01 1.293181000000000204e+05 1.915211400000000140e+04 2.045635600000001205e+03 8.005763400000000729e+03 -3.351178499999999531e+03 -1.025709900000000016e+04 1.491190200000000004e+04 1.248200199999999960e+01 1.709990600000000027e+00 7.364370400000000373e+06 5.555340500000000000e+06 7.977572800000001507e+01
            v2_turb_09.0_26343.dat 8.965178500000002826e-01 9.473560100000000261e-01 1.206361000000000240e+04 1.640700700000000097e+03 1.355311600000000283e+01 1.944050100000000093e+05 2.786320500000000175e+04 6.726741700000004130e+03 1.232680199999999968e+04 -5.207455299999998715e+03 -1.288926199999999153e+04 1.608780600000000049e+04 1.267812600000000600e+01 1.723970800000000025e+00 1.059200000000000000e+07 1.002740000000000000e+07 7.955430099999999527e+01
            v2_turb_09.0_34715.dat 0.000000000000000000e+00 8.339421200000000090e-01 1.101290300000000025e+04 1.339630000000000109e+03 1.307469999999999999e+01 1.594440100000000093e+05 2.583970500000000175e+04 5.307384600000001228e+03 1.014230299999999988e+04 -5.375449799999999414e+03 -1.260177599999999438e+04 1.575864200000000892e+04 1.277261100000000305e+01 1.730891400000000413e+00 9.003620400000000373e+06 7.508291800000000745e+06 7.963530599999999993e+01
             v2_turb_09.0_5751.dat 3.668513600000016667e-05 9.366320000000000201e-01 1.174650300000000061e+04 1.519790199999999913e+03 1.285280400000000078e+01 1.786422100000000210e+05 2.860406500000001324e+04 7.730354800000003706e+03 1.053860200000000077e+04 -4.375096299999999246e+03 -1.124029499999999825e+04 1.528470100000000093e+04 1.290320600000000084e+01 1.739310200000000028e+00 9.372153500000000000e+06 8.773950799999998882e+06 7.960820400000000063e+01
            v2_turb_09.0_59920.dat 6.168519400000007646e-01 9.422590100000000080e-01 1.182850600000000122e+04 1.588780199999999923e+03 1.425771500000000280e+01 1.833580600000000268e+05 2.282911400000002322e+04 8.853695200000007389e+03 1.123940099999999984e+04 -5.420349299999999857e+03 -1.272169399999999951e+04 1.540040800000000127e+04 1.255440699999999943e+01 1.715800500000000062e+00 1.031100100000000000e+07 9.728832900000004098e+06 7.962743100000000140e+01
             v2_turb_09.0_8821.dat 0.000000000000000000e+00 8.569351600000000291e-01 1.138010500000000138e+04 1.420100900000000138e+03 1.272500199999999992e+01 1.686210100000000093e+05 2.453195000000001164e+04 5.805641100000006190e+03 1.052330800000000090e+04 -4.044148299999999836e+03 -1.048639899999999943e+04 1.599850100000000020e+04 1.296960700000000166e+01 1.743751300000000226e+00 9.344290000000000000e+06 8.006400200000000186e+06 7.962020400000000109e+01
             v2_turb_09.0_9468.dat 0.000000000000000000e+00 8.722770900000000882e-01 1.153370000000000073e+04 1.431790400000000091e+03 1.413104100000000862e+01 1.725782500000000291e+05 2.597865000000000873e+04 9.518602200000001176e+03 1.055460400000000118e+04 -4.455553799999998773e+03 -1.086145799999999144e+04 1.583231200000000172e+04 1.307110800000000062e+01 1.748410600000000148e+00 9.344290000000000000e+06 8.154380500000000000e+06 7.963000599999999451e+01
            v2_turb_10.0_13708.dat 5.404150800000000032e+00 9.559450100000000949e-01 1.335630099999999948e+04 1.638591800000000148e+03 1.398630299999999949e+01 1.961331000000000058e+05 1.925671200000000317e+04 1.172067700000005607e+04 1.238770100000000093e+04 -7.383509900000000016e+03 -1.643889099999999962e+04 1.669211700000000201e+04 1.241851100000000230e+01 1.704590300000000225e+00 1.059200000000000000e+07 1.012610000000000000e+07 7.941290199999998833e+01
             v2_turb_10.0_2246.dat 4.629561100000000096e+00 9.532041800000000675e-01 1.362872900000000664e+04 1.636541200000000117e+03 1.503019100000001806e+01 1.998831200000000244e+05 2.518652800000000570e+04 1.259541500000000269e+04 1.230250700000000143e+04 -5.902788599999999860e+03 -1.280409900000000016e+04 1.620730700000000070e+04 1.254490099999999941e+01 1.715820200000000018e+00 1.059200000000000000e+07 1.009930000000000000e+07 7.950200499999999693e+01
            v2_turb_10.0_25797.dat 2.402354800000001234e+00 9.479950099999999713e-01 1.383581000000000131e+04 1.670340199999999868e+03 1.365121400000000307e+01 1.993840400000000081e+05 3.202273900000000867e+04 1.174451100000000224e+04 1.212820300000000134e+04 -5.846838399999999638e+03 -1.204856899999999405e+04 1.612592400000000453e+04 1.278710300000000011e+01 1.730682100000000334e+00 1.059200000000000000e+07 1.003350000000000000e+07 7.946650799999999037e+01
            v2_turb_10.0_25824.dat 5.211260700000000412e+00 9.523430099999999898e-01 1.303789999999999964e+04 1.605350199999999859e+03 1.536581500000000311e+01 1.927320500000000175e+05 2.200614200000002893e+04 8.483379999999999200e+03 1.182080199999999968e+04 -6.480499399999999696e+03 -1.340968999999999869e+04 1.583311800000000403e+04 1.241130000000000067e+01 1.702922400000000502e+00 1.059200000000000000e+07 1.008820000000000000e+07 7.957151400000000763e+01
            v2_turb_10.0_53407.dat 3.405394200000001259e+00 9.536780500000000549e-01 1.321841300000000228e+04 1.672340299999999843e+03 1.423984000000000982e+01 1.992230800000000163e+05 1.995051500000000306e+04 9.474031500000010055e+03 1.210620200000000114e+04 -5.813089100000000144e+03 -1.433208299999999690e+04 1.630220600000000195e+04 1.232471400000000372e+01 1.699570700000000212e+00 1.059200000000000000e+07 1.010410000000000000e+07 7.943360399999998833e+01
             v2_turb_10.0_7055.dat 4.471228300000005262e+00 9.535610199999999814e-01 1.421800700000000143e+04 1.660560700000000224e+03 1.357590600000000158e+01 1.934690199999999895e+05 2.399473300000000745e+04 9.579949700000021039e+03 1.211700400000000081e+04 -5.829639900000000125e+03 -1.164998499999999694e+04 1.638490800000000309e+04 1.340690600000000110e+01 1.771519999999999984e+00 1.059200000000000000e+07 1.010640500000000000e+07 7.956040699999999788e+01
             v2_turb_11.0_1633.dat 6.946558600000002137e+00 9.551730700000000684e-01 1.420361000000000240e+04 1.663730099999999993e+03 1.514494300000000848e+01 2.018270700000000070e+05 2.343680600000000049e+04 1.496294800000000942e+04 1.257770900000000256e+04 -7.715208499999999731e+03 -1.489987899999999536e+04 1.590981000000000131e+04 1.233740300000000190e+01 1.697621600000000175e+00 1.059200000000000000e+07 1.012130100000000000e+07 7.942560500000000445e+01
            v2_turb_11.0_25765.dat 8.891110300000002908e+00 9.567860500000000545e-01 1.344090200000000004e+04 1.657720800000000281e+03 1.581380300000000183e+01 1.965980900000000256e+05 2.101990800000000309e+04 1.027861300000000301e+04 1.253471500000000378e+04 -7.502059799999999996e+03 -1.549039899999999943e+04 1.609710200000000077e+04 1.206602000000000352e+01 1.676290300000000011e+00 1.059200000000000000e+07 1.013580000000000000e+07 7.939471799999999746e+01
            v2_turb_11.0_37345.dat 8.863821400000004402e+00 9.564060100000000286e-01 1.371980600000000049e+04 1.652372400000000425e+03 1.525190399999999968e+01 2.003470300000000279e+05 2.581033100000000559e+04 1.461622100000000501e+04 1.291330400000000009e+04 -8.182697499999999309e+03 -1.434107899999999609e+04 1.589230600000000049e+04 1.153270200000000045e+01 1.629970800000000164e+00 1.059200000000000000e+07 1.013350000000000000e+07 7.940970500000000243e+01
            v2_turb_11.0_41193.dat 7.724707900000003846e+00 9.568832700000000635e-01 1.298990700000000106e+04 1.644520900000000211e+03 1.522711400000000381e+01 1.933640500000000175e+05 2.359200600000000122e+04 8.596001000000000204e+03 1.226460100000000057e+04 -7.254798399999999674e+03 -1.661356799999999203e+04 1.580781200000000172e+04 1.199402000000000434e+01 1.673710500000000101e+00 1.059200000000000000e+07 1.013550200000000000e+07 7.944140700000001232e+01
            v2_turb_11.0_43724.dat 8.056121700000002051e+00 9.572440300000000235e-01 1.356970600000000195e+04 1.608350699999999961e+03 1.508690499999999979e+01 1.907491000000000058e+05 2.105033400000000620e+04 9.069078900000004069e+03 1.239229999999999927e+04 -8.601539300000000367e+03 -1.733677299999999377e+04 1.567625200000001132e+04 1.189090600000000109e+01 1.661680600000000174e+00 1.059200000000000000e+07 1.014100100000000000e+07 7.941200100000000361e+01
            v2_turb_11.0_59287.dat 6.353533000000000541e+00 9.575570600000000709e-01 1.389852800000000570e+04 1.679760099999999966e+03 1.570000700000000116e+01 2.021800000000000000e+05 2.560415400000000955e+04 1.363460800000008385e+04 1.247530400000000009e+04 -7.426918499999997948e+03 -1.498716399999999339e+04 1.639640700000000288e+04 1.277660800000000130e+01 1.726580800000000249e+00 1.059200000000000000e+07 1.014470100000000000e+07 7.942660699999998997e+01
            v2_turb_12.0_23697.dat 8.766710699999999079e+00 9.564650199999999991e-01 1.381200400000000081e+04 1.591930399999999963e+03 1.627479999999999905e+01 1.922590100000000093e+05 2.996070200000000114e+04 1.093964700000000994e+04 1.269230299999999988e+04 -9.829545299999997951e+03 -1.415896899999997368e+04 1.482310800000000199e+04 1.043950099999999992e+01 1.529690100000000053e+00 1.059200000000000000e+07 1.013360100000000000e+07 7.951530999999999949e+01
            v2_turb_12.0_28003.dat 9.713504600000002043e+00 9.617630100000000848e-01 1.396940200000000004e+04 1.674700400000000172e+03 1.671540099999999995e+01 2.017551900000000605e+05 3.181242800000002535e+04 1.426941600000000290e+04 1.280390099999999984e+04 -9.922579900000000634e+03 -1.304259299999999894e+04 1.572200600000000122e+04 1.066820900000000094e+01 1.548231100000000193e+00 1.059200000000000000e+07 1.019070000000000000e+07 7.942930300000000443e+01
            v2_turb_12.0_29989.dat 1.033250900000000172e+01 9.574930900000000467e-01 1.394100300000000061e+04 1.614281900000000178e+03 1.700970500000000030e+01 1.927860800000000163e+05 2.633503600000000733e+04 1.187230099999999948e+04 1.287380299999999988e+04 -9.643167199999999866e+03 -1.358166699999999400e+04 1.514930299999999988e+04 1.052870099999999987e+01 1.538931800000000072e+00 1.059200000000000000e+07 1.014220100000000000e+07 7.948930000000000007e+01
            v2_turb_12.0_40278.dat 1.007610000000000028e+01 9.595650100000000515e-01 1.382090500000000065e+04 1.656680700000000115e+03 1.654620099999999994e+01 2.009040100000000093e+05 2.742660699999999997e+04 1.081052900000000591e+04 1.269800200000000041e+04 -9.959867399999999179e+03 -1.323529399999999805e+04 1.514740200000000004e+04 1.110520400000000052e+01 1.591111100000000222e+00 1.059200000000000000e+07 1.016360000000000000e+07 7.948450400000000116e+01
            v2_turb_12.0_56645.dat 1.098890200000000128e+01 9.582760200000000061e-01 1.382071900000000460e+04 1.620611200000000281e+03 1.638460399999999950e+01 1.960460100000000093e+05 2.312330099999999948e+04 1.180268500000001768e+04 1.261920400000000154e+04 -9.994518099999999322e+03 -1.302749199999999837e+04 1.520640700000000106e+04 1.062660699999999991e+01 1.550170300000000223e+00 1.059200000000000000e+07 1.015070000000000000e+07 7.952980599999999356e+01
             v2_turb_12.0_6007.dat 1.027470199999999956e+01 9.621350100000000127e-01 1.446414000000000851e+04 1.649931100000000242e+03 1.625851800000000580e+01 2.021700599999999977e+05 2.556150400000000081e+04 1.448220400000000154e+04 1.260660000000000036e+04 -7.745057199999999284e+03 -1.325965899999999237e+04 1.531751400000000285e+04 1.160280000000000022e+01 1.637942100000000512e+00 1.059200000000000000e+07 1.019190100000000000e+07 7.949020600000000059e+01
            v2_turb_13.0_24246.dat 1.206790099999999910e+01 9.609890100000000324e-01 1.432800400000000081e+04 1.617760600000000068e+03 1.714690099999999973e+01 1.914990200000000186e+05 2.816821000000000276e+04 1.098033400000002803e+04 1.289940099999999984e+04 -9.879508600000001024e+03 -1.063309499999999935e+04 1.495300200000000041e+04 1.090772400000000530e+01 1.574040100000000164e+00 1.059200000000000000e+07 1.018030100000000000e+07 7.958760700000000554e+01
             v2_turb_13.0_3219.dat 1.160190600000000138e+01 9.593500099999999753e-01 1.393500400000000081e+04 1.298400300000000243e+03 1.763301600000000491e+01 1.548031000000000349e+05 2.989000100000000020e+04 9.660307700000006662e+03 1.264850400000000081e+04 -1.125199899999999980e+04 -1.105998999999999796e+04 1.310790900000000147e+04 7.268651400000000429e+00 1.194020100000000140e+00 1.059200000000000000e+07 1.016450100000000186e+07 7.966250099999999179e+01
            v2_turb_13.0_59662.dat 1.245264200000000798e+01 9.621820599999999502e-01 1.469640300000000025e+04 1.515074700000001030e+03 1.729321300000000150e+01 1.803647000000001281e+05 3.146741800000000512e+04 1.219071300000000338e+04 1.267810100000000057e+04 -1.121299899999999980e+04 -9.223733399999991889e+03 1.323833800000000701e+04 8.250782600000000855e+00 1.304993100000000572e+00 1.059200000000000000e+07 1.019580000000000000e+07 7.968960599999999772e+01
            v2_turb_13.0_63909.dat 1.293200299999999991e+01 9.644360199999999494e-01 1.438940300000000025e+04 1.616911200000000463e+03 1.815190400000000182e+01 1.929171200000000244e+05 2.769763300000000527e+04 1.412491900000000351e+04 1.293870200000000114e+04 -1.040078999999999724e+04 -1.016728299999999581e+04 1.461624000000000888e+04 1.018930099999999861e+01 1.505650200000000050e+00 1.059200000000000000e+07 1.021790000000000000e+07 7.963310299999999131e+01
            v2_turb_13.0_64836.dat 1.138961600000000374e+01 9.626130500000000811e-01 1.394620700000000215e+04 1.609121600000000399e+03 1.766209999999999880e+01 1.905910900000000256e+05 3.022295000000001164e+04 1.115064800000001014e+04 1.269800000000000000e+04 -1.031219299999999930e+04 -1.188387099999999373e+04 1.452520500000000175e+04 9.400638700000001791e+00 1.423962700000000359e+00 1.059200000000000000e+07 1.020080100000000000e+07 7.958820000000000050e+01
             v2_turb_13.0_6610.dat 1.063610700000000087e+01 9.593940099999999083e-01 1.447110100000000057e+04 1.320770400000000109e+03 1.797469999999999857e+01 1.599441800000000512e+05 3.387723700000000827e+04 1.369670400000002155e+04 1.304210000000000036e+04 -1.123699899999999980e+04 -9.555807799999991403e+03 1.343890099999999984e+04 8.042381200000006558e+00 1.280021800000000320e+00 1.059200000000000000e+07 1.016400000000000000e+07 7.962812500000001137e+01
            v2_turb_14.0_17103.dat 1.465860400000000041e+01 9.685032100000000588e-01 1.484230500000000029e+04 1.601460100000000011e+03 2.008841100000000068e+01 1.888180399999999790e+05 3.357563600000000588e+04 1.464753300000000672e+04 1.293550200000000041e+04 -9.939199700000001030e+03 -5.766758199999997487e+03 1.537732600000000457e+04 1.053092200000000389e+01 1.535680300000000109e+00 1.059200000000000000e+07 1.025320100000000186e+07 7.970884300000000167e+01
            v2_turb_14.0_33723.dat 1.277410400000000124e+01 9.593930700000000700e-01 1.380471100000000297e+04 1.458730000000000018e+03 1.858081600000000222e+01 1.723330100000000093e+05 2.934082800000000498e+04 8.975696100000008300e+03 1.290880600000000049e+04 -1.125789999999999964e+04 -8.962832399999997506e+03 1.368180800000000090e+04 8.865023100000001932e+00 1.376860200000000090e+00 1.059200000000000000e+07 1.016220000000000000e+07 7.967593399999999804e+01
            v2_turb_14.0_34311.dat 1.307980800000000166e+01 9.611360199999999798e-01 1.385630199999999968e+04 1.277681400000000167e+03 1.937180900000000250e+01 1.552990300000000279e+05 3.106164700000000812e+04 1.123597000000001390e+04 1.302310100000000057e+04 -1.124170000000000073e+04 -8.131386799999989307e+03 1.297971400000000358e+04 7.624824300000001109e+00 1.234790000000000054e+00 1.059200000000000000e+07 1.018150000000000000e+07 7.971391699999999503e+01
            v2_turb_14.0_46217.dat 1.374399999999999977e+01 9.608541099999999835e-01 1.374410000000000036e+04 1.294570900000000165e+03 1.990520100000000170e+01 1.535933900000000722e+05 2.511565600000000995e+04 9.495912300000005416e+03 1.265740200000000004e+04 -1.125839999999999964e+04 -1.047938199999999597e+04 1.304430099999999948e+04 6.958462700000000112e+00 1.162271000000000054e+00 1.059200000000000000e+07 1.017830400000000000e+07 7.971450900000000672e+01
             v2_turb_14.0_7720.dat 1.488591800000000376e+01 9.622770400000000279e-01 1.426880900000000111e+04 1.247000800000000254e+03 1.907160500000000170e+01 1.577560900000000256e+05 2.959084100000000763e+04 1.333890600000000086e+04 1.275600500000000102e+04 -1.122500000000000000e+04 -8.597057099999999991e+03 1.272661900000000423e+04 7.045754200000001077e+00 1.168183100000000474e+00 1.059200000000000000e+07 1.019340100000000000e+07 7.971020500000000197e+01
             v2_turb_14.0_8754.dat 1.475800199999999940e+01 9.652340500000000656e-01 1.422200000000000000e+04 1.388811400000000276e+03 1.951902000000000115e+01 1.648220500000000175e+05 3.232094300000001022e+04 1.022221600000000399e+04 1.300720000000000073e+04 -1.122879999999999927e+04 -7.070430299999993622e+03 1.323120100000000093e+04 8.180982700000001273e+00 1.296249999999999902e+00 1.059200000000000000e+07 1.022590100000000000e+07 7.962770500000000595e+01
            v2_turb_15.0_10279.dat 1.477121100000000276e+01 9.644010199999999422e-01 1.483600600000000122e+04 1.121400300000000243e+03 2.046473700000000662e+01 1.415822300000000687e+05 3.096403100000002814e+04 1.281922700000000623e+04 1.310010000000000036e+04 -1.119379899999999907e+04 -5.884842199999990953e+03 1.269000200000000041e+04 6.508731700000000231e+00 1.105751200000000267e+00 1.059200000000000000e+07 1.021630000000000000e+07 7.977930500000000791e+01
            v2_turb_15.0_22297.dat 1.528360200000000013e+01 9.672980899999999993e-01 1.500730199999999968e+04 1.232860300000000052e+03 1.992210500000000195e+01 1.521382600000000384e+05 3.190771200000002136e+04 1.661820600000000195e+04 1.315200200000000041e+04 -1.116959799999999996e+04 -4.374446599999987484e+03 1.304439999999999964e+04 6.977886400000000933e+00 1.155900399999999939e+00 1.059200000000000000e+07 1.024580100000000000e+07 7.976020499999999913e+01
            v2_turb_15.0_25148.dat 1.627240000000000109e+01 9.642980100000000387e-01 1.412840099999999984e+04 1.229832800000000361e+03 1.983861300000000227e+01 1.500200700000000070e+05 3.059570100000000093e+04 1.012910300000000097e+04 1.269900100000000020e+04 -1.121089999999999964e+04 -8.216572299999996176e+03 1.233640300000000025e+04 6.589141700000000768e+00 1.114462500000000578e+00 1.059200000000000000e+07 1.021810100000000000e+07 7.979780199999999013e+01
            v2_turb_15.0_33167.dat 1.639140199999999936e+01 9.670760800000000046e-01 1.507770500000000175e+04 1.115951700000000301e+03 2.136112500000000480e+01 1.406490800000000163e+05 3.082463900000000649e+04 1.361317300000003524e+04 1.319700000000000000e+04 -1.116520000000000073e+04 -4.946006999999965046e+03 1.262040700000000106e+04 6.343650100000000513e+00 1.083490099999999901e+00 1.059200000000000000e+07 1.024820000000000000e+07 7.979510000000000502e+01
            v2_turb_15.0_41424.dat 1.491680200000000056e+01 9.701910600000001050e-01 1.499920200000000114e+04 1.226891900000000533e+03 2.062053400000000991e+01 1.568981700000000128e+05 3.622660899999999674e+04 1.263622700000000623e+04 1.315610500000000138e+04 -1.119189999999999964e+04 -5.657443299999998089e+03 1.280760200000000077e+04 7.005210500000000451e+00 1.161180600000000229e+00 1.059200000000000000e+07 1.027730100000000000e+07 7.977331500000001085e+01
            v2_turb_15.0_57600.dat 1.502180000000000071e+01 9.614920000000000133e-01 1.418300600000000122e+04 1.151880400000000009e+03 2.094781400000000460e+01 1.410462200000000594e+05 3.264851300000000265e+04 1.121730700000000070e+04 1.287761300000000301e+04 -1.120710000000000036e+04 -6.417702799999992749e+03 1.227211200000000281e+04 6.283029100000002032e+00 1.091690600000000178e+00 1.059200000000000000e+07 1.018890200000000000e+07 7.977980099999999197e+01
            v2_turb_16.0_19655.dat 1.485670900000000216e+01 9.646240000000000370e-01 1.484311000000000240e+04 1.070519999999999982e+03 2.116170199999999824e+01 1.360470800000000163e+05 3.554521100000000297e+04 9.937737700000008772e+03 1.291571800000000439e+04 -1.117500000000000000e+04 -5.977202299999998104e+03 1.236353600000000733e+04 5.806437400000000970e+00 1.027479999999999949e+00 1.059200000000000000e+07 1.021810000000000000e+07 7.981810500000000275e+01
            v2_turb_16.0_45772.dat 1.761600199999999816e+01 9.724242399999999398e-01 1.545201700000000346e+04 1.064721700000000510e+03 2.300160800000000094e+01 1.350590000000000000e+05 3.614773700000000827e+04 1.493321700000000419e+04 1.309490600000000086e+04 -1.113529899999999907e+04 -3.976549899999979516e+03 1.241300200000000041e+04 5.803215800000003810e+00 1.018560700000000097e+00 1.059200000000000000e+07 1.029550200000000000e+07 7.985831500000000460e+01
            v2_turb_16.0_55975.dat 1.648020100000000099e+01 9.653950000000000031e-01 1.485100100000000020e+04 1.174870100000000093e+03 2.129272000000000276e+01 1.437580900000000256e+05 3.171265200000000914e+04 1.327163700000000790e+04 1.289990200000000004e+04 -1.115729999999999927e+04 -5.057392299999990428e+03 1.267720600000000195e+04 6.432762400000003211e+00 1.091150099999999901e+00 1.059200000000000000e+07 1.022910000000000000e+07 7.984950500000000773e+01
             v2_turb_16.0_5616.dat 1.541080600000000089e+01 9.649920199999999504e-01 1.454491000000000167e+04 1.040310900000000174e+03 2.163581400000000343e+01 1.297710400000000081e+05 3.572154200000000856e+04 1.074930299999999988e+04 1.290229999999999927e+04 -1.118259699999999975e+04 -6.504986599999997452e+03 1.204131200000000172e+04 5.216109100000001497e+00 9.537845800000004370e-01 1.059200000000000000e+07 1.022130000000000000e+07 7.981350700000000131e+01
            v2_turb_16.0_56353.dat 1.604850200000000271e+01 9.665390200000000265e-01 1.454630299999999988e+04 1.059911400000000413e+03 2.184981100000000254e+01 1.317481200000000244e+05 3.451783800000001065e+04 1.235051900000000387e+04 1.295639999999999964e+04 -1.118079999999999927e+04 -4.533426399999989371e+03 1.212670600000000195e+04 5.689636600000000932e+00 1.004061800000000337e+00 1.059200000000000000e+07 1.023870100000000000e+07 7.984800300000000561e+01
             v2_turb_16.0_7031.dat 1.716880500000000254e+01 9.613990399999999825e-01 1.463860700000000179e+04 1.050490099999999984e+03 2.275520799999999966e+01 1.365560000000000000e+05 3.676067100000000937e+04 1.220832200000000375e+04 1.301320100000000093e+04 -1.119420000000000073e+04 -4.005958999999999833e+03 1.213821100000000297e+04 5.497443400000002534e+00 9.829561700000006841e-01 1.059200000000000000e+07 1.018790100000000000e+07 7.984803000000000850e+01
            v2_turb_17.0_20390.dat 1.689370399999999961e+01 9.717030299999999121e-01 1.531200200000000041e+04 1.052450300000000198e+03 2.207831000000000188e+01 1.319151900000000605e+05 3.849693000000000757e+04 1.491545100000001003e+04 1.332400300000000061e+04 -1.110210000000000036e+04 -1.459614699999982577e+03 1.251300700000000143e+04 5.818277800000004163e+00 1.024380099999999905e+00 1.059200000000000000e+07 1.029570000000000000e+07 7.985921999999999343e+01
            v2_turb_17.0_37683.dat 1.752650099999999611e+01 9.674750499999998921e-01 1.488120500000000175e+04 1.023402000000000385e+03 2.250401300000000404e+01 1.266573700000000681e+05 3.145723700000000827e+04 1.299024700000001030e+04 1.329250200000000041e+04 -1.114379999999999927e+04 -1.753893499999994674e+03 1.215201100000000224e+04 5.312268400000001556e+00 9.648159400000001495e-01 1.059200000000000000e+07 1.025330000000000000e+07 7.984550300000000789e+01
            v2_turb_17.0_45521.dat 1.823760000000000048e+01 9.710471800000000098e-01 1.519850700000000143e+04 1.000760400000000118e+03 2.337384500000000642e+01 1.289950600000000268e+05 3.259131900000000314e+04 1.433574900000001071e+04 1.309910200000000077e+04 -1.112400000000000000e+04 -2.478852099999998245e+03 1.222850700000000143e+04 5.283641000000000254e+00 9.568170500000000578e-01 1.059200000000000000e+07 1.029230200000000000e+07 7.993012299999999470e+01
            v2_turb_17.0_49865.dat 1.813090000000000046e+01 9.684510899999999589e-01 1.527270600000000195e+04 1.042872100000000501e+03 2.330960599999999872e+01 1.333470300000000279e+05 3.669844600000001083e+04 1.354863500000000749e+04 1.320250100000000020e+04 -1.113929999999999927e+04 -3.884124699999998938e+03 1.232210800000000199e+04 5.117695700000000514e+00 9.372711000000000237e-01 1.059200000000000000e+07 1.026500100000000000e+07 7.988500500000000670e+01
            v2_turb_17.0_60465.dat 1.788170500000000018e+01 9.645340000000000025e-01 1.405130400000000009e+04 1.024650400000000218e+03 2.261660099999999929e+01 1.308800600000000122e+05 3.232808900000001813e+04 1.095190800000000127e+04 1.268510100000000057e+04 -1.121389899999999943e+04 -5.622145399999994879e+03 1.177321600000000399e+04 5.115902900000000919e+00 9.476624600000004284e-01 1.059200000000000000e+07 1.021850000000000000e+07 7.986070399999998415e+01
             v2_turb_17.0_7334.dat 1.791880800000000562e+01 9.744240800000000258e-01 1.532041000000000167e+04 1.092300300000000107e+03 2.250570800000000204e+01 1.365581600000000326e+05 3.313329800000001705e+04 1.470383800000000701e+04 1.295430099999999948e+04 -1.115989899999999943e+04 -3.942168499999997493e+03 1.202811900000000423e+04 5.661261900000001290e+00 1.009991000000000083e+00 1.059200000000000000e+07 1.032130200000000000e+07 7.991301799999999389e+01
            v2_turb_18.0_25103.dat 1.925010500000000135e+01 9.760591200000000578e-01 1.563330700000000070e+04 9.328065400000001546e+02 2.403870500000000021e+01 1.224830300000000134e+05 3.532380299999999988e+04 1.459855700000001161e+04 1.330870400000000154e+04 -1.111529699999999866e+04 -1.196229399999977431e+03 1.202850100000000020e+04 4.544809300000006047e+00 8.681774500000000172e-01 1.059200000000000000e+07 1.033850100000000000e+07 7.994821600000000217e+01
            v2_turb_18.0_27317.dat 1.971700299999999828e+01 9.764241199999998955e-01 1.574960100000000057e+04 1.035089999999999918e+03 2.520225500000001162e+01 1.323850000000000000e+05 3.367563600000000588e+04 1.348760400000000118e+04 1.325710200000000077e+04 -1.110379899999999907e+04 -1.704379699999995864e+03 1.219021500000000378e+04 4.885482800000001014e+00 9.092976600000007847e-01 1.059200000000000000e+07 1.034220200000000000e+07 7.989490400000001102e+01
            v2_turb_18.0_28016.dat 1.961049999999999827e+01 9.686910799999999266e-01 1.499680500000000029e+04 1.172310700000000224e+03 2.429720200000000219e+01 1.376630700000000070e+05 3.338661700000000565e+04 1.302121300000000338e+04 1.274840700000000106e+04 -1.115869900000000052e+04 -3.111298799999997300e+03 1.196721100000000297e+04 5.852580099999999952e+00 1.032340900000000339e+00 1.059200000000000000e+07 1.026540200000000000e+07 7.992530799999998692e+01
            v2_turb_18.0_34558.dat 1.816670600000000135e+01 9.705610700000000257e-01 1.623126900000001478e+04 9.824050600000000486e+02 2.336041300000000120e+01 1.279961300000000338e+05 4.495164900000000489e+04 1.666896500000001470e+04 1.336450400000000081e+04 -1.108649799999999959e+04 -1.289744199999998727e+03 1.248489999999999964e+04 5.170607700000001472e+00 9.383789200000005604e-01 1.059200000000000000e+07 1.029260200000000000e+07 7.988820200000000682e+01
            v2_turb_18.0_46192.dat 1.881920500000000018e+01 9.709421799999999880e-01 1.531260200000000077e+04 9.466361799999999675e+02 2.413660500000000297e+01 1.237532600000000384e+05 3.501651699999999983e+04 1.349630299999999988e+04 1.319071400000000358e+04 -1.113009799999999996e+04 -1.265646599999997306e+03 1.206991000000000167e+04 4.678784700000001351e+00 8.905565000000000841e-01 1.059200000000000000e+07 1.028870100000000000e+07 7.993000200000000177e+01
             v2_turb_18.0_8966.dat 1.965060700000000082e+01 9.702240199999999648e-01 1.528520700000000215e+04 9.949990800000001627e+02 2.553930700000000087e+01 1.311220299999999988e+05 3.375502800000000570e+04 1.482322800000000643e+04 1.283660100000000057e+04 -1.112529899999999907e+04 -1.959777499999999463e+03 1.209329999999999927e+04 5.282773000000002384e+00 9.595380100000008294e-01 1.059200000000000000e+07 1.028080100000000000e+07 7.994551700000000949e+01
            v2_turb_19.0_17843.dat 2.026109999999999900e+01 9.700140600000001223e-01 1.560700100000000020e+04 9.152030399999999872e+02 2.593190399999999940e+01 1.256620299999999988e+05 3.860282400000000780e+04 1.592840400000000045e+04 1.305100000000000000e+04 -1.111060000000000036e+04 -6.259133799999937082e+02 1.194751100000000224e+04 4.332791900000001917e+00 8.436408500000001087e-01 1.059200000000000000e+07 1.028060000000000000e+07 7.999010800000000643e+01
            v2_turb_19.0_20935.dat 1.994160700000000475e+01 9.759760600000000341e-01 1.597411300000000301e+04 9.636267900000003692e+02 2.523780300000000310e+01 1.281083800000000774e+05 3.973801900000000023e+04 1.588117000000001462e+04 1.361520200000000114e+04 -1.106039799999999923e+04 1.032550000000002001e+03 1.228990099999999984e+04 4.760360000000005698e+00 8.886482500000002505e-01 1.059200000000000000e+07 1.034030000000000000e+07 7.993900199999998790e+01
            v2_turb_19.0_33144.dat 1.980241400000000240e+01 9.706800300000000270e-01 1.609320000000000073e+04 9.019821700000003375e+02 2.467460700000000173e+01 1.234761600000000326e+05 4.083334600000002683e+04 1.704085000000000946e+04 1.332840099999999984e+04 -1.106249899999999980e+04 1.446076500000011492e+03 1.233641700000000310e+04 4.628603600000002594e+00 8.729805800000008942e-01 1.059200000000000000e+07 1.028430200000000186e+07 7.998131200000000263e+01
            v2_turb_19.0_51363.dat 1.998960200000000142e+01 9.700940000000000119e-01 1.551940099999999984e+04 9.422884700000000748e+02 2.469221400000000344e+01 1.240150200000000186e+05 3.789721300000000338e+04 1.731145400000001246e+04 1.339850900000000183e+04 -1.111900000000000000e+04 7.026412600000367092e+01 1.207820200000000114e+04 4.555050299999999552e+00 8.693468900000008714e-01 1.059200000000000000e+07 1.028320000000000000e+07 8.000471500000000447e+01
            v2_turb_19.0_56307.dat 1.947290199999999771e+01 9.722880099999999803e-01 1.557300200000000041e+04 9.783690100000000029e+02 2.467741900000000399e+01 1.273150100000000093e+05 3.694830700000004435e+04 1.376860100000000057e+04 1.333690200000000004e+04 -1.112259900000000016e+04 -1.289819599999997763e+03 1.234610500000000138e+04 4.629328200000001559e+00 8.831890500000000310e-01 1.059200000000000000e+07 1.030200100000000000e+07 7.997010600000000125e+01
            v2_turb_19.0_63447.dat 2.202420199999999895e+01 9.679020300000000798e-01 1.495222600000000602e+04 9.113525500000001784e+02 2.488870500000000163e+01 1.178791700000000419e+05 3.292071499999999651e+04 1.278342000000000371e+04 1.282600100000000020e+04 -1.115370000000000073e+04 -1.438680299999996123e+03 1.171581600000000253e+04 3.850354800000002964e+00 7.903441000000003269e-01 1.059200000000000000e+07 1.025980100000000000e+07 7.998190400000000011e+01
            v2_turb_20.0_20852.dat 2.172690899999999914e+01 9.741840400000001399e-01 1.592510100000000057e+04 9.280101300000001174e+02 2.658301600000000420e+01 1.223580600000000122e+05 3.995462200000000303e+04 1.692342200000000594e+04 1.313570200000000114e+04 -1.106619800000000032e+04 1.115447700000001532e+03 1.191332500000000437e+04 4.355849800000004102e+00 8.421398900000015564e-01 1.059200000000000000e+07 1.031920000000000000e+07 8.000940400000000352e+01
            v2_turb_20.0_25497.dat 2.027149999999999963e+01 9.717400900000000563e-01 1.546330600000000049e+04 8.867152400000003354e+02 2.622064300000000969e+01 1.205061700000000419e+05 4.262964200000002893e+04 1.595145300000001043e+04 1.308190300000000025e+04 -1.109069900000000052e+04 2.090994800000055989e+02 1.164671800000000439e+04 4.092138100000008549e+00 8.214250800000000297e-01 1.059200000000000000e+07 1.029560000000000000e+07 7.998660300000000234e+01
            v2_turb_20.0_29025.dat 2.079820600000000397e+01 9.743980800000000553e-01 1.617082700000000477e+04 9.121171299999999746e+02 2.576230400000000387e+01 1.194842600000000530e+05 3.753081500000000960e+04 1.670840300000000207e+04 1.342800300000000061e+04 -1.107239999999999964e+04 1.409285000000025548e+03 1.218660400000000118e+04 4.018411800000000866e+00 8.074461099999999947e-01 1.059200000000000000e+07 1.032780100000000000e+07 7.997180000000000177e+01
            v2_turb_20.0_43745.dat 2.280853100000000566e+01 9.738950099999998944e-01 1.601340700000000106e+04 9.296134100000001581e+02 2.647401600000000599e+01 1.193731700000000274e+05 3.916804700000000594e+04 1.260781000000000131e+04 1.296700300000000061e+04 -1.110979999999999927e+04 -1.376978799999934324e+02 1.173500200000000041e+04 3.746727400000001484e+00 7.764243600000000356e-01 1.059200000000000000e+07 1.031910100000000000e+07 7.999900800000000345e+01
            v2_turb_20.0_51504.dat 2.262701400000000262e+01 9.805320299999998879e-01 1.721690500000000247e+04 8.879521600000000490e+02 2.769310200000000322e+01 1.202061100000000151e+05 4.300215100000001257e+04 1.592670100000000093e+04 1.359180099999999948e+04 -1.100129999999999927e+04 2.787269800000011855e+03 1.261783600000000661e+04 3.977185000000001303e+00 7.951639600000002250e-01 1.059200000000000000e+07 1.038750100000000000e+07 7.998390500000000713e+01
            v2_turb_20.0_54726.dat 2.092670000000000030e+01 9.757690300000000372e-01 1.558392100000000391e+04 8.918422900000000482e+02 2.640134700000000834e+01 1.178443100000000559e+05 3.855994500000000698e+04 1.211111300000000301e+04 1.289830099999999948e+04 -1.110900000000000000e+04 -1.205011899999994284e+03 1.181300300000000061e+04 3.984397000000001299e+00 8.075957600000005510e-01 1.059200000000000000e+07 1.033850000000000000e+07 8.001480100000000562e+01
            v2_turb_21.0_25181.dat 2.318949999999999889e+01 9.779090500000000574e-01 1.675903000000000611e+04 8.564110899999999447e+02 2.700590500000000205e+01 1.165361200000000244e+05 4.308454700000000594e+04 1.609624300000002950e+04 1.348030099999999948e+04 -1.103219900000000052e+04 2.666431000000024596e+03 1.249091500000000269e+04 3.472110800000002495e+00 7.359426800000000712e-01 1.059200000000000000e+07 1.036100400000000186e+07 8.003643600000000902e+01
             v2_turb_21.0_3963.dat 2.210270099999999616e+01 9.838240600000001113e-01 1.802807000000001426e+04 9.242320300000004636e+02 2.748970399999999970e+01 1.318822000000000407e+05 5.619107800000003772e+04 2.110510900000000038e+04 1.394811500000000342e+04 -1.092109799999999996e+04 4.359322100000003047e+03 1.327460400000000118e+04 4.773685300000003018e+00 8.914917200000005426e-01 1.059200000000000000e+07 1.042400100000000000e+07 8.008350500000000238e+01
            v2_turb_21.0_42162.dat 2.338111400000000373e+01 9.815960099999999633e-01 1.595102300000000469e+04 8.407878800000002002e+02 3.065124300000000801e+01 1.153200200000000041e+05 4.390334600000000501e+04 1.650512500000000364e+04 1.333590500000000065e+04 -1.106550000000000000e+04 1.640165900000007241e+03 1.209260400000000118e+04 3.376172100000000675e+00 7.260655200000000198e-01 1.059200000000000000e+07 1.039590400000000000e+07 8.004890799999999729e+01
             v2_turb_21.0_5160.dat 2.298610000000000042e+01 9.781930200000000797e-01 1.737710900000000038e+04 8.669711600000000544e+02 2.979125400000005186e+01 1.201391000000000349e+05 4.378470300000002317e+04 1.789760800000000017e+04 1.357270600000000195e+04 -1.099000000000000000e+04 4.885646500000011656e+03 1.244880500000000029e+04 3.566136000000001083e+00 7.401672700000000438e-01 1.059200000000000000e+07 1.036970200000000000e+07 7.999860800000000438e+01
            v2_turb_21.0_57341.dat 2.366400300000000101e+01 9.815980899999999787e-01 1.756991600000000471e+04 9.000810400000000300e+02 2.845771500000000387e+01 1.254550600000000268e+05 4.495800699999999779e+04 1.964541200000000390e+04 1.355200400000000081e+04 -1.099819900000000052e+04 5.160409600000042701e+03 1.235122300000000541e+04 4.402103000000002986e+00 8.493250500000000258e-01 1.059200000000000000e+07 1.040140200000000000e+07 8.004191300000000808e+01
            v2_turb_21.0_61500.dat 2.294071800000000039e+01 9.835541899999999949e-01 1.719251500000000306e+04 9.018649900000002617e+02 2.712840200000000124e+01 1.230250500000000029e+05 4.249661800000000221e+04 1.735710599999999977e+04 1.352610500000000138e+04 -1.099449799999999959e+04 3.074738300000014078e+03 1.243570100000000093e+04 3.716124100000000929e+00 7.624789200000001710e-01 1.059200000000000000e+07 1.042320100000000000e+07 8.004819999999999425e+01
            v2_turb_22.0_29503.dat 2.422460199999999730e+01 9.794853200000002147e-01 1.721341900000000533e+04 8.649578600000000961e+02 2.931851000000000340e+01 1.197680100000000093e+05 4.827938500000006024e+04 1.842232100000000355e+04 1.337850600000000122e+04 -1.099579799999999886e+04 4.362668500000007953e+03 1.228860600000000159e+04 3.797127900000001333e+00 7.775180900000000506e-01 1.059200000000000000e+07 1.037940000000000000e+07 8.008020600000000400e+01
            v2_turb_22.0_40013.dat 2.356670200000000293e+01 9.831110299999999969e-01 1.697503800000000774e+04 8.630172700000001669e+02 2.944030700000000067e+01 1.178430000000000000e+05 4.610467300000003161e+04 1.905240700000000288e+04 1.334091700000000310e+04 -1.101379899999999907e+04 3.493505500000007032e+03 1.219401000000000204e+04 3.538464200000000837e+00 7.452088000000003376e-01 1.059200000000000000e+07 1.041310100000000000e+07 8.009311700000000656e+01
            v2_turb_22.0_40231.dat 2.411820000000000164e+01 9.765211599999999992e-01 1.696759999999999854e+04 8.204743500000000722e+02 3.002930299999999875e+01 1.205070500000000175e+05 5.173283400000000984e+04 1.702723000000000684e+04 1.358290200000000004e+04 -1.100700000000000000e+04 3.900811500000026626e+03 1.196141400000000249e+04 3.373209600000002251e+00 7.213255200000007195e-01 1.059200000000000000e+07 1.035540200000000000e+07 8.004850300000001084e+01
            v2_turb_22.0_41304.dat 2.408000300000000138e+01 9.756651100000000021e-01 1.659611200000000099e+04 8.166580400000000282e+02 2.837980800000000059e+01 1.120890599999999977e+05 4.364860099999999511e+04 1.533942900000000554e+04 1.318720300000000134e+04 -1.104759900000000016e+04 2.972780500000014399e+03 1.200952900000000591e+04 3.366353300000002768e+00 7.284901700000010472e-01 1.059200000000000000e+07 1.034010100000000186e+07 8.007299999999999329e+01
            v2_turb_22.0_47014.dat 2.370180099999999968e+01 9.773420400000000230e-01 1.758310800000000017e+04 8.399886000000002468e+02 2.976672100000000398e+01 1.161770099999999948e+05 5.438171900000000460e+04 1.633320200000000114e+04 1.381870600000000195e+04 -1.098789999999999964e+04 4.780852400000020680e+03 1.243820500000000175e+04 3.264550400000002295e+00 7.071584300000003376e-01 1.059200000000000000e+07 1.035680000000000000e+07 8.007680500000000734e+01
            v2_turb_22.0_52742.dat 2.399210100000000168e+01 9.803890099999998942e-01 1.670160800000000017e+04 8.343990999999999758e+02 2.923930700000000016e+01 1.181121400000000285e+05 4.881603700000000390e+04 1.628230700000002253e+04 1.391650400000000081e+04 -1.101379799999999886e+04 4.276369800000012219e+03 1.242450600000000122e+04 3.782888200000001699e+00 7.737937300000005125e-01 1.059200000000000000e+07 1.039060100000000000e+07 8.001600500000000693e+01
            v2_turb_23.0_18883.dat 2.537172700000000347e+01 9.856400399999999395e-01 1.763500800000000163e+04 8.187282399999999143e+02 3.030431800000000564e+01 1.188050199999999895e+05 5.294911500000000524e+04 1.929510800000000017e+04 1.368370200000000114e+04 -1.094389799999999923e+04 5.683131800000016483e+03 1.241401600000000326e+04 3.406792400000008492e+00 7.285869500000008436e-01 1.059200000000000000e+07 1.044990200000000000e+07 8.008601300000000833e+01
            v2_turb_23.0_31026.dat 2.425090300000000099e+01 9.818913700000000411e-01 1.702740300000000207e+04 8.213286700000001019e+02 2.898959999999999937e+01 1.165200400000000081e+05 4.873898400000001857e+04 1.741142200000000594e+04 1.344390099999999984e+04 -1.098619900000000052e+04 4.823146600000013677e+03 1.192051600000000326e+04 3.057645200000000951e+00 6.933396700000001855e-01 1.059200000000000000e+07 1.040220000000000000e+07 8.010060200000000918e+01
            v2_turb_23.0_36127.dat 2.447091200000000200e+01 9.825761800000000212e-01 1.780302500000000509e+04 8.716637700000002269e+02 2.985780100000000203e+01 1.267722000000000407e+05 5.517010300000000279e+04 2.059540900000000329e+04 1.381120700000000215e+04 -1.093970000000000073e+04 5.140505100000003040e+03 1.288943400000000656e+04 3.557220000000001825e+00 7.452981800000010315e-01 1.059200000000000000e+07 1.041910000000000000e+07 8.009051600000000803e+01
            v2_turb_23.0_49683.dat 2.528419999999999845e+01 9.821671200000000601e-01 1.784101600000000326e+04 8.236734600000000910e+02 3.079180200000000056e+01 1.247471300000000338e+05 5.939544400000001042e+04 2.199086600000001272e+04 1.382950300000000061e+04 -1.094249799999999959e+04 6.128833500000007007e+03 1.225891400000000249e+04 3.661655700000005176e+00 7.641302100000001429e-01 1.059200000000000000e+07 1.040770000000000000e+07 8.012470700000001500e+01
            v2_turb_23.0_49834.dat 2.504990300000000403e+01 9.793302200000000290e-01 1.707901100000000224e+04 8.297852800000000570e+02 3.025552900000000989e+01 1.171220900000000256e+05 5.188390100000002712e+04 1.888561500000000160e+04 1.346282700000000477e+04 -1.098919900000000052e+04 4.280672300000003816e+03 1.209090700000000106e+04 3.163082100000000452e+00 6.982309800000001676e-01 1.059200000000000000e+07 1.038250500000000000e+07 8.008481899999999598e+01
            v2_turb_23.0_57680.dat 2.462460400000000149e+01 9.772470300000000165e-01 1.661583300000000600e+04 8.021007800000002135e+02 2.925991600000000048e+01 1.156220100000000093e+05 4.234607600000001548e+04 1.645113400000000547e+04 1.332791400000000249e+04 -1.102710000000000036e+04 3.788703400000003057e+03 1.169133200000000579e+04 2.877442400000002287e+00 6.657214400000001087e-01 1.059200000000000000e+07 1.036370100000000000e+07 8.007571099999999831e+01
            v2_turb_24.0_11244.dat 2.509020900000000154e+01 9.895962500000000661e-01 1.793310599999999977e+04 8.231515000000000555e+02 3.205530800000000369e+01 1.234330500000000029e+05 5.021363100000000122e+04 1.838945500000001266e+04 1.351620100000000093e+04 -1.094939699999999903e+04 4.992128500000014355e+03 1.203480800000000090e+04 2.923095200000003224e+00 6.697281900000000565e-01 1.059200000000000000e+07 1.049350000000000000e+07 8.013860199999999168e+01
            v2_turb_24.0_11250.dat 2.671870299999999787e+01 9.889941200000000876e-01 1.862713700000000608e+04 8.421914800000000696e+02 3.092270399999999952e+01 1.203052600000000384e+05 4.793862099999999919e+04 2.008427900000001682e+04 1.356870700000000215e+04 -1.089019900000000052e+04 5.969672900000000482e+03 1.279201400000000285e+04 3.290535900000007619e+00 7.043218400000009760e-01 1.059200000000000000e+07 1.047410000000000000e+07 8.004840900000000659e+01
              v2_turb_24.0_377.dat 2.698280400000000157e+01 9.903442800000000767e-01 1.816781600000000253e+04 8.148212800000001153e+02 3.129150099999999668e+01 1.214380100000000093e+05 5.023352300000000832e+04 1.908034200000000783e+04 1.343400900000000183e+04 -1.093139899999999943e+04 6.364347100000008140e+03 1.296011500000000342e+04 3.078861200000004406e+00 6.856844300000000114e-01 1.059200000000000000e+07 1.049290400000000000e+07 8.014440200000001369e+01
            v2_turb_24.0_44891.dat 2.634800199999999748e+01 9.876191000000000830e-01 1.869250300000000061e+04 8.320900300000006382e+02 3.189860399999999885e+01 1.249050099999999948e+05 5.003252900000000227e+04 2.297533800000000701e+04 1.354760900000000220e+04 -1.090019800000000032e+04 7.177871000000001914e+03 1.263131900000000314e+04 3.425513900000000778e+00 7.195676900000006482e-01 1.059200000000000000e+07 1.046410100000000000e+07 8.016140599999999949e+01
            v2_turb_24.0_50518.dat 2.820370100000000235e+01 9.817421600000000304e-01 1.782340900000000329e+04 8.174350600000000213e+02 3.255304600000000192e+01 1.173240500000000175e+05 5.137246000000001368e+04 1.692704600000000937e+04 1.339090200000000004e+04 -1.095259399999999914e+04 4.811886800000010226e+03 1.213203700000000754e+04 2.491243700000000505e+00 6.203970500000000055e-01 1.059200000000000000e+07 1.040650100000000000e+07 8.013453400000001636e+01
            v2_turb_24.0_60394.dat 2.595550100000000171e+01 9.840230500000000102e-01 1.839171300000000338e+04 8.270151200000002518e+02 3.214551099999999906e+01 1.214370099999999948e+05 4.829834500000000844e+04 2.100761100000000079e+04 1.394430299999999988e+04 -1.092820000000000073e+04 6.670678100000000995e+03 1.296610400000000118e+04 3.487242300000000572e+00 7.308148700000002274e-01 1.059200000000000000e+07 1.042620300000000000e+07 8.014852799999999888e+01
