Statistics: del10. Generated: 30/11/2021 10:42:25. No. files: 120.
                              File                       4                      10                      11                      13                      15                      17                      18                      20                      21                      25                      26                      27                      61                      64                      70                     100                     108
            v2_turb_05.0_21716.dat nan 1.018996394364131072e-02 2.375098998337698958e+03 2.081666300851218239e+02 3.479063604196856119e+00 8.865908271476544905e+04 3.366180923118339706e+04 9.201911928017851096e+03 2.291956280885243359e+03 1.810148068860362855e+03 7.457914532067835353e+03 1.932284946141772525e+04 7.946300352627394759e+00 8.306232877040721219e-01 1.641439915953617543e+06 9.663865533108791569e+05 5.620021321495656252e+01
            v2_turb_05.0_40322.dat nan 5.029635391419358045e-03 1.636644718563695960e+03 1.340474617809209690e+02 3.305922020122550986e+00 5.559046535247498105e+04 1.996390648968714959e+04 7.452793558207688875e+03 1.615007955332776419e+03 1.378384137948398120e+03 5.569202187859250444e+03 1.896593385886531541e+04 6.025548580822559508e+00 6.503532295220111337e-01 1.282346730761189945e+06 7.553738102616867982e+05 5.625049436956284410e+01
            v2_turb_05.0_43619.dat nan 7.277448221037582064e-03 2.734214042934736881e+03 2.027856002630490480e+02 3.830682626387980072e+00 9.654451829633243324e+04 2.753302627879178181e+04 1.133063055962760700e+04 2.672990590023246568e+03 2.058090404814414342e+03 9.153877913098111094e+03 1.955752837028869908e+04 8.993113119813955336e+00 9.532009771719160973e-01 1.923608130211800802e+06 1.133946360292488709e+06 5.611289624760943440e+01
            v2_turb_05.0_47165.dat nan 5.754598872346794285e-03 1.866829113283922879e+03 1.488885749104611875e+02 3.616282610684485199e+00 9.199883873709029285e+04 2.499058095678950122e+04 9.708811173399180916e+03 1.442992591019831707e+03 1.160774609862804709e+03 7.550602177388626842e+03 1.905490884162736256e+04 8.903103508849705250e+00 9.556098026908881327e-01 1.064768363991858438e+06 6.267821447068861453e+05 5.633612625204369095e+01
            v2_turb_05.0_47952.dat nan 6.226038061785365597e-03 2.609650052698455966e+03 1.808555391490206716e+02 3.367197617246969532e+00 8.053376801189994148e+04 2.399829883965314366e+04 1.046359926134048328e+04 2.105961903359406278e+03 2.165644842546362270e+03 7.828176251972076898e+03 1.907414726743981009e+04 8.057558597012853596e+00 8.390616952493702430e-01 1.991771511294608237e+06 1.171700539443597198e+06 5.607040477249689303e+01
            v2_turb_05.0_50292.dat nan 5.173115421648629038e-03 1.732049545010786233e+03 1.528754090419463409e+02 3.120430703795139760e+00 6.567606223319254059e+04 2.362845943248154435e+04 8.101757570735021545e+03 1.679042097771315866e+03 1.315585236816856877e+03 7.088813171981712912e+03 1.906665514720983629e+04 7.446103562311904511e+00 8.209150227541711642e-01 1.193415446199178929e+06 7.010336821564674610e+05 5.637644424442487434e+01
            v2_turb_06.0_14324.dat nan 8.332582479413002188e-03 2.800605998893394826e+03 1.754406131819307291e+02 3.500235480660556231e+00 7.365564820796118875e+04 3.162001540417219439e+04 9.948112996502095484e+03 2.076940833471761835e+03 2.117559843836053915e+03 7.582928739628264339e+03 1.905277284651618174e+04 8.168872255901659329e+00 8.145296556083267969e-01 1.968101744482314214e+06 1.167028375530988211e+06 5.616514967953246895e+01
            v2_turb_06.0_26862.dat nan 6.936923039318102814e-03 2.747623085551854274e+03 1.882780182556062414e+02 3.870414438728237982e+00 6.745074823106375698e+04 2.772995871148859078e+04 9.057524102419083647e+03 2.726883708380682492e+03 2.393974424867823473e+03 7.625312021211230785e+03 1.915902283397327483e+04 7.888339813407621470e+00 8.075145042424438646e-01 2.220600850733690895e+06 1.302678918543386506e+06 5.633450313011097421e+01
            v2_turb_06.0_47824.dat nan 6.412384917163148519e-03 2.611236176842801342e+03 2.037617352177661019e+02 3.957172520377592040e+00 8.234873157539968088e+04 3.381693509586393338e+04 7.748891342259664270e+03 2.032455220622165143e+03 1.993206258181391377e+03 7.090770873965625469e+03 1.919126584667106363e+04 7.841340177917547116e+00 8.513247998526041194e-01 1.840054470817136811e+06 1.084128395252519520e+06 5.631131693315474962e+01
            v2_turb_06.0_51321.dat nan 2.206171746645224294e-02 3.149388123705573889e+03 2.087346648082410070e+02 4.199120466397458173e+00 9.245000036927503243e+04 3.659118307822730276e+04 1.029152293067454593e+04 2.282920092276745436e+03 2.133385705248776958e+03 8.533944065802503246e+03 1.914645789378352129e+04 8.619178759831058301e+00 8.829662864389900001e-01 1.956462520692095626e+06 1.249137273190228734e+06 5.645056312300239654e+01
            v2_turb_06.0_52263.dat nan 7.181926240907225527e-03 2.469362017991558332e+03 1.528618462956571875e+02 3.602955699334237760e+00 7.820370204027171712e+04 2.369735394769770573e+04 8.083959772260956015e+03 2.049785708103418074e+03 1.932019865571046239e+03 6.595501385291593579e+03 1.931425950032504988e+04 6.788482885434975245e+00 6.991657186168054317e-01 1.791752080133336596e+06 1.058414472120592371e+06 5.647239142570214909e+01
            v2_turb_06.0_55769.dat nan 8.479766194927025602e-03 3.251660209535119975e+03 2.072784907342811493e+02 3.772073878806132097e+00 9.947875841992971255e+04 3.339241734699956578e+04 1.025888492445482370e+04 2.923478595199939264e+03 2.351099729884210319e+03 9.049136128992417071e+03 1.973418072704331280e+04 9.774812282903384997e+00 9.528669187856982914e-01 2.172349830610535108e+06 1.297266549500696827e+06 5.645813595568375121e+01
             v2_turb_07.0_2336.dat nan 1.205857097246472165e-01 5.451312952667347417e+03 4.915503131350079116e+02 4.673114028074817128e+00 1.269200041705653421e+05 4.358764043853039766e+04 1.724297008617938627e+04 4.214788509126096869e+03 4.138038959342479757e+03 1.456734406224484883e+04 2.055914509832223848e+04 1.046774396645898797e+01 1.010936524242507017e+00 3.802269462802337017e+06 3.229710889703990892e+06 5.775949474269224027e+01
            v2_turb_07.0_40743.dat nan 7.624844228175628458e-02 3.463661230070509191e+03 3.079656507743767975e+02 4.096734235291273230e+00 8.854711601936380612e+04 2.871481142781992457e+04 1.082844118595707369e+04 2.745535957133960892e+03 2.337237727039769197e+03 9.122725153123261407e+03 1.973758545192127713e+04 7.690647241361112663e+00 7.529634904653731420e-01 2.147672387746739201e+06 1.742520086433980148e+06 5.739710116648872429e+01
            v2_turb_07.0_45626.dat nan 5.433624505421586620e-02 3.515924706901506397e+03 2.713601426510315378e+02 4.416190125250312626e+00 8.391239771025371738e+04 2.532472099868272926e+04 9.098747413968545516e+03 2.640133854329071255e+03 2.303580224210317738e+03 8.432221382004374391e+03 1.937414864360693173e+04 6.280940769843446070e+00 6.083824636295727117e-01 2.097049813596126623e+06 1.524328724287477555e+06 5.757054135637740444e+01
            v2_turb_07.0_52870.dat nan 6.417373602395388954e-02 3.839520546885094518e+03 3.004022223980755371e+02 4.060126729960977343e+00 6.933533093543806172e+04 3.781151820218215289e+04 1.403962034013413177e+04 2.889506820790948041e+03 2.228570709067221287e+03 1.163208128937827314e+04 1.966239546426757443e+04 9.495271813828582097e+00 9.355945304247765826e-01 2.033622694241942139e+06 1.576653390491145430e+06 5.687843338608027466e+01
            v2_turb_07.0_52899.dat nan 5.909459779436534999e-02 3.841900565051699687e+03 2.994606136760552317e+02 4.113526498839009449e+00 6.648631758546795754e+04 3.882673146152084519e+04 9.723824384753617778e+03 2.856349314601722654e+03 2.562093606395369534e+03 9.397075140854794881e+03 1.972657075833022827e+04 8.572709123368573714e+00 8.583175873067279138e-01 2.342207445154936053e+06 1.687885551303123822e+06 5.708961112473146926e+01
             v2_turb_07.0_8564.dat nan 6.400285786580214853e-02 4.172172687597739241e+03 3.189604916348319534e+02 3.572768770857465803e+00 7.742996679248400324e+04 4.487307808888450381e+04 1.003100997643090886e+04 3.335733153348126052e+03 3.087689481024482575e+03 9.804035408707452007e+03 1.943115801388538603e+04 7.415652837258480012e+00 7.238130046048579791e-01 2.862903067476733122e+06 2.063642833581567276e+06 5.681588739587932224e+01
            v2_turb_08.0_15536.dat nan 1.325612808759885630e-01 5.238532075377146612e+03 4.867938855132908316e+02 4.067437182892276404e+00 9.856032467787411588e+04 3.601311215982296562e+04 1.576162079593839735e+04 4.088710180737186420e+03 3.590726408741713385e+03 1.490805560619135576e+04 2.033340793182147172e+04 8.417670556282928374e+00 8.074279544418436760e-01 3.317869122287782375e+06 3.106975202916717157e+06 5.838918471739918914e+01
            v2_turb_08.0_22441.dat nan 1.164090836516207955e-01 4.331948082657223495e+03 3.973051952350143665e+02 4.284214300549994192e+00 7.461819583294409676e+04 3.109131721721231588e+04 1.317081772718723369e+04 3.011639069800983634e+03 2.704626746320427628e+03 1.238057028817126775e+04 2.028604619787066258e+04 7.417352334308554340e+00 7.090622357718379121e-01 2.479639318346046377e+06 2.396742490682434291e+06 5.821965004458305515e+01
            v2_turb_08.0_32293.dat nan 9.606680073606843617e-02 4.771087672628024848e+03 4.025589855714956684e+02 4.906875863363351797e+00 8.126444111001548299e+04 3.356459507681098330e+04 1.332338395994752318e+04 3.355198696256177755e+03 3.089417743883981984e+03 1.072384267709493361e+04 2.024374937929672524e+04 7.899444962524455605e+00 7.615128498924437217e-01 2.832182981908868067e+06 2.369675248023580760e+06 5.822415440708920897e+01
            v2_turb_08.0_41120.dat nan 1.391349885329729863e-01 4.873383514305281096e+03 4.620052913570164606e+02 4.796377407846988739e+00 8.157912063651236531e+04 3.425195988251293602e+04 1.271023035896578040e+04 3.654485949102734594e+03 3.400278438411428851e+03 1.397056703638900581e+04 2.109907594178085856e+04 8.235900899444072110e+00 7.646598386209998433e-01 3.099623689397469629e+06 3.090867463523351587e+06 5.809698930910007419e+01
            v2_turb_08.0_46290.dat nan 1.080065843826504557e-01 4.823347208713194959e+03 4.040085675434795576e+02 4.667405529458689806e+00 9.061529308586569095e+04 5.022461470048344927e+04 1.296198746088215194e+04 3.863139490228513296e+03 3.037783110541759925e+03 1.232150243386189868e+04 2.084663404387346964e+04 8.840323840013104117e+00 8.227047688128276137e-01 2.797298729473792482e+06 2.444832491306136828e+06 5.799919168258649194e+01
            v2_turb_08.0_60415.dat nan 8.890653373229158440e-02 3.582008674492830778e+03 3.376223672353754637e+02 4.279809879118173122e+00 6.505755563856197841e+04 2.402332206600595600e+04 9.459144674302697240e+03 2.935377983764320106e+03 2.493613837549116852e+03 1.063959508154052128e+04 2.006158651110274150e+04 6.614522606703279628e+00 6.493164018963840656e-01 2.312223545192244463e+06 1.992274241138208890e+06 5.772940052641975228e+01
            v2_turb_09.0_26343.dat 6.278109256969934826e-01 1.747870957062018504e-01 5.106592803283977446e+03 5.726545169644492717e+02 4.985856402325000936e+00 7.964426935019515804e+04 3.008671966199340022e+04 1.451796534830275050e+04 3.711609085265312387e+03 3.403455994394389563e+03 1.498151239630135933e+04 2.114346879078561687e+04 7.213799257375860918e+00 6.685053100407590820e-01 3.073679758219075389e+06 3.669006664781918749e+06 5.971288258024986106e+01
            v2_turb_09.0_34715.dat nan 1.193423629092682375e-01 4.773098964198464273e+03 4.376910717123670338e+02 5.827751415931056833e+00 7.028839097888964170e+04 2.788813051532291138e+04 1.277810212266183771e+04 3.050426944968272437e+03 2.460366280687836479e+03 1.299946956896744268e+04 2.132533035257245501e+04 7.338366302436406308e+00 7.029407071622465475e-01 2.227122884875695221e+06 2.451234225838525686e+06 5.904586374656105363e+01
             v2_turb_09.0_5751.dat 2.259276766161427002e-02 1.785538929502866745e-01 5.191911409728046237e+03 5.461474386777009613e+02 4.755424727698343013e+00 8.233889826636886573e+04 3.866224114156305586e+04 1.385025414004795493e+04 3.652097316397891973e+03 3.325522494923822705e+03 1.542300897648509454e+04 2.062688614954872173e+04 7.579722120112105443e+00 7.221120983655014980e-01 3.069256627629322466e+06 3.456206164053013548e+06 5.931945299435646746e+01
            v2_turb_09.0_59920.dat 5.544877789939535173e-01 1.615975911529234088e-01 4.672951169074949576e+03 5.238651819945897614e+02 4.736452012791927402e+00 7.742126130989550438e+04 2.460377036039823361e+04 1.386675377362982908e+04 3.476375254860721270e+03 3.078193137541880333e+03 1.438909723744844814e+04 2.045172732533001908e+04 6.923516849086872149e+00 6.756035972719399707e-01 2.778332895046371035e+06 3.445383985382183921e+06 5.925087724710214587e+01
             v2_turb_09.0_8821.dat nan 1.426459271815324337e-01 5.130995477169483820e+03 5.124539598562142828e+02 5.166101545284438323e+00 9.769882466682812083e+04 2.489445369782356283e+04 1.379671274894707312e+04 4.021629101331744550e+03 3.288594113293992905e+03 1.547238815741119106e+04 2.134195144135748706e+04 8.046451216350263280e+00 8.054505605061120788e-01 2.989591145423474722e+06 3.054294895067512523e+06 5.920875340479451410e+01
             v2_turb_09.0_9468.dat nan 1.534552292561252862e-01 5.109707519301497086e+03 4.931163218124115701e+02 5.266337521516955000e+00 8.403446093112298695e+04 3.083414929882780416e+04 1.523819686914415615e+04 3.730360500344334014e+03 3.292615006890085169e+03 1.591425340411873367e+04 2.111147247119915119e+04 7.958837627818781790e+00 7.802821526616385839e-01 2.972546847992800642e+06 3.161839865714814514e+06 5.898453170028699333e+01
            v2_turb_10.0_13708.dat 3.136486101448775710e+00 1.284535852614038798e-01 5.587605254287901516e+03 4.927209692946358928e+02 5.220868261408242006e+00 7.436110400589618075e+04 1.474415887813479640e+04 1.861079363039767122e+04 3.547029667493346551e+03 2.426877911160561780e+03 1.598373573695172126e+04 2.193295742471316044e+04 7.111827561762730454e+00 7.044107829742701776e-01 2.134516315567100886e+06 2.911767744320530910e+06 6.099685606424425544e+01
             v2_turb_10.0_2246.dat 2.811535849499909645e+00 1.626417292271469806e-01 5.992819462706545892e+03 5.470788922667799170e+02 6.097076969827135429e+00 8.566482902381522581e+04 1.978624134095427144e+04 1.807917350409197024e+04 3.782096664362419688e+03 3.075256534027438647e+03 1.836895754029169620e+04 2.178987340924441378e+04 7.547411843865633685e+00 7.544111789896307263e-01 2.724949517510189675e+06 3.505109459420264233e+06 5.993758031487221416e+01
            v2_turb_10.0_25797.dat 1.473972375228706833e+00 1.639340755428639607e-01 6.377824257491916796e+03 5.758903704304206030e+02 5.534573420650357178e+00 8.897548298137869278e+04 3.255564896501222393e+04 1.886744430716326679e+04 4.060297445785071432e+03 3.117209882724387171e+03 1.748345687222341439e+04 2.147104657267410948e+04 8.848999333242312915e+00 8.576956550602853335e-01 2.772618598966662772e+06 3.518251001950039528e+06 6.082879846670337542e+01
            v2_turb_10.0_25824.dat 3.081986042168551876e+00 1.458294124257260016e-01 5.640835170531118820e+03 5.090850759537166255e+02 6.091423516851517839e+00 7.721337413041330001e+04 1.943869453281567257e+04 1.442931994703695091e+04 3.318969735329591458e+03 2.731267882854120217e+03 1.515835607402889218e+04 2.128204213141813671e+04 7.570323275873704461e+00 7.745858035236691252e-01 2.424506001118218526e+06 3.189240169400751125e+06 6.011699880780491867e+01
            v2_turb_10.0_53407.dat 2.215977614384275096e+00 1.583040589764865280e-01 6.171146974189892717e+03 5.320948434205912463e+02 5.596915748412538250e+00 8.627116480532191053e+04 1.639720874394636121e+04 1.622787694950426703e+04 3.658388845138033503e+03 2.917653171562700663e+03 1.574796979321674917e+04 2.115419801992885186e+04 7.778595007118538796e+00 7.951516589018575720e-01 2.597547388273403049e+06 3.319679804916244000e+06 6.114827458435258478e+01
             v2_turb_10.0_7055.dat 2.569266847821456423e+00 1.670550341031905306e-01 7.039826098840122540e+03 6.229257030108097979e+02 5.160957467946702515e+00 9.609161307991981448e+04 2.478901553667502958e+04 2.117503315582984214e+04 3.891393829907075542e+03 3.132682133956609050e+03 1.819014040490528714e+04 2.187181770850994144e+04 9.504042094467992641e+00 8.984308916515989507e-01 2.750138581582743209e+06 3.543140272747494280e+06 6.031393083595729365e+01
             v2_turb_11.0_1633.dat 3.842913099771813279e+00 1.209054522952313776e-01 6.320562153331952686e+03 4.887791250266797078e+02 5.544982461972100651e+00 7.334553889184900618e+04 1.611434907510051562e+04 2.090998312312991766e+04 3.165253286335117082e+03 2.253823249686211057e+03 1.835405695808061500e+04 2.179417778097776318e+04 8.213426230902353353e+00 8.478550386759191593e-01 1.918104031200857367e+06 2.711063510726310778e+06 6.091540359100188340e+01
            v2_turb_11.0_25765.dat 5.061856059772093630e+00 1.196029719751319775e-01 5.053111026849567679e+03 4.852177597447056883e+02 5.773892746195701697e+00 6.316059630884939543e+04 1.490408664082632640e+04 1.623659140663879043e+04 3.114911736191439104e+03 2.234047273430353471e+03 1.587776329858167810e+04 2.138583637723837455e+04 7.266258662772667520e+00 7.485946727040750925e-01 1.922606397523189429e+06 2.670273321299039293e+06 6.103846867258895514e+01
            v2_turb_11.0_37345.dat 4.997831663058217799e+00 1.045842634559125961e-01 5.117557693807989381e+03 4.877993264253518646e+02 5.159959586442437462e+00 6.825700736548606073e+04 2.006469398507516235e+04 1.969729145273975519e+04 3.174958891861258053e+03 1.917803511584854505e+03 1.854692324120171907e+04 2.158680471340241638e+04 7.997011052579373391e+00 8.395145240231776107e-01 1.612631790820145048e+06 2.319737577972355299e+06 6.107623688574434340e+01
            v2_turb_11.0_41193.dat 3.964858303861735322e+00 1.280500933275529329e-01 4.841188554173804732e+03 4.434923182913384494e+02 5.203470276347723633e+00 6.746591974739171565e+04 2.005836471720843838e+04 1.397007728780042271e+04 3.235249423267845486e+03 2.327935932101217986e+03 1.340645707100141772e+04 2.105395786493155538e+04 7.008630524173949716e+00 7.001847170628895389e-01 2.076498533337769797e+06 2.854160471977184527e+06 6.060528591599000947e+01
            v2_turb_11.0_43724.dat 4.582508052601199644e+00 9.543651867511657172e-02 4.586426920022568993e+03 4.514500073916049132e+02 5.206659661077423173e+00 5.768577863002420781e+04 1.446415491005740296e+04 1.563344346083243727e+04 2.474558057143548467e+03 1.658271108486288085e+03 1.406899758953275341e+04 2.081535172575454999e+04 7.031050486190061122e+00 7.168685987689533690e-01 1.437791189618611010e+06 2.124598420162289403e+06 6.106231543046479260e+01
            v2_turb_11.0_59287.dat 3.600976708033025275e+00 1.319872811310177918e-01 5.990457862204447338e+03 5.102481425681082783e+02 5.657696157050727592e+00 7.678377443126738945e+04 1.990620696317454713e+04 2.006697021563187081e+04 3.701460538854413244e+03 2.478070553165410274e+03 1.722044954277331635e+04 2.182016131390097871e+04 8.661001536228827291e+00 8.614005835911966447e-01 2.113224357040859759e+06 2.926604583236143924e+06 6.105906241621531194e+01
            v2_turb_12.0_23697.dat 4.782190667265316719e+00 6.623121384075512930e-02 4.395912966023935041e+03 4.649948956616686360e+02 5.500103764450182453e+00 6.203709949910331488e+04 2.289818474042271191e+04 1.738408584734264514e+04 2.189534903761093574e+03 1.037587658088058788e+03 1.628055104824943010e+04 2.070772628537735000e+04 7.258054987252494428e+00 7.966459314673414172e-01 8.214369367319979938e+05 1.364740428517773747e+06 6.082083606950230603e+01
            v2_turb_12.0_28003.dat 4.976025143004909168e+00 4.600409834470654130e-02 5.241715201396054908e+03 5.185972143817763254e+02 6.098134765446475036e+00 7.310907375861960463e+04 2.672566098436779430e+04 2.149366462477975074e+04 2.655212648393096970e+03 1.094978807689986070e+03 1.740299377756932881e+04 2.130827052592349355e+04 7.932043770982251552e+00 8.392908056708366926e-01 7.611543779325053329e+05 1.111239367292316863e+06 6.134298816495898166e+01
            v2_turb_12.0_29989.dat 5.531454166539767847e+00 7.029547863125147622e-02 4.843210005641922180e+03 5.154448055828576116e+02 5.727468419820711532e+00 6.541112075605193968e+04 1.996954118722440398e+04 1.754672580276619919e+04 2.484925018805430682e+03 1.186401730068144616e+03 1.745723525372721997e+04 2.119024781078721207e+04 7.119888234515839187e+00 7.676951385449350962e-01 9.372724290157697396e+05 1.506437924698523013e+06 6.053443865651762934e+01
            v2_turb_12.0_40278.dat 5.231705036835466949e+00 6.135870733798163418e-02 4.796662065599499329e+03 4.979788272099683581e+02 5.542426868964303033e+00 6.878143843528386788e+04 2.351401194636015498e+04 1.801901470092794625e+04 2.177597021866147770e+03 9.469731748799005118e+02 1.571346135678609426e+04 2.088624785418897955e+04 7.419468500886632789e+00 7.777288122952632499e-01 6.907498273054405581e+05 1.215064845764345722e+06 6.104699551769088828e+01
            v2_turb_12.0_56645.dat 5.888344122079514520e+00 3.896498050291901522e-02 4.809237971533500058e+03 5.396379328140429834e+02 5.740585248984156230e+00 6.746552033970966295e+04 1.523316142671093621e+04 1.618924744653491689e+04 1.777206143224500465e+03 9.224772813594282752e+02 1.662487039272037146e+04 2.095760227496024527e+04 6.658550244162474208e+00 7.268233619438323467e-01 6.623118604501471855e+05 9.878371758454373339e+05 6.055806250228340559e+01
             v2_turb_12.0_6007.dat 5.480873560911014408e+00 1.201291811334215115e-01 6.312929630912950415e+03 5.534076234471385760e+02 6.555768163395730319e+00 8.044098865474008198e+04 1.870980075914220288e+04 1.979154833763851639e+04 2.881046973682063253e+03 2.137746749918539990e+03 1.779970973310375120e+04 2.102290494201251568e+04 7.739426972824756668e+00 8.107666019724518724e-01 1.859889401039624121e+06 2.665248521670039278e+06 6.057779258096451258e+01
            v2_turb_13.0_24246.dat 6.308079835001786151e+00 6.943585639419848354e-02 5.335715262818687734e+03 5.685361018061545337e+02 6.050618123367034862e+00 7.741053027740714606e+04 2.372469031940220520e+04 1.939625634672014712e+04 2.520112994289738708e+03 1.068442195659041317e+03 1.810063816783955554e+04 2.107905662845195911e+04 7.890769479982520096e+00 8.621061895920173468e-01 8.234878063771729358e+05 1.419004643923532683e+06 6.032716796877819121e+01
             v2_turb_13.0_3219.dat 3.983541837825745890e+00 2.419690003349206017e-02 4.480716480175845390e+03 3.850978711358526425e+02 6.150798903158821496e+00 5.533664223444560048e+04 2.746266953070003001e+04 1.683716799614752017e+04 1.761797029081031724e+03 2.843261978085871533e+02 1.608447885597751883e+04 2.072152913967666973e+04 6.004616802220200888e+00 6.638715772430083817e-01 nan 2.641080227989418199e+05 6.009042236518679658e+01
            v2_turb_13.0_59662.dat 6.219028052984001853e+00 2.869210738078633444e-02 5.507846237565998308e+03 6.206320312808244353e+02 6.186727402902032935e+00 7.942470996330515482e+04 2.818280788989439316e+04 2.107440362229363382e+04 1.977777953564342397e+03 3.507863459857637167e+02 1.769371350115255700e+04 2.079270354496241634e+04 7.776865941977445296e+00 8.439836083449013815e-01 nan 3.144498748821754707e+05 5.993900886401482353e+01
            v2_turb_13.0_63909.dat 7.128739963645267075e+00 3.015147899267490647e-02 4.969824544424223859e+03 6.330599806561593823e+02 6.722827368807951842e+00 7.977729769402714737e+04 2.064922696049362639e+04 2.295377235702905818e+04 2.287993095867743250e+03 9.587411666239233909e+02 2.028074034998986826e+04 2.116344461966704330e+04 8.396709183437240043e+00 9.211379806827599825e-01 6.666791331850334536e+05 8.638486495450503426e+05 6.027750383017371405e+01
            v2_turb_13.0_64836.dat 6.548295260993512557e+00 2.451482240620090833e-02 4.581816203569516802e+03 5.824620134623691001e+02 6.345994377932614228e+00 7.694770760646539566e+04 2.543651216537336586e+04 1.687724728750035501e+04 1.894379314423450296e+03 8.727988612578211587e+02 1.691138449279722772e+04 2.082165052361558992e+04 7.537690783657932769e+00 8.223151235108739909e-01 6.714566616419812199e+05 8.164959309427787084e+05 6.025012363590502673e+01
             v2_turb_13.0_6610.dat 4.061745250367953197e+00 2.377498430557982781e-02 5.689071124199584119e+03 4.691499588180827232e+02 6.512783925419753928e+00 6.494943907110924920e+04 3.246182134276489887e+04 2.218384816797495296e+04 2.428084895881312605e+03 3.062783299677388982e+02 1.817822033832703528e+04 2.098896521917303835e+04 7.344004547010325901e+00 8.169121854926817416e-01 nan 2.650605561339748092e+05 6.013230328852584705e+01
            v2_turb_14.0_17103.dat 7.585683851644635212e+00 6.667796742640709484e-02 6.089223998732602013e+03 6.479180192002485228e+02 6.903714894016121484e+00 8.259458655463700416e+04 2.923458868069880555e+04 2.188573872639419642e+04 2.291832617045629377e+03 1.034278900187534873e+03 2.279075715930113074e+04 2.154466721103576492e+04 9.460000860339089712e+00 1.020912471325429394e+00 6.581279934887987329e+05 1.286450821846510749e+06 5.967836993123022182e+01
            v2_turb_14.0_33723.dat 5.908882404182840276e+00 2.102749581876627027e-02 4.198481141824816405e+03 4.527801987192814295e+02 6.835100707473474202e+00 6.566182720069556672e+04 2.316922338282260898e+04 1.509125086848223145e+04 1.876179276219442045e+03 2.830762789301662679e+02 1.798564660340610499e+04 2.049709430231576334e+04 7.045610964934694742e+00 7.801916997458298031e-01 nan 2.343148692546650418e+05 5.998479483928872469e+01
            v2_turb_14.0_34311.dat 4.663430724527242610e+00 2.572140977546250387e-02 4.485295691781877395e+03 4.117004962820024616e+02 7.447029225222325799e+00 6.235066133670211275e+04 2.578498314558373750e+04 1.825480317427324553e+04 2.280495698589949825e+03 3.383493327831006923e+02 1.780088796933480262e+04 2.071105259543885040e+04 7.194089867144341177e+00 8.113627355864162505e-01 nan 2.863952136648730957e+05 5.970437440979305421e+01
            v2_turb_14.0_46217.dat 4.908647886565536744e+00 2.398713643227661299e-02 4.131539722755805087e+03 3.565235389910466779e+02 6.887859463483625433e+00 4.915518502698295197e+04 1.644700137140646984e+04 1.496021021498716982e+04 1.565319780863462029e+03 2.609780935355852307e+02 1.550751084965385962e+04 2.064131977408700914e+04 6.115567019160955020e+00 6.980210864324720710e-01 nan 2.646373259614061099e+05 5.977575787415684516e+01
             v2_turb_14.0_7720.dat 5.573901957720518219e+00 2.687408632028335034e-02 5.092301393973192717e+03 4.414872445666565568e+02 6.326291956115852599e+00 6.233525288930480747e+04 2.346229364262670060e+04 2.070159592004443402e+04 1.888978687791930724e+03 3.772906482237883665e+02 1.814496611189842588e+04 2.068148327828102629e+04 7.614592108440737306e+00 8.590257126807698818e-01 nan 2.979658449434703798e+05 5.947050362099123078e+01
             v2_turb_14.0_8754.dat 6.377070554582540574e+00 2.959892046061925186e-02 5.168300476521141718e+03 5.109637239011609040e+02 7.009167191088138793e+00 7.313300695823640854e+04 3.171001929682131595e+04 1.862305115514249701e+04 1.867796799590392084e+03 3.485744626851115981e+02 1.894925130809927941e+04 2.098344344288485081e+04 7.308410599305963373e+00 8.368546488142254436e-01 nan 3.257831193742025062e+05 5.990490991966940726e+01
            v2_turb_15.0_10279.dat 4.120768564030529824e+00 3.480026353026082625e-02 6.537663080566023382e+03 4.523188004381517544e+02 7.594127830608821128e+00 6.456668594058031886e+04 2.507340454691411651e+04 2.017347378909004328e+04 2.344621578933316869e+03 4.019803985200016427e+02 1.935311888704341618e+04 2.113598984198186736e+04 7.323859234559498610e+00 8.330896554165722057e-01 nan 3.765231374870209838e+05 5.909721212554914160e+01
            v2_turb_15.0_22297.dat 5.172781134959042681e+00 3.625852932029371284e-02 6.200374260560344737e+03 4.515612305787828973e+02 7.546046789008109990e+00 7.127040121327615634e+04 2.379367590713874233e+04 2.601238653031782451e+04 2.253382674255840811e+03 4.540906359194956963e+02 2.152628465857999618e+04 2.134103372692729681e+04 8.056175700818856811e+00 9.090509795109767976e-01 nan 4.070691016185122426e+05 5.931925634113341772e+01
            v2_turb_15.0_25148.dat 6.088010889195419217e+00 2.853015426346616756e-02 4.929013825776260092e+03 4.274888304605219673e+02 6.612183925872540335e+00 5.869956847733796894e+04 2.593088564238811523e+04 1.736681132769546093e+04 1.789043021730484725e+03 3.818665146418383642e+02 1.589053040655209406e+04 2.053752239782889228e+04 6.541268983673953485e+00 7.530089386240540472e-01 nan 3.138700130410863785e+05 5.908584566504163860e+01
            v2_turb_15.0_33167.dat 4.413636418285522112e+00 3.766242422750137181e-02 6.258348281442459665e+03 3.908242382672809754e+02 7.407543925462725554e+00 6.690976783430165960e+04 2.706573992305634965e+04 2.364991929838398210e+04 2.440277930170581840e+03 4.987853038991012795e+02 2.034302608820480600e+04 2.108855903851820403e+04 7.290816457317815136e+00 8.213645934359522505e-01 nan 4.096138212525045383e+05 5.922957839621340526e+01
            v2_turb_15.0_41424.dat 5.147922417892001334e+00 3.230530682527509023e-02 6.358385380163269474e+03 4.532000820457624854e+02 7.338404869058694935e+00 7.300514014776280965e+04 3.490798975712277752e+04 2.266097522756033504e+04 2.330041148280799916e+03 4.207042816508695751e+02 2.001999893974845691e+04 2.101735084404769077e+04 7.532426462094142572e+00 8.518054261486646128e-01 nan 3.619813954218775616e+05 5.935849783022288761e+01
            v2_turb_15.0_57600.dat 4.893293609495914076e+00 2.743827060452406694e-02 5.508910508754679540e+03 3.921589116833163757e+02 7.614457834328652197e+00 6.225215661874535726e+04 3.010044654522803830e+04 2.007215078695269040e+04 1.780328769422971845e+03 3.655254939795348719e+02 1.849697367426372148e+04 2.060976402921364570e+04 6.434225953163978495e+00 7.325048646977129208e-01 nan 3.019186532310071634e+05 5.907290119199681300e+01
            v2_turb_16.0_19655.dat 3.925581054576699813e+00 3.439384535877151872e-02 5.650075827248047972e+03 3.710893298299648677e+02 7.605976459705781956e+00 5.988894391745079338e+04 3.292779834430098708e+04 1.916008863655429741e+04 2.127701731433202895e+03 4.766448176363716129e+02 1.705787000004231595e+04 2.095589592944055039e+04 7.159443236887664597e+00 8.174709147224139549e-01 nan 3.749067635585458484e+05 5.909128291911547137e+01
            v2_turb_16.0_45772.dat 4.925471530503287454e+00 4.217140553695022942e-02 7.572379431309697793e+03 4.984472577093041537e+02 7.879779637419791705e+00 6.230273926452379965e+04 3.012235111624048295e+04 2.188340078455531329e+04 2.431007823429220934e+03 5.218259048689285464e+02 2.124218343489784093e+04 2.110129157687131374e+04 7.213339237559271311e+00 8.090268088995014040e-01 nan 4.635598811749179149e+05 5.871223096473586622e+01
            v2_turb_16.0_55975.dat 5.504291119453738723e+00 3.668038886907149659e-02 6.054206435133499326e+03 4.490898297934252810e+02 6.819247148304969031e+00 6.708877191775779647e+04 2.624555455862309100e+04 2.322079113528970629e+04 2.238047839568526342e+03 4.806871114051755285e+02 1.876828562137615518e+04 2.123319837346247004e+04 7.718434608179445711e+00 8.714912168340246401e-01 nan 4.089382626280621043e+05 5.903518283854881332e+01
             v2_turb_16.0_5616.dat 3.867917611304063197e+00 2.891225054966284000e-02 5.373773078340668690e+03 3.413839773420977508e+02 7.358287700502218698e+00 5.197026516503073799e+04 3.023681266775880431e+04 1.873469494548271177e+04 2.075130693005386547e+03 4.313212450862619676e+02 1.713487035305920654e+04 2.062966926015101126e+04 6.488324789486282995e+00 7.450787547548273215e-01 nan 3.118857117546224035e+05 5.885788064229741678e+01
            v2_turb_16.0_56353.dat 4.061151713469293156e+00 3.508462137736426123e-02 5.945641684406075001e+03 3.857520239758929392e+02 6.938825462472898664e+00 5.501673483354621567e+04 3.066888441022186089e+04 1.904973462611953801e+04 2.150160193974502363e+03 4.468235205642748724e+02 1.815080680582790956e+04 2.073831762291467749e+04 7.100943938870576844e+00 8.296402477268862707e-01 nan 3.819097288167708321e+05 5.899348182823133158e+01
             v2_turb_16.0_7031.dat 4.681718419428121614e+00 2.638027734129178015e-02 5.751058823185738220e+03 3.595684865434654967e+02 7.535984695180403037e+00 5.467565855480723258e+04 3.299629496225444746e+04 1.810502087214817584e+04 2.284253333388105148e+03 4.178024517969293470e+02 1.953165077517574173e+04 2.075560865465287134e+04 6.708614415558961319e+00 7.836353303712667584e-01 nan 2.954646360842215945e+05 5.874019642679218833e+01
            v2_turb_17.0_20390.dat 5.106460238351107073e+00 4.045141692300100594e-02 7.219728211713664678e+03 4.066210692358962433e+02 8.924827267494480409e+00 6.279659166406287113e+04 3.697047978378423431e+04 2.438036240988824284e+04 2.775006541160872075e+03 5.861075801002950811e+02 2.255771907607539470e+04 2.174710416096040717e+04 7.720836306963860807e+00 8.856566800507723602e-01 nan 4.512513173251279513e+05 5.868827971080037997e+01
            v2_turb_17.0_37683.dat 5.044718861079019234e+00 3.427861788276299199e-02 6.224088329317861280e+03 3.751351875601855568e+02 7.130541794067285721e+00 5.907162501687496115e+04 2.438774945484333875e+04 1.986067232278109441e+04 2.340867757411674575e+03 5.856398376527362188e+02 2.050515526478411994e+04 2.096976620970380827e+04 7.057711516464851620e+00 8.133913018910351456e-01 nan 3.739337475065612234e+05 5.843912680893230061e+01
            v2_turb_17.0_45521.dat 4.326849634513109777e+00 4.469388529520772202e-02 6.938203129161965990e+03 3.874379248723778915e+02 8.599188364020223574e+00 5.803423604771812097e+04 2.837251687101423886e+04 2.282346215507319721e+04 2.240586976307738041e+03 5.441495273321446575e+02 2.115155475531138654e+04 2.119147705294875050e+04 7.551295429686579297e+00 8.662265911859737821e-01 nan 4.842679548610117054e+05 5.833494527654823258e+01
            v2_turb_17.0_49865.dat 4.612511591866729432e+00 3.655816371397258013e-02 6.846482306675378823e+03 3.941606289513803176e+02 8.142698600268053255e+00 7.090839810296705400e+04 3.416915047160568065e+04 2.091589831013896401e+04 2.190009676585939360e+03 5.248044860579849455e+02 1.980637152772483751e+04 2.128716449918826402e+04 7.177075081449295624e+00 8.143998480062749623e-01 nan 4.058360700245589251e+05 5.880818542956242112e+01
            v2_turb_17.0_60465.dat 5.229082437578427722e+00 2.611937063326751768e-02 5.131057780382640885e+03 3.258897747541352601e+02 6.605139608893570546e+00 5.344356399015551870e+04 2.483015194709733987e+04 1.703689326499330127e+04 1.910335121361244774e+03 3.517699813644655364e+02 1.642626746098591320e+04 2.015091685546657027e+04 5.892747579408878167e+00 6.816247686343138712e-01 nan 2.924020962970719556e+05 5.867823120433776296e+01
             v2_turb_17.0_7334.dat 5.357438376306631334e+00 4.063821454834257163e-02 6.770424138049513203e+03 4.061735169432567432e+02 7.578916980223713296e+00 6.106424713999431697e+04 2.975677897941483025e+04 2.387070073360688548e+04 2.257337625544472303e+03 4.829224335161612771e+02 1.921003419570880214e+04 2.096682205591222373e+04 7.110289768352343387e+00 8.008864135141557927e-01 nan 4.372047753137635882e+05 5.872014973461225651e+01
            v2_turb_18.0_25103.dat 3.689452706782258673e+00 4.406074791971888172e-02 7.917012194969686789e+03 4.068831778301628788e+02 8.180221042770986273e+00 5.811368126264491730e+04 2.796977936965463232e+04 2.285147817578776448e+04 2.487616700564398343e+03 5.777161353895717184e+02 2.223406745817998672e+04 2.126867544196192830e+04 7.501928476632314435e+00 8.620253824379738861e-01 nan 4.760353410326041630e+05 5.806877693950572450e+01
            v2_turb_18.0_27317.dat 5.409663959583065562e+00 4.584359113786485446e-02 7.683024839369453730e+03 4.540278469976460656e+02 9.794032411750922762e+00 6.778385468255360320e+04 2.720279918345453189e+04 2.315536235417476200e+04 2.389801366388587212e+03 5.914754565569186298e+02 2.129697162042936907e+04 2.144596716379533609e+04 7.303450459139205542e+00 8.358656497283085685e-01 nan 5.001115024189309333e+05 5.828125594837396051e+01
            v2_turb_18.0_28016.dat 7.227937860129971526e+00 3.965289588547163402e-02 6.571523598349966051e+03 4.640037550717316321e+02 8.540421790928737877e+00 6.042160639100050321e+04 2.842020650415095952e+04 1.909595687083672601e+04 1.876485791587026370e+03 4.874875343224489370e+02 1.875393904737716002e+04 2.077129631444849656e+04 7.499047637938053512e+00 8.660139405312125005e-01 nan 4.337261408997044200e+05 5.817184907780654157e+01
            v2_turb_18.0_34558.dat 4.195803220690640600e+00 4.133998293904484617e-02 8.024411760854374734e+03 4.340708595953237818e+02 8.182925738767186985e+00 6.814219955390458927e+04 4.670899158948550757e+04 2.546479113162017165e+04 2.830984712225959356e+03 6.424326193424516305e+02 2.297461519190217223e+04 2.171677274736649633e+04 8.260217187217659074e+00 9.353713415542268539e-01 nan 4.654788943734389031e+05 5.820121251374842331e+01
            v2_turb_18.0_46192.dat 4.347656838030029114e+00 4.282208318423803839e-02 6.939538087206208729e+03 3.529114638411088549e+02 8.431497225853339827e+00 6.222795670286193490e+04 2.906065850979121387e+04 2.122348324143232094e+04 2.166631006649426581e+03 5.432840954567474228e+02 2.051091152392928780e+04 2.115435913700079254e+04 7.430588254880999166e+00 8.520498510056363495e-01 nan 4.527762639647399192e+05 5.822323296014717187e+01
             v2_turb_18.0_8966.dat 5.089398591915543335e+00 4.383702505557234008e-02 6.724446294025383395e+03 3.925014432699286431e+02 8.397045592294190897e+00 6.210330316519892222e+04 2.874057298743337742e+04 2.395471178435225374e+04 2.065143331615589886e+03 5.603319909361721329e+02 2.056063175026622412e+04 2.113317928898556420e+04 7.188500472271666553e+00 8.215101888777310846e-01 nan 4.807222162109504570e+05 5.825966362322255065e+01
            v2_turb_19.0_17843.dat 4.505900538879689776e+00 4.304973395606797454e-02 7.340642030999683811e+03 3.639857428804786537e+02 8.883166823900712217e+00 6.325585047564848355e+04 3.374263083373070549e+04 2.247981102334694151e+04 2.261465854891008803e+03 5.945989157744223803e+02 2.086265897444091388e+04 2.097961995141398438e+04 7.405391522696647577e+00 8.612038579601576371e-01 nan 4.838322311871502316e+05 5.785596297119972320e+01
            v2_turb_19.0_20935.dat 5.257537585479161280e+00 4.954094435340819502e-02 8.506060291748268355e+03 4.493946305802541019e+02 8.637912613704159526e+00 7.164139764706218557e+04 4.038888403066931642e+04 2.685286259098599839e+04 2.611234618412498094e+03 6.995008521776630914e+02 2.480294423257498420e+04 2.185074020661518807e+04 8.336215135586337865e+00 9.594033340669647636e-01 nan 5.285720996529259719e+05 5.783754998305165884e+01
            v2_turb_19.0_33144.dat 3.455155038384479127e+00 4.350989923692874517e-02 8.422666305864480819e+03 4.031314117132458250e+02 8.633029863833050044e+00 6.906991806435854232e+04 3.592030081029667781e+04 2.541654078296733860e+04 2.609121732437163246e+03 6.601178873569338066e+02 2.310949804303223209e+04 2.161075030475615858e+04 8.190624181804714965e+00 9.359129264640205781e-01 nan 4.833788183853630326e+05 5.788877009880649638e+01
            v2_turb_19.0_51363.dat 4.526875968655614813e+00 4.418861614164631274e-02 7.186948023868438213e+03 3.923909465964531478e+02 7.939087537111991111e+00 6.213074610470205516e+04 3.311516786498276633e+04 2.364170333616085554e+04 2.693644062528711402e+03 5.734592707981996682e+02 2.285964531004798846e+04 2.127346888265173766e+04 8.120886088492756727e+00 9.395887218179954647e-01 nan 4.876304693287806003e+05 5.795349207955042914e+01
            v2_turb_19.0_56307.dat 4.906076118514401507e+00 3.982092097481634840e-02 7.257025058704091862e+03 4.014738587156426775e+02 8.682113216887504592e+00 6.217082953233448643e+04 3.289101899114773551e+04 2.188829021591643323e+04 2.435456251193798380e+03 5.444199615070782556e+02 2.138156127454258967e+04 2.140046571371149912e+04 7.656986284993229752e+00 8.747243627863505733e-01 nan 4.274937954105844256e+05 5.798297878333430333e+01
            v2_turb_19.0_63447.dat 4.983030142534549789e+00 3.552916571508486776e-02 6.400938363502541506e+03 3.529159273070372365e+02 7.763961565913767515e+00 5.457844302084360243e+04 2.646491336015034176e+04 1.967381569441638931e+04 1.852241430433239884e+03 4.850076942713425865e+02 1.924874422279941064e+04 2.069605351724399225e+04 6.940698711991147185e+00 8.063209508099501432e-01 nan 3.850650385676822043e+05 5.802647030655933236e+01
            v2_turb_20.0_20852.dat 4.958524497977077949e+00 4.992759104052339747e-02 8.234864012411433578e+03 4.299351526876985758e+02 8.033176794797707743e+00 6.535777629022226756e+04 3.676358670291070302e+04 2.452420701839085450e+04 2.438579787300160206e+03 6.955677082206944988e+02 2.279500410974872648e+04 2.129406161542830523e+04 8.056681165713989401e+00 9.326693123710508848e-01 nan 5.392587992479690583e+05 5.781948684711334607e+01
            v2_turb_20.0_25497.dat 3.966172699752583242e+00 4.519052751395163936e-02 7.645131910882045304e+03 3.847402499588685032e+02 8.760438559457845997e+00 6.452837968307395204e+04 3.833361438795234426e+04 2.212481198945618235e+04 2.218044262328110563e+03 6.237814351911990798e+02 2.082316141432622317e+04 2.089577640298633924e+04 7.886581162118421418e+00 9.140157244651286872e-01 nan 5.061794359944040771e+05 5.772145807710996479e+01
            v2_turb_20.0_29025.dat 5.129132555009991989e+00 5.122323210218003575e-02 8.850164905909145091e+03 4.569492405627973994e+02 8.666178019055644555e+00 6.307509678392675414e+04 3.442546179552494868e+04 2.533100182534529085e+04 2.403234181665181040e+03 6.847760383833916649e+02 2.269965644192657419e+04 2.133517107953635787e+04 7.615037110409208942e+00 8.807744621410426022e-01 nan 5.607592791477887658e+05 5.750597040597574505e+01
            v2_turb_20.0_43745.dat 5.789641527393012410e+00 4.278537643941474067e-02 8.437544429670924728e+03 4.156668778261881130e+02 9.243780427579647352e+00 5.900638770992410718e+04 3.507343212565803697e+04 2.000441792527441430e+04 1.984861778087114089e+03 5.992077229954491031e+02 2.019914060713124127e+04 2.101524524675470457e+04 7.259220407029528310e+00 8.473549990072507532e-01 nan 4.664359290948859998e+05 5.781625065768920990e+01
            v2_turb_20.0_51504.dat 4.689650217848204683e+00 5.402584358501705958e-02 9.775811227334213982e+03 4.391933609000280967e+02 1.001461218306626755e+01 7.321923837107200234e+04 4.770090368541906355e+04 2.767579526567810535e+04 2.772286664043335350e+03 8.109637726715128565e+02 2.496561087661642887e+04 2.242631511272861098e+04 8.719163482108106322e+00 9.913294750240358999e-01 nan 6.023062685045890976e+05 5.759189025730767497e+01
            v2_turb_20.0_54726.dat 4.778565357971831240e+00 4.556039968620870240e-02 7.977612805103923165e+03 3.697823465649603349e+02 8.086503839375975389e+00 5.976456882107489946e+04 3.283210480623864714e+04 2.002787404862654512e+04 2.244836866430091504e+03 6.051852526042833915e+02 1.946937888165734694e+04 2.100678920066752471e+04 7.156049045425333155e+00 8.298160642652911978e-01 nan 4.927441472656896804e+05 5.791578432500605800e+01
            v2_turb_21.0_25181.dat 4.471266366012782711e+00 5.411131349233203741e-02 9.273253762601712879e+03 4.065041763640030013e+02 8.673276119363892533e+00 6.792857106439706695e+04 4.011844155539182248e+04 2.597384125124150523e+04 2.656262486459843785e+03 7.353715760530625403e+02 2.389262530666251041e+04 2.217675645007508501e+04 8.013404817058919605e+00 9.201988237394079784e-01 nan 5.954094663737141527e+05 5.746432951586277937e+01
             v2_turb_21.0_3963.dat 4.177380228999567180e+00 6.853533615324140793e-02 1.188236065186912128e+04 5.233524875241369045e+02 9.963135524773571561e+00 9.790236376486305380e+04 6.151510286456785252e+04 3.200098649757427847e+04 3.684971851739765043e+03 1.030850056448347232e+03 2.840981902126919886e+04 2.342856438578466987e+04 1.104300225333938812e+01 1.223462001095447116e+00 nan 7.369705604997456539e+05 5.750238427785969009e+01
            v2_turb_21.0_42162.dat 4.481261409903008364e+00 5.409077414325153682e-02 8.315210745516673342e+03 3.866225415501636462e+02 9.275199440911944038e+00 6.084833614063858840e+04 4.219773810992897052e+04 2.405538603147167669e+04 2.568263248250673314e+03 6.992112285830617111e+02 2.144897137056958309e+04 2.139002742360775301e+04 7.378559173131770343e+00 8.600714395843188642e-01 nan 5.961207604510793462e+05 5.741965959589590796e+01
             v2_turb_21.0_5160.dat 3.800255422766602553e+00 5.397761371618865767e-02 1.013073810869096087e+04 4.359097023291116102e+02 1.074999152910984179e+01 8.191790168535213161e+04 3.926314553631019226e+04 3.033266876452013457e+04 3.058924437686729561e+03 8.871611958451850342e+02 2.648407510828337035e+04 2.224898313953032266e+04 8.464354954819373944e+00 9.732601190699687876e-01 nan 6.008651806196266552e+05 5.747201341545314079e+01
            v2_turb_21.0_57341.dat 5.107054377673153844e+00 6.030695156939254453e-02 1.045211860127480941e+04 4.642337111552453166e+02 1.020079340925538069e+01 7.825631216648120608e+04 3.928211973538380698e+04 2.882853459105193178e+04 2.959687204014819599e+03 8.211227370741237337e+02 2.659089515603363179e+04 2.219765177567754654e+04 9.209969212563468233e+00 1.071599230497933819e+00 nan 6.506834901415200438e+05 5.726640721065372475e+01
            v2_turb_21.0_61500.dat 4.825675456954915177e+00 6.109446659203691260e-02 1.103960044513009052e+04 4.937576263741055413e+02 9.872218647575618178e+00 7.843059600586604211e+04 4.096203657273359568e+04 2.893675000541716145e+04 2.997599516222512648e+03 8.395961438443471252e+02 2.438502537056930305e+04 2.208074524302931968e+04 8.406265459421627284e+00 9.615714859488955213e-01 nan 6.743329543447244214e+05 5.744441648525307187e+01
            v2_turb_22.0_29503.dat 5.824653507816928588e+00 5.100193499160492888e-02 9.870171344301255886e+03 4.401533991227885849e+02 9.840935915344344309e+00 7.267461714739710442e+04 4.619844889571223757e+04 2.531963889989219388e+04 2.923476719730612785e+03 8.409621874137774284e+02 2.370848991005757125e+04 2.184948327936512942e+04 8.832178361297559732e+00 1.018822387711321387e+00 nan 5.605577508742942009e+05 5.709538994745540919e+01
            v2_turb_22.0_40013.dat 4.551043479188647822e+00 5.986591168260400192e-02 9.521773886528333605e+03 4.091809158931037018e+02 1.040041432159787327e+01 7.158046757965964207e+04 4.345667379388980771e+04 2.698257111419726789e+04 2.767660387920996982e+03 8.242017057944559610e+02 2.490106141073146500e+04 2.184540688321720518e+04 8.272227815060091416e+00 9.474204788669268185e-01 nan 6.529767215490005910e+05 5.723771654553823396e+01
            v2_turb_22.0_40231.dat 3.662547048508987935e+00 4.784315138365158315e-02 9.840317299834248843e+03 4.050354036082339917e+02 1.016982552090333591e+01 8.071520194984877890e+04 5.256759516329889448e+04 2.614562846368977262e+04 2.992103658806011481e+03 8.148864601239422427e+02 2.431472865414967964e+04 2.147656649128740173e+04 8.127954877029708314e+00 9.261403978773907752e-01 nan 5.277244563254882814e+05 5.709743837593171634e+01
            v2_turb_22.0_41304.dat 4.422280404086497363e+00 4.872879474844127312e-02 8.942025428176581045e+03 3.650933762526233863e+02 9.047267297850339673e+00 6.106501944693856785e+04 3.982336747659373214e+04 2.374515746867131384e+04 2.510209406855503403e+03 7.642451916327544268e+02 2.249457266879341842e+04 2.133293460059519566e+04 8.022720562863741023e+00 9.255313345233785460e-01 nan 5.366764206148238154e+05 5.716101043601889131e+01
            v2_turb_22.0_47014.dat 4.074769964138883260e+00 5.588553056401009134e-02 1.107692501003785219e+04 4.218359086698044962e+02 1.054110040588483344e+01 7.019953030269536248e+04 5.687643494532789919e+04 2.585003930437475719e+04 2.937133020933721127e+03 8.439291373255398412e+02 2.582919462363194179e+04 2.218721974926479743e+04 8.035406266561295752e+00 9.248900996054211232e-01 nan 6.191929126039225375e+05 5.720357278311524141e+01
            v2_turb_22.0_52742.dat 4.860444470796705829e+00 5.903127373196477568e-02 9.229626204876145493e+03 3.780278645326312130e+02 9.302063559723045216e+00 7.065171568804314302e+04 4.738240177390728059e+04 2.703874258544279292e+04 2.895296062130596511e+03 7.857018693662902251e+02 2.636307144407622764e+04 2.212819551493161998e+04 8.608241069207569041e+00 1.007749801219863128e+00 nan 6.533246040787732927e+05 5.698797133455698116e+01
            v2_turb_23.0_18883.dat 4.873250258228762455e+00 6.162555117980209746e-02 1.153048963828958767e+04 4.605446615913469941e+02 1.096883419427710038e+01 7.748565215626236750e+04 5.504512942094350728e+04 2.737011595345036039e+04 3.114561801168076272e+03 9.388983970031599711e+02 2.609721295778055355e+04 2.250754669692653260e+04 9.246832406222090128e+00 1.063918291952349771e+00 nan 6.721676165872982237e+05 5.698385037619078020e+01
            v2_turb_23.0_31026.dat 4.817193648193613065e+00 5.601886669445280825e-02 1.008857744341318721e+04 3.905634815230345112e+02 9.353059771827771485e+00 7.818161816351288871e+04 5.037531940426971414e+04 2.765124101421996602e+04 2.785784280211694750e+03 8.489794885281806955e+02 2.439284301192710336e+04 2.146532737949737930e+04 8.060477530399015933e+00 9.298876420315768110e-01 nan 6.086154849819672527e+05 5.705938832917445325e+01
            v2_turb_23.0_36127.dat 5.435739265909646178e+00 7.170916572958667412e-02 1.145207367933639034e+04 4.939701841498717840e+02 1.026287181629434642e+01 9.305015463893939159e+04 5.399076468215795467e+04 3.002291648225711469e+04 3.318177346276842400e+03 9.908406679216332122e+02 2.795166392319323859e+04 2.307388272584513834e+04 9.127326893709794220e+00 1.046417954917786330e+00 nan 7.822441762629263103e+05 5.698646855617077733e+01
            v2_turb_23.0_49683.dat 4.408937752791823428e+00 6.268607517563414000e-02 1.206702407267639319e+04 4.595049443994124090e+02 9.747290323188984473e+00 7.996870151690501370e+04 6.303385643805008294e+04 3.276447033928293604e+04 3.450979328113518932e+03 9.309652799262552207e+02 2.839935777851937382e+04 2.213187492410390769e+04 9.732886506331343668e+00 1.118479494265971042e+00 nan 6.983095310793066164e+05 5.688585013511762156e+01
            v2_turb_23.0_49834.dat 4.666580860861435198e+00 5.815930405400553116e-02 9.974080479625545195e+03 4.089948633911365619e+02 9.284244616998048372e+00 7.255513255205423047e+04 5.135962725903036335e+04 2.626960464609658811e+04 2.776269597282402628e+03 8.641012168412612482e+02 2.565063304447283008e+04 2.185193546037481065e+04 8.698849528574941203e+00 1.002187675993503335e+00 nan 6.422375613023639889e+05 5.692075173612047223e+01
            v2_turb_23.0_57680.dat 4.419942703068357126e+00 5.623660187559974266e-02 9.930119794269870908e+03 3.896364290349328030e+02 9.390294723451452441e+00 6.626850010415706492e+04 4.026507720067582704e+04 2.326148063815261776e+04 2.445954497765817450e+03 7.984303214666687154e+02 2.252329520551790119e+04 2.116712181111024620e+04 7.525437900149836601e+00 8.752879135963700374e-01 nan 6.137259660495979479e+05 5.703262655306647133e+01
            v2_turb_24.0_11244.dat 4.136610024358438054e+00 7.002436750582509417e-02 1.198468659054293857e+04 4.985546688438586216e+02 1.036531581601889229e+01 7.919840106538571126e+04 5.043255221798048296e+04 2.772415603778051809e+04 2.947541494654615690e+03 9.397999886781797159e+02 2.451533294069490148e+04 2.170007772843768180e+04 8.442499784565489662e+00 9.710774137470070677e-01 nan 7.750196348082207842e+05 5.677775727279031059e+01
            v2_turb_24.0_11250.dat 5.779283999102813318e+00 7.273677558301720747e-02 1.274331020381044436e+04 4.803590809110212376e+02 1.064233425771891106e+01 8.577861779486616433e+04 5.057983098004820931e+04 3.244224125620444829e+04 2.834509108944586842e+03 1.088328327217162496e+03 2.624850587864663248e+04 2.356793458505395392e+04 9.358838793511759846e+00 1.070471100652172547e+00 nan 8.123435059599661035e+05 5.686675229927433151e+01
              v2_turb_24.0_377.dat 5.011237483912674762e+00 7.073030197114678341e-02 1.216348189894019197e+04 4.643347066712503306e+02 9.324138851689056651e+00 7.530913796232423920e+04 4.690464479298839433e+04 3.137884669015830877e+04 2.635842071328888778e+03 1.017985593873627863e+03 2.570858518150372402e+04 2.300643260922923946e+04 9.069279448677116662e+00 1.043542872616531447e+00 nan 7.803002410595754627e+05 5.679777069601990291e+01
            v2_turb_24.0_44891.dat 4.372536543811524012e+00 7.431227855370776958e-02 1.314370080142518236e+04 4.970817118650896873e+02 1.120072040428553173e+01 8.648642682503239485e+04 4.755486533268790663e+04 3.186154613018952659e+04 3.790834689525519025e+03 1.042074962532798054e+03 2.827250261447531011e+04 2.255282129728156724e+04 1.088724685884063703e+01 1.203225939756672469e+00 nan 8.307953958086426137e+05 5.673883436274431347e+01
            v2_turb_24.0_50518.dat 5.755770023831255244e+00 5.711516850659745931e-02 1.127146786666052867e+04 4.354360216866390942e+02 1.092308530653915000e+01 7.146739495160790102e+04 5.156406210315329372e+04 2.545726841819795300e+04 2.796389596105420424e+03 9.930108559655166118e+02 2.344016944358614273e+04 2.200350497818654912e+04 8.098818751907613134e+00 9.321240934576993098e-01 nan 6.374989962843937101e+05 5.670721790351392144e+01
            v2_turb_24.0_60394.dat 4.774534936824200493e+00 6.236809655908366612e-02 1.174807125779401213e+04 4.683759964405739424e+02 1.084818521835640404e+01 8.598186619446858822e+04 4.505068048825076403e+04 3.215653930243471405e+04 3.330048858079768706e+03 9.860804881737755068e+02 2.813475692378043823e+04 2.281148737203144992e+04 9.871999607627587991e+00 1.116531022100043069e+00 nan 6.957090548701640218e+05 5.662886637386200306e+01
