1  number of sets, Nset
-------------------------------------------------------------------------------------------------------------------------------------------------------------------------------------------------------------------------
#1	user_mads generated blade	
    r              m              x_cg           y_cg           ri_x           ri_y           x_sh           y_sh           E              G              I_x            I_y            I_p            k_x            k_y            A              pitch          x_e            y_e        
$1  51
   0.000000e+00   1.438853e+03  -4.617640e-03  -3.855945e-03   2.006048e+00   1.941431e+00  -3.177992e-03  -1.040434e-02   1.261238e+10   2.526807e+09   7.177892e+00   7.078010e+00   1.589858e+01   5.452145e-01   7.039023e-01   1.705821e+00   0.000000e+00  -5.352215e-03  -3.552429e-03
   2.216370e+00   1.441433e+03  -5.987412e-03  -4.010179e-03   2.006844e+00   1.941153e+00  -3.935514e-03  -1.056015e-02   1.264188e+10   2.527648e+09   7.196297e+00   7.073676e+00   1.590614e+01   5.456708e-01   7.029698e-01   1.707193e+00   0.000000e+00  -6.899046e-03  -3.628962e-03
   4.115968e+00   1.454888e+03  -1.293188e-02  -6.266057e-03   2.001218e+00   1.935473e+00  -1.756275e-03  -9.324676e-03   1.251170e+10   2.480149e+09   7.367072e+00   7.148588e+00   1.611985e+01   5.504455e-01   6.937263e-01   1.748180e+00   0.000000e+00  -6.738346e-03  -4.522694e-03
   6.015390e+00   1.417051e+03  -1.901177e-02  -5.948599e-03   1.971658e+00   1.922091e+00   6.877521e-03   5.448947e-03   1.232125e+10   2.428220e+09   7.142586e+00   6.897766e+00   1.542321e+01   5.614342e-01   6.738862e-01   1.733324e+00   0.000000e+00  -1.767252e-02  -4.915764e-03
   7.914845e+00   1.347059e+03  -1.568263e-03  -9.052830e-03   1.909007e+00   1.893355e+00   4.111033e-02   1.222193e-02   1.144144e+10   2.208310e+09   6.976831e+00   6.783714e+00   1.467006e+01   5.700726e-01   6.403877e-01   1.781281e+00   0.000000e+00   1.488607e-02  -5.769420e-03
   9.814300e+00   1.269264e+03   2.107306e-02  -4.001785e-03   1.780304e+00   1.891275e+00   1.233509e-01   4.076970e-02   1.095345e+10   2.086808e+09   5.891384e+00   6.794503e+00   1.289443e+01   5.857277e-01   5.847446e-01   1.762639e+00  -4.280395e+01   4.493251e-02   2.759880e-03
   1.171348e+01   1.178928e+03   1.079091e-01   4.358619e-03   1.665343e+00   1.832015e+00   3.199111e-01   7.416534e-02   1.016250e+10   1.902067e+09   5.153422e+00   6.326040e+00   1.074622e+01   5.939148e-01   5.245650e-01   1.765015e+00  -3.590940e+01   1.501332e-01   8.873713e-03
   1.361145e+01   1.099230e+03   1.717531e-01   1.366926e-02   1.521875e+00   1.794728e+00   5.491542e-01   1.101436e-01   9.683212e+09   1.785634e+09   4.289839e+00   5.722005e+00   8.276599e+00   5.913669e-01   4.598905e-01   1.730220e+00  -2.573683e+01   2.244828e-01   1.208449e-02
   1.551217e+01   1.051003e+03   2.797172e-01   2.426696e-02   1.374581e+00   1.768201e+00   8.296218e-01   1.006299e-01   9.337642e+09   1.709740e+09   3.555557e+00   5.291199e+00   6.373655e+00   5.954270e-01   4.070511e-01   1.717032e+00  -1.892689e+01   3.413400e-01   1.805947e-02
   1.709592e+01   1.022741e+03   3.538182e-01   3.355289e-02   1.268950e+00   1.759596e+00   1.027883e+00   1.056257e-01   9.374649e+09   1.739423e+09   2.984894e+00   4.958030e+00   5.070856e+00   6.126975e-01   3.636300e-01   1.664018e+00  -1.427625e+01   4.244334e-01   2.501051e-02
   1.946484e+01   9.376376e+02   4.236268e-01   3.513119e-02   1.155781e+00   1.751045e+00   1.198246e+00   1.140100e-01   8.624633e+09   1.589827e+09   2.508590e+00   4.665727e+00   3.729104e+00   5.779910e-01   3.366770e-01   1.638953e+00  -1.097381e+01   5.320013e-01   2.384174e-02
   2.137149e+01   8.900290e+02   4.679549e-01   4.187704e-02   1.092382e+00   1.758236e+00   1.201393e+00   1.343994e-01   8.437603e+09   1.562263e+09   2.194473e+00   4.401863e+00   3.138236e+00   5.429976e-01   3.333835e-01   1.578575e+00  -8.868246e+00   6.053914e-01   3.152575e-02
   2.327155e+01   8.359962e+02   5.291087e-01   4.548886e-02   1.039387e+00   1.745712e+00   1.288049e+00   1.346902e-01   8.129263e+09   1.503444e+09   1.945299e+00   4.127621e+00   2.567227e+00   4.979723e-01   3.245372e-01   1.527998e+00  -7.621938e+00   6.827650e-01   3.675594e-02
   2.517095e+01   7.921213e+02   5.902260e-01   4.634397e-02   9.912581e-01   1.729372e+00   1.361226e+00   1.297233e-01   7.849815e+09   1.450791e+09   1.739582e+00   3.848347e+00   2.137111e+00   4.561355e-01   3.193267e-01   1.488378e+00  -6.789583e+00   7.658609e-01   3.888620e-02
   2.707035e+01   7.570710e+02   6.442417e-01   4.474070e-02   9.461326e-01   1.707451e+00   1.416703e+00   1.232953e-01   7.693318e+09   1.422516e+09   1.547854e+00   3.570090e+00   1.793533e+00   4.225675e-01   3.159738e-01   1.444170e+00  -6.090295e+00   8.347659e-01   3.797684e-02
   2.897030e+01   7.176916e+02   6.325955e-01   4.057466e-02   8.939010e-01   1.720149e+00   1.445080e+00   1.082600e-01   7.680137e+09   1.413742e+09   1.311290e+00   3.572855e+00   1.468277e+00   3.822625e-01   3.128548e-01   1.372156e+00  -4.893402e+00   8.079031e-01   3.382768e-02
   3.087025e+01   7.027506e+02   6.472991e-01   3.274071e-02   8.486197e-01   1.688116e+00   1.439956e+00   9.277072e-02   7.752078e+09   1.424328e+09   1.150075e+00   3.333821e+00   1.276395e+00   3.826885e-01   3.091433e-01   1.335263e+00  -4.529818e+00   8.290182e-01   2.583880e-02
   3.276965e+01   6.849164e+02   6.670907e-01   2.561429e-02   8.074068e-01   1.652290e+00   1.453187e+00   7.956178e-02   7.832662e+09   1.430158e+09   1.008240e+00   3.084063e+00   1.114686e+00   3.754208e-01   3.041753e-01   1.294641e+00  -4.252127e+00   8.492232e-01   1.842382e-02
   3.466971e+01   6.631550e+02   6.721173e-01   2.103992e-02   7.710114e-01   1.608305e+00   1.438055e+00   6.922122e-02   8.143832e+09   1.481598e+09   8.620336e-01   2.703061e+00   9.499221e-01   3.788924e-01   2.990643e-01   1.216783e+00  -4.103051e+00   8.695204e-01   1.358726e-02
   3.656966e+01   6.406716e+02   6.894855e-01   1.925664e-02   7.376582e-01   1.559919e+00   1.426676e+00   6.508345e-02   8.181878e+09   1.477206e+09   7.619666e-01   2.420933e+00   8.255590e-01   3.737996e-01   2.925415e-01   1.175804e+00  -3.926220e+00   8.905786e-01   1.167098e-02
   3.846917e+01   6.172826e+02   6.969208e-01   1.924248e-02   7.062377e-01   1.517584e+00   1.407319e+00   6.332188e-02   8.679322e+09   1.562072e+09   6.390157e-01   2.095117e+00   6.973868e-01   3.762934e-01   2.851965e-01   1.082047e+00  -3.650665e+00   8.907638e-01   1.181305e-02
   4.036912e+01   5.983755e+02   6.832458e-01   2.038694e-02   6.734079e-01   1.477813e+00   1.373104e+00   6.353924e-02   8.752988e+09   1.571158e+09   5.600162e-01   1.918749e+00   6.094089e-01   3.779733e-01   2.776494e-01   1.044081e+00  -3.350419e+00   8.735028e-01   1.304737e-02
   4.226907e+01   5.776100e+02   6.782789e-01   2.176661e-02   6.427112e-01   1.431670e+00   1.347993e+00   6.466922e-02   8.820317e+09   1.572232e+09   4.902362e-01   1.731854e+00   5.312130e-01   3.708060e-01   2.728946e-01   1.004932e+00  -3.092324e+00   8.613160e-01   1.455422e-02
   4.407345e+01   5.575480e+02   6.591667e-01   2.364549e-02   6.145910e-01   1.392818e+00   1.308330e+00   6.527776e-02   8.971864e+09   1.593495e+09   4.269724e-01   1.544098e+00   4.617697e-01   3.734159e-01   2.674086e-01   9.583865e-01  -2.886128e+00   8.449967e-01   1.648620e-02
   4.597362e+01   5.343818e+02   6.436339e-01   2.555874e-02   5.868207e-01   1.345862e+00   1.274350e+00   6.652268e-02   9.146475e+09   1.619974e+09   3.673440e-01   1.360173e+00   4.002902e-01   3.784798e-01   2.593173e-01   9.063127e-01  -2.645820e+00   8.297196e-01   1.860254e-02
   4.787346e+01   5.144908e+02   6.230218e-01   2.753813e-02   5.593850e-01   1.308130e+00   1.240075e+00   6.719861e-02   9.299850e+09   1.644331e+09   3.169270e-01   1.212087e+00   3.486747e-01   3.813055e-01   2.550922e-01   8.615424e-01  -2.410702e+00   8.083004e-01   2.073866e-02
   4.977286e+01   4.855191e+02   6.317899e-01   2.856736e-02   5.364185e-01   1.247479e+00   1.202645e+00   6.830143e-02   9.645784e+09   1.692482e+09   2.664602e-01   1.007869e+00   2.920834e-01   3.775315e-01   2.550727e-01   7.910660e-01  -2.255221e+00   8.032298e-01   2.222788e-02
   5.167292e+01   4.658772e+02   6.095343e-01   3.002274e-02   5.115620e-01   1.209886e+00   1.166584e+00   6.832691e-02   9.618948e+09   1.687493e+09   2.334780e-01   9.085885e-01   2.575926e-01   3.811342e-01   2.480795e-01   7.618769e-01  -2.047028e+00   7.786028e-01   2.388760e-02
   5.357287e+01   4.426571e+02   6.018598e-01   3.074243e-02   4.899857e-01   1.163268e+00   1.129435e+00   6.843907e-02   1.027501e+10   1.799755e+09   1.916118e-01   7.588469e-01   2.146269e-01   3.847997e-01   2.466633e-01   6.856474e-01  -1.854953e+00   7.575808e-01   2.502577e-02
   5.547227e+01   4.196616e+02   5.843854e-01   3.132197e-02   4.687157e-01   1.120697e+00   1.091073e+00   6.818480e-02   1.017654e+10   1.770943e+09   1.680668e-01   6.713396e-01   1.860287e-01   3.794764e-01   2.425910e-01   6.572657e-01  -1.695885e+00   7.369001e-01   2.580921e-02
   5.746724e+01   3.947255e+02   5.772384e-01   3.133678e-02   4.492726e-01   1.063371e+00   1.049694e+00   6.719153e-02   1.084739e+10   1.889262e+09   1.369273e-01   5.383909e-01   1.537032e-01   3.838545e-01   2.424953e-01   5.856398e-01  -1.563024e+00   7.199479e-01   2.623528e-02
   5.936719e+01   3.753025e+02   5.523171e-01   3.144329e-02   4.299250e-01   1.028730e+00   1.012680e+00   6.569692e-02   1.100210e+10   1.915659e+09   1.177484e-01   4.707520e-01   1.335289e-01   3.887222e-01   2.393519e-01   5.505181e-01  -1.417489e+00   6.934973e-01   2.646820e-02
   6.126670e+01   3.527960e+02   5.459018e-01   3.075625e-02   4.131932e-01   9.827955e-01   9.781820e-01   6.461895e-02   1.144757e+10   1.987668e+09   9.861071e-02   3.898180e-01   1.121591e-01   3.812947e-01   2.417001e-01   5.006303e-01  -1.289336e+00   6.744551e-01   2.619465e-02
   6.316665e+01   3.295419e+02   5.296398e-01   3.004245e-02   3.973341e-01   9.389933e-01   9.322658e-01   6.272380e-02   1.190264e+10   2.068905e+09   8.216085e-02   3.215661e-01   9.375719e-02   3.869411e-01   2.399056e-01   4.523031e-01  -1.187369e+00   6.481306e-01   2.580838e-02
   6.506660e+01   3.108064e+02   5.051967e-01   2.935237e-02   3.807019e-01   9.048900e-01   8.952809e-01   6.000006e-02   1.175467e+10   2.051983e+09   7.196005e-02   2.827139e-01   8.308273e-02   3.939764e-01   2.383382e-01   4.306072e-01  -1.095435e+00   6.216445e-01   2.521244e-02
   6.696600e+01   2.876139e+02   4.945860e-01   2.800618e-02   3.673472e-01   8.618511e-01   8.618301e-01   5.802412e-02   1.254719e+10   2.198200e+09   5.824997e-02   2.241168e-01   6.748414e-02   3.875708e-01   2.385832e-01   3.761722e-01  -9.947611e-01   6.023709e-01   2.418352e-02
   6.879820e+01   2.682546e+02   4.680723e-01   2.711443e-02   3.527088e-01   8.326101e-01   8.264999e-01   5.524766e-02   1.263380e+10   2.222455e+09   4.970363e-02   1.930121e-01   5.870168e-02   3.973248e-01   2.394910e-01   3.480059e-01  -9.215084e-01   5.742159e-01   2.331191e-02
   7.069804e+01   2.457382e+02   4.460915e-01   2.591611e-02   3.385671e-01   7.944244e-01   7.807037e-01   5.260613e-02   1.312499e+10   2.316756e+09   4.049213e-02   1.553041e-01   4.863594e-02   4.076819e-01   2.467683e-01   3.075051e-01  -8.652470e-01   5.441325e-01   2.236897e-02
   7.259744e+01   2.259208e+02   4.221465e-01   2.484296e-02   3.238188e-01   7.658496e-01   7.491978e-01   5.044210e-02   1.278942e+10   2.265981e+09   3.486562e-02   1.355201e-01   4.237334e-02   4.071728e-01   2.507422e-01   2.884432e-01  -7.819117e-01   5.164830e-01   2.136736e-02
   7.449684e+01   2.076408e+02   3.947128e-01   2.397723e-02   3.089893e-01   7.377501e-01   7.136334e-01   4.747259e-02   1.241710e+10   2.227110e+09   2.992322e-02   1.175566e-01   3.726930e-02   4.205644e-01   2.536582e-01   2.704681e-01  -7.407864e-01   4.874539e-01   2.052711e-02
   7.646476e+01   1.859838e+02   3.820785e-01   2.262821e-02   2.956357e-01   7.021912e-01   6.805000e-01   4.516823e-02   1.288561e+10   2.326796e+09   2.364268e-02   9.254702e-02   3.017865e-02   4.237682e-01   2.607344e-01   2.336112e-01  -6.721229e-01   4.634683e-01   1.948096e-02
   7.836471e+01   1.694101e+02   3.524815e-01   2.184397e-02   2.817264e-01   6.766379e-01   6.470089e-01   4.226990e-02   1.291632e+10   2.391271e+09   1.937426e-02   7.759994e-02   2.537592e-02   4.364351e-01   2.626182e-01   2.101017e-01  -6.490846e-01   4.347774e-01   1.871872e-02
   8.026411e+01   1.504143e+02   3.336775e-01   2.096340e-02   2.694897e-01   6.454166e-01   6.122551e-01   4.054241e-02   1.347357e+10   2.559974e+09   1.499841e-02   6.015929e-02   2.039207e-02   4.645215e-01   2.625853e-01   1.778679e-01  -5.993835e-01   4.071568e-01   1.808167e-02
   8.211138e+01   1.317632e+02   2.990251e-01   2.029106e-02   2.556930e-01   6.300781e-01   5.773254e-01   3.811309e-02   1.328482e+10   2.543945e+09   1.197287e-02   5.073654e-02   1.667245e-02   4.661041e-01   2.760477e-01   1.566502e-01  -5.741986e-01   3.720257e-01   1.744830e-02
   8.401122e+01   1.151301e+02   2.742662e-01   1.971649e-02   2.419479e-01   6.035936e-01   5.487901e-01   3.552296e-02   1.248745e+10   2.467207e+09   9.835285e-03   4.207028e-02   1.417524e-02   4.931397e-01   2.870362e-01   1.421158e-01  -5.385262e-01   3.460424e-01   1.690130e-02
   8.596341e+01   9.960048e+01   2.377908e-01   1.942396e-02   2.271337e-01   5.841963e-01   5.077704e-01   3.367856e-02   1.312309e+10   2.727628e+09   7.031161e-03   3.300830e-02   1.086226e-02   5.370337e-01   2.861584e-01   1.151803e-01  -5.721762e-01   2.978093e-01   1.697191e-02
   8.786336e+01   8.259425e+01   2.075091e-01   1.873079e-02   2.106098e-01   5.591495e-01   4.731110e-01   3.126138e-02   1.211355e+10   2.621172e+09   5.348023e-03   2.622877e-02   8.672977e-03   5.656792e-01   2.882453e-01   1.005052e-01  -5.474921e-01   2.673213e-01   1.634247e-02
   8.972020e+01   6.589071e+01   1.576254e-01   1.823039e-02   1.903844e-01   5.320317e-01   4.308654e-01   2.798395e-02   1.165551e+10   2.675354e+09   3.557639e-03   1.945796e-02   6.230559e-03   6.174269e-01   2.774152e-01   8.085627e-02  -5.934379e-01   2.215935e-01   1.583922e-02
   9.166282e+01   4.917124e+01   1.114804e-01   1.694011e-02   1.623653e-01   4.901910e-01   3.755127e-01   2.448369e-02   1.103932e+10   2.770217e+09   1.919386e-03   1.330332e-02   3.810187e-03   6.759577e-01   2.703862e-01   6.068912e-02  -6.877480e-01   1.513328e-01   1.523122e-02
   9.356354e+01   3.048719e+01   5.218042e-02   1.455291e-02   1.216161e-01   4.126842e-01   2.979751e-01   1.902283e-02   8.702062e+09   2.554153e+09   7.561226e-04   7.014227e-03   1.681760e-03   7.166113e-01   2.550779e-01   4.273015e-02  -7.932637e-01   7.576478e-02   1.341324e-02
   9.498760e+01   1.865761e+01   1.647258e-02   1.064325e-02   7.972188e-02   2.967193e-01   1.992385e-01   1.311917e-02   6.849639e+09   2.240549e+09   2.194814e-04   2.715987e-03   5.180622e-04   6.856127e-01   2.174924e-01   3.041028e-02  -9.549057e-01   2.300040e-02   1.005356e-02
    r              m              x_cg           y_cg           ri_x           ri_y           x_sh           y_sh           E              G              I_x            I_y            I_p            k_x            k_y            A              pitch          x_e            y_e        
$2  51
   0.000000e+00   1.438853e+03  -4.617640e-03  -3.855945e-03   2.006048e+00   1.941431e+00  -3.177992e-03  -1.040434e-02   1.261238e+17   2.526807e+18   7.177892e+00   7.078010e+00   1.589858e+01   5.452145e-01   7.039023e-01   1.705821e+00   0.000000e+00  -5.352215e-03  -3.552429e-03
   2.216370e+00   1.441433e+03  -5.987412e-03  -4.010179e-03   2.006844e+00   1.941153e+00  -3.935514e-03  -1.056015e-02   1.264188e+17   2.527648e+18   7.196297e+00   7.073676e+00   1.590614e+01   5.456708e-01   7.029698e-01   1.707193e+00   0.000000e+00  -6.899046e-03  -3.628962e-03
   4.115968e+00   1.454888e+03  -1.293188e-02  -6.266057e-03   2.001218e+00   1.935473e+00  -1.756275e-03  -9.324676e-03   1.251170e+17   2.480149e+18   7.367072e+00   7.148588e+00   1.611985e+01   5.504455e-01   6.937263e-01   1.748180e+00   0.000000e+00  -6.738346e-03  -4.522694e-03
   6.015390e+00   1.417051e+03  -1.901177e-02  -5.948599e-03   1.971658e+00   1.922091e+00   6.877521e-03   5.448947e-03   1.232125e+17   2.428220e+18   7.142586e+00   6.897766e+00   1.542321e+01   5.614342e-01   6.738862e-01   1.733324e+00   0.000000e+00  -1.767252e-02  -4.915764e-03
   7.914845e+00   1.347059e+03  -1.568263e-03  -9.052830e-03   1.909007e+00   1.893355e+00   4.111033e-02   1.222193e-02   1.144144e+17   2.208310e+18   6.976831e+00   6.783714e+00   1.467006e+01   5.700726e-01   6.403877e-01   1.781281e+00   0.000000e+00   1.488607e-02  -5.769420e-03
   9.814300e+00   1.269264e+03   2.107306e-02  -4.001785e-03   1.780304e+00   1.891275e+00   1.233509e-01   4.076970e-02   1.095345e+17   2.086808e+18   5.891384e+00   6.794503e+00   1.289443e+01   5.857277e-01   5.847446e-01   1.762639e+00  -4.280395e+01   4.493251e-02   2.759880e-03
   1.171348e+01   1.178928e+03   1.079091e-01   4.358619e-03   1.665343e+00   1.832015e+00   3.199111e-01   7.416534e-02   1.016250e+17   1.902067e+18   5.153422e+00   6.326040e+00   1.074622e+01   5.939148e-01   5.245650e-01   1.765015e+00  -3.590940e+01   1.501332e-01   8.873713e-03
   1.361145e+01   1.099230e+03   1.717531e-01   1.366926e-02   1.521875e+00   1.794728e+00   5.491542e-01   1.101436e-01   9.683212e+17   1.785634e+18   4.289839e+00   5.722005e+00   8.276599e+00   5.913669e-01   4.598905e-01   1.730220e+00  -2.573683e+01   2.244828e-01   1.208449e-02
   1.551217e+01   1.051003e+03   2.797172e-01   2.426696e-02   1.374581e+00   1.768201e+00   8.296218e-01   1.006299e-01   9.337642e+17   1.709740e+18   3.555557e+00   5.291199e+00   6.373655e+00   5.954270e-01   4.070511e-01   1.717032e+00  -1.892689e+01   3.413400e-01   1.805947e-02
   1.709592e+01   1.022741e+03   3.538182e-01   3.355289e-02   1.268950e+00   1.759596e+00   1.027883e+00   1.056257e-01   9.374649e+17   1.739423e+18   2.984894e+00   4.958030e+00   5.070856e+00   6.126975e-01   3.636300e-01   1.664018e+00  -1.427625e+01   4.244334e-01   2.501051e-02
   1.946484e+01   9.376376e+02   4.236268e-01   3.513119e-02   1.155781e+00   1.751045e+00   1.198246e+00   1.140100e-01   8.624633e+17   1.589827e+18   2.508590e+00   4.665727e+00   3.729104e+00   5.779910e-01   3.366770e-01   1.638953e+00  -1.097381e+01   5.320013e-01   2.384174e-02
   2.137149e+01   8.900290e+02   4.679549e-01   4.187704e-02   1.092382e+00   1.758236e+00   1.201393e+00   1.343994e-01   8.437603e+17   1.562263e+18   2.194473e+00   4.401863e+00   3.138236e+00   5.429976e-01   3.333835e-01   1.578575e+00  -8.868246e+00   6.053914e-01   3.152575e-02
   2.327155e+01   8.359962e+02   5.291087e-01   4.548886e-02   1.039387e+00   1.745712e+00   1.288049e+00   1.346902e-01   8.129263e+17   1.503444e+18   1.945299e+00   4.127621e+00   2.567227e+00   4.979723e-01   3.245372e-01   1.527998e+00  -7.621938e+00   6.827650e-01   3.675594e-02
   2.517095e+01   7.921213e+02   5.902260e-01   4.634397e-02   9.912581e-01   1.729372e+00   1.361226e+00   1.297233e-01   7.849815e+17   1.450791e+18   1.739582e+00   3.848347e+00   2.137111e+00   4.561355e-01   3.193267e-01   1.488378e+00  -6.789583e+00   7.658609e-01   3.888620e-02
   2.707035e+01   7.570710e+02   6.442417e-01   4.474070e-02   9.461326e-01   1.707451e+00   1.416703e+00   1.232953e-01   7.693318e+17   1.422516e+18   1.547854e+00   3.570090e+00   1.793533e+00   4.225675e-01   3.159738e-01   1.444170e+00  -6.090295e+00   8.347659e-01   3.797684e-02
   2.897030e+01   7.176916e+02   6.325955e-01   4.057466e-02   8.939010e-01   1.720149e+00   1.445080e+00   1.082600e-01   7.680137e+17   1.413742e+18   1.311290e+00   3.572855e+00   1.468277e+00   3.822625e-01   3.128548e-01   1.372156e+00  -4.893402e+00   8.079031e-01   3.382768e-02
   3.087025e+01   7.027506e+02   6.472991e-01   3.274071e-02   8.486197e-01   1.688116e+00   1.439956e+00   9.277072e-02   7.752078e+17   1.424328e+18   1.150075e+00   3.333821e+00   1.276395e+00   3.826885e-01   3.091433e-01   1.335263e+00  -4.529818e+00   8.290182e-01   2.583880e-02
   3.276965e+01   6.849164e+02   6.670907e-01   2.561429e-02   8.074068e-01   1.652290e+00   1.453187e+00   7.956178e-02   7.832662e+17   1.430158e+18   1.008240e+00   3.084063e+00   1.114686e+00   3.754208e-01   3.041753e-01   1.294641e+00  -4.252127e+00   8.492232e-01   1.842382e-02
   3.466971e+01   6.631550e+02   6.721173e-01   2.103992e-02   7.710114e-01   1.608305e+00   1.438055e+00   6.922122e-02   8.143832e+17   1.481598e+18   8.620336e-01   2.703061e+00   9.499221e-01   3.788924e-01   2.990643e-01   1.216783e+00  -4.103051e+00   8.695204e-01   1.358726e-02
   3.656966e+01   6.406716e+02   6.894855e-01   1.925664e-02   7.376582e-01   1.559919e+00   1.426676e+00   6.508345e-02   8.181878e+17   1.477206e+18   7.619666e-01   2.420933e+00   8.255590e-01   3.737996e-01   2.925415e-01   1.175804e+00  -3.926220e+00   8.905786e-01   1.167098e-02
   3.846917e+01   6.172826e+02   6.969208e-01   1.924248e-02   7.062377e-01   1.517584e+00   1.407319e+00   6.332188e-02   8.679322e+17   1.562072e+18   6.390157e-01   2.095117e+00   6.973868e-01   3.762934e-01   2.851965e-01   1.082047e+00  -3.650665e+00   8.907638e-01   1.181305e-02
   4.036912e+01   5.983755e+02   6.832458e-01   2.038694e-02   6.734079e-01   1.477813e+00   1.373104e+00   6.353924e-02   8.752988e+17   1.571158e+18   5.600162e-01   1.918749e+00   6.094089e-01   3.779733e-01   2.776494e-01   1.044081e+00  -3.350419e+00   8.735028e-01   1.304737e-02
   4.226907e+01   5.776100e+02   6.782789e-01   2.176661e-02   6.427112e-01   1.431670e+00   1.347993e+00   6.466922e-02   8.820317e+17   1.572232e+18   4.902362e-01   1.731854e+00   5.312130e-01   3.708060e-01   2.728946e-01   1.004932e+00  -3.092324e+00   8.613160e-01   1.455422e-02
   4.407345e+01   5.575480e+02   6.591667e-01   2.364549e-02   6.145910e-01   1.392818e+00   1.308330e+00   6.527776e-02   8.971864e+17   1.593495e+18   4.269724e-01   1.544098e+00   4.617697e-01   3.734159e-01   2.674086e-01   9.583865e-01  -2.886128e+00   8.449967e-01   1.648620e-02
   4.597362e+01   5.343818e+02   6.436339e-01   2.555874e-02   5.868207e-01   1.345862e+00   1.274350e+00   6.652268e-02   9.146475e+17   1.619974e+18   3.673440e-01   1.360173e+00   4.002902e-01   3.784798e-01   2.593173e-01   9.063127e-01  -2.645820e+00   8.297196e-01   1.860254e-02
   4.787346e+01   5.144908e+02   6.230218e-01   2.753813e-02   5.593850e-01   1.308130e+00   1.240075e+00   6.719861e-02   9.299850e+17   1.644331e+18   3.169270e-01   1.212087e+00   3.486747e-01   3.813055e-01   2.550922e-01   8.615424e-01  -2.410702e+00   8.083004e-01   2.073866e-02
   4.977286e+01   4.855191e+02   6.317899e-01   2.856736e-02   5.364185e-01   1.247479e+00   1.202645e+00   6.830143e-02   9.645784e+17   1.692482e+18   2.664602e-01   1.007869e+00   2.920834e-01   3.775315e-01   2.550727e-01   7.910660e-01  -2.255221e+00   8.032298e-01   2.222788e-02
   5.167292e+01   4.658772e+02   6.095343e-01   3.002274e-02   5.115620e-01   1.209886e+00   1.166584e+00   6.832691e-02   9.618948e+17   1.687493e+18   2.334780e-01   9.085885e-01   2.575926e-01   3.811342e-01   2.480795e-01   7.618769e-01  -2.047028e+00   7.786028e-01   2.388760e-02
   5.357287e+01   4.426571e+02   6.018598e-01   3.074243e-02   4.899857e-01   1.163268e+00   1.129435e+00   6.843907e-02   1.027501e+17   1.799755e+18   1.916118e-01   7.588469e-01   2.146269e-01   3.847997e-01   2.466633e-01   6.856474e-01  -1.854953e+00   7.575808e-01   2.502577e-02
   5.547227e+01   4.196616e+02   5.843854e-01   3.132197e-02   4.687157e-01   1.120697e+00   1.091073e+00   6.818480e-02   1.017654e+17   1.770943e+18   1.680668e-01   6.713396e-01   1.860287e-01   3.794764e-01   2.425910e-01   6.572657e-01  -1.695885e+00   7.369001e-01   2.580921e-02
   5.746724e+01   3.947255e+02   5.772384e-01   3.133678e-02   4.492726e-01   1.063371e+00   1.049694e+00   6.719153e-02   1.084739e+17   1.889262e+18   1.369273e-01   5.383909e-01   1.537032e-01   3.838545e-01   2.424953e-01   5.856398e-01  -1.563024e+00   7.199479e-01   2.623528e-02
   5.936719e+01   3.753025e+02   5.523171e-01   3.144329e-02   4.299250e-01   1.028730e+00   1.012680e+00   6.569692e-02   1.100210e+17   1.915659e+18   1.177484e-01   4.707520e-01   1.335289e-01   3.887222e-01   2.393519e-01   5.505181e-01  -1.417489e+00   6.934973e-01   2.646820e-02
   6.126670e+01   3.527960e+02   5.459018e-01   3.075625e-02   4.131932e-01   9.827955e-01   9.781820e-01   6.461895e-02   1.144757e+17   1.987668e+18   9.861071e-02   3.898180e-01   1.121591e-01   3.812947e-01   2.417001e-01   5.006303e-01  -1.289336e+00   6.744551e-01   2.619465e-02
   6.316665e+01   3.295419e+02   5.296398e-01   3.004245e-02   3.973341e-01   9.389933e-01   9.322658e-01   6.272380e-02   1.190264e+17   2.068905e+18   8.216085e-02   3.215661e-01   9.375719e-02   3.869411e-01   2.399056e-01   4.523031e-01  -1.187369e+00   6.481306e-01   2.580838e-02
   6.506660e+01   3.108064e+02   5.051967e-01   2.935237e-02   3.807019e-01   9.048900e-01   8.952809e-01   6.000006e-02   1.175467e+17   2.051983e+18   7.196005e-02   2.827139e-01   8.308273e-02   3.939764e-01   2.383382e-01   4.306072e-01  -1.095435e+00   6.216445e-01   2.521244e-02
   6.696600e+01   2.876139e+02   4.945860e-01   2.800618e-02   3.673472e-01   8.618511e-01   8.618301e-01   5.802412e-02   1.254719e+17   2.198200e+18   5.824997e-02   2.241168e-01   6.748414e-02   3.875708e-01   2.385832e-01   3.761722e-01  -9.947611e-01   6.023709e-01   2.418352e-02
   6.879820e+01   2.682546e+02   4.680723e-01   2.711443e-02   3.527088e-01   8.326101e-01   8.264999e-01   5.524766e-02   1.263380e+17   2.222455e+18   4.970363e-02   1.930121e-01   5.870168e-02   3.973248e-01   2.394910e-01   3.480059e-01  -9.215084e-01   5.742159e-01   2.331191e-02
   7.069804e+01   2.457382e+02   4.460915e-01   2.591611e-02   3.385671e-01   7.944244e-01   7.807037e-01   5.260613e-02   1.312499e+17   2.316756e+18   4.049213e-02   1.553041e-01   4.863594e-02   4.076819e-01   2.467683e-01   3.075051e-01  -8.652470e-01   5.441325e-01   2.236897e-02
   7.259744e+01   2.259208e+02   4.221465e-01   2.484296e-02   3.238188e-01   7.658496e-01   7.491978e-01   5.044210e-02   1.278942e+17   2.265981e+18   3.486562e-02   1.355201e-01   4.237334e-02   4.071728e-01   2.507422e-01   2.884432e-01  -7.819117e-01   5.164830e-01   2.136736e-02
   7.449684e+01   2.076408e+02   3.947128e-01   2.397723e-02   3.089893e-01   7.377501e-01   7.136334e-01   4.747259e-02   1.241710e+17   2.227110e+18   2.992322e-02   1.175566e-01   3.726930e-02   4.205644e-01   2.536582e-01   2.704681e-01  -7.407864e-01   4.874539e-01   2.052711e-02
   7.646476e+01   1.859838e+02   3.820785e-01   2.262821e-02   2.956357e-01   7.021912e-01   6.805000e-01   4.516823e-02   1.288561e+17   2.326796e+18   2.364268e-02   9.254702e-02   3.017865e-02   4.237682e-01   2.607344e-01   2.336112e-01  -6.721229e-01   4.634683e-01   1.948096e-02
   7.836471e+01   1.694101e+02   3.524815e-01   2.184397e-02   2.817264e-01   6.766379e-01   6.470089e-01   4.226990e-02   1.291632e+17   2.391271e+18   1.937426e-02   7.759994e-02   2.537592e-02   4.364351e-01   2.626182e-01   2.101017e-01  -6.490846e-01   4.347774e-01   1.871872e-02
   8.026411e+01   1.504143e+02   3.336775e-01   2.096340e-02   2.694897e-01   6.454166e-01   6.122551e-01   4.054241e-02   1.347357e+17   2.559974e+18   1.499841e-02   6.015929e-02   2.039207e-02   4.645215e-01   2.625853e-01   1.778679e-01  -5.993835e-01   4.071568e-01   1.808167e-02
   8.211138e+01   1.317632e+02   2.990251e-01   2.029106e-02   2.556930e-01   6.300781e-01   5.773254e-01   3.811309e-02   1.328482e+17   2.543945e+18   1.197287e-02   5.073654e-02   1.667245e-02   4.661041e-01   2.760477e-01   1.566502e-01  -5.741986e-01   3.720257e-01   1.744830e-02
   8.401122e+01   1.151301e+02   2.742662e-01   1.971649e-02   2.419479e-01   6.035936e-01   5.487901e-01   3.552296e-02   1.248745e+17   2.467207e+18   9.835285e-03   4.207028e-02   1.417524e-02   4.931397e-01   2.870362e-01   1.421158e-01  -5.385262e-01   3.460424e-01   1.690130e-02
   8.596341e+01   9.960048e+01   2.377908e-01   1.942396e-02   2.271337e-01   5.841963e-01   5.077704e-01   3.367856e-02   1.312309e+17   2.727628e+18   7.031161e-03   3.300830e-02   1.086226e-02   5.370337e-01   2.861584e-01   1.151803e-01  -5.721762e-01   2.978093e-01   1.697191e-02
   8.786336e+01   8.259425e+01   2.075091e-01   1.873079e-02   2.106098e-01   5.591495e-01   4.731110e-01   3.126138e-02   1.211355e+17   2.621172e+18   5.348023e-03   2.622877e-02   8.672977e-03   5.656792e-01   2.882453e-01   1.005052e-01  -5.474921e-01   2.673213e-01   1.634247e-02
   8.972020e+01   6.589071e+01   1.576254e-01   1.823039e-02   1.903844e-01   5.320317e-01   4.308654e-01   2.798395e-02   1.165551e+17   2.675354e+18   3.557639e-03   1.945796e-02   6.230559e-03   6.174269e-01   2.774152e-01   8.085627e-02  -5.934379e-01   2.215935e-01   1.583922e-02
   9.166282e+01   4.917124e+01   1.114804e-01   1.694011e-02   1.623653e-01   4.901910e-01   3.755127e-01   2.448369e-02   1.103932e+17   2.770217e+18   1.919386e-03   1.330332e-02   3.810187e-03   6.759577e-01   2.703862e-01   6.068912e-02  -6.877480e-01   1.513328e-01   1.523122e-02
   9.356354e+01   3.048719e+01   5.218042e-02   1.455291e-02   1.216161e-01   4.126842e-01   2.979751e-01   1.902283e-02   8.702062e+17   2.554153e+18   7.561226e-04   7.014227e-03   1.681760e-03   7.166113e-01   2.550779e-01   4.273015e-02  -7.932637e-01   7.576478e-02   1.341324e-02
   9.498760e+01   1.865761e+01   1.647258e-02   1.064325e-02   7.972188e-02   2.967193e-01   1.992385e-01   1.311917e-02   6.849639e+17   2.240549e+18   2.194814e-04   2.715987e-03   5.180622e-04   6.856127e-01   2.174924e-01   3.041028e-02  -9.549057e-01   2.300040e-02   1.005356e-02
