Statistics: del10. Generated: 02/12/2021 09:15:51. No. files: 120.
                              File                       4                      10                      11                      13                      15                      17                      18                      20                      21                      25                      26                      27                      61                      64                      70                     100                     108
            v2_turb_05.0_21716.dat 1.803396590319083392e+00 6.375029430813006735e-03 2.211818325014667153e+03 2.411933507242338237e+02 3.479063604196856119e+00 8.835749349569196056e+04 3.364184056180051266e+04 9.013835959737052690e+03 2.288166422984727433e+03 1.750489449041215948e+03 7.751064773557052831e+03 1.930560459056388572e+04 7.894252667758106412e+00 8.378546252738082734e-01 1.594089678082547151e+06 9.391862440390016418e+05 5.596760405623003010e+01
            v2_turb_05.0_40322.dat 1.837566584152751981e+00 5.043921446961159745e-03 1.640647454400093011e+03 1.902817304809103121e+02 3.305922020122550986e+00 5.443098793193043093e+04 1.975488302324651522e+04 7.047128446817891017e+03 1.663534274165908982e+03 1.405743656513650649e+03 5.931115654182110120e+03 1.894526079433359337e+04 6.211737290611821116e+00 6.753754455563217851e-01 1.301447405176272383e+06 7.667133580160393612e+05 5.605735531982092823e+01
            v2_turb_05.0_43619.dat 1.718857989591762614e+00 7.545103524019253390e-03 2.566367500029663006e+03 2.259036140712734948e+02 3.830682626387980072e+00 9.267166535884790937e+04 2.697560176057404533e+04 1.130795774167377203e+04 2.412246185964670076e+03 2.038755205748198250e+03 9.133475832741474733e+03 1.942813613490774878e+04 8.814820892987624390e+00 9.336033842182425158e-01 1.891635904779679375e+06 1.104762569578700932e+06 5.597443380382299694e+01
            v2_turb_05.0_47165.dat 1.819287299842844430e+00 5.707189853253198664e-03 1.791210819027409343e+03 1.965796027907964287e+02 3.616282610684485199e+00 8.745043536840094021e+04 2.404211595165157632e+04 9.502086633398197591e+03 1.439940289906575345e+03 1.138506244970739772e+03 7.748570176223506678e+03 1.898094143054443703e+04 9.023999173542765817e+00 9.754365633650895484e-01 1.050916321107735625e+06 6.197396484639516566e+05 5.612844321519634150e+01
            v2_turb_05.0_47952.dat 1.906216334341542140e+00 6.556230656329874694e-03 2.666882401113723972e+03 2.371147380783165772e+02 3.367197617246969532e+00 8.141557322152373672e+04 2.334238960418225906e+04 1.030924360056484511e+04 2.300304895121658319e+03 2.245077736366972204e+03 8.292227618208607964e+03 1.903335403150485217e+04 8.355169964812747097e+00 8.796299565620921967e-01 2.085027789530845825e+06 1.228011191725516925e+06 5.592986005304848618e+01
            v2_turb_05.0_50292.dat 1.817794477573755119e+00 4.916126480705073666e-03 1.738903648935944830e+03 1.994201580441834949e+02 3.120430703795139760e+00 6.506604073610484193e+04 2.393248175868816543e+04 7.579566284395788898e+03 1.663780121275083047e+03 1.301294842597472552e+03 7.646240162365212200e+03 1.899133969434251776e+04 7.739273860320704301e+00 8.618774101145226796e-01 1.189110268422049936e+06 6.995804625234444393e+05 5.618199578093265956e+01
            v2_turb_06.0_14324.dat 1.597165516100710558e+00 8.393667067127125528e-03 2.854184315211606190e+03 2.333399858125964670e+02 3.500235480660556231e+00 7.419875970437914657e+04 3.127106154997673730e+04 9.954047169406410831e+03 2.184456988436202664e+03 2.175438639690003129e+03 7.917939881241329203e+03 1.903787750492971463e+04 8.250561685764090214e+00 8.222528253591027125e-01 2.009587242548651528e+06 1.192396878393309657e+06 5.616864484963926429e+01
            v2_turb_06.0_26862.dat 1.727021627107725887e+00 6.765507479165277366e-03 2.788316740243397817e+03 2.445337372105144311e+02 3.870414438728237982e+00 6.708967014400236076e+04 2.698888545010286907e+04 9.239882691728918871e+03 2.834269498279835716e+03 2.476836122553723726e+03 7.846799218906014175e+03 1.912252575605974198e+04 7.860107342946606401e+00 8.086059176326727549e-01 2.297750476293788757e+06 1.349675036611940013e+06 5.626365396973812949e+01
            v2_turb_06.0_47824.dat 1.731566280160796945e+00 6.438600451510931993e-03 2.550356263975760157e+03 2.517145503126798474e+02 3.957172520377592040e+00 8.183336581864138134e+04 3.306960450847452739e+04 7.755110777994768796e+03 1.974798455404436254e+03 1.937062994798504860e+03 7.559002306123890776e+03 1.918590650899149477e+04 8.017810631785758702e+00 8.858487369425452895e-01 1.792258468560132198e+06 1.056352380036312621e+06 5.626295051852866891e+01
            v2_turb_06.0_51321.dat 1.751984358759583582e+00 2.244854252042784853e-02 3.209685185440901023e+03 2.655775745928425522e+02 4.199120466397458173e+00 9.111689460740395589e+04 3.712804339940610953e+04 1.015081887453373020e+04 2.376405086413843492e+03 2.237630243029374469e+03 8.985935349477642376e+03 1.914643793352105786e+04 8.674703423955456572e+00 9.052337765083487975e-01 2.051583272398080211e+06 1.314501598596265307e+06 5.630796553142735661e+01
            v2_turb_06.0_52263.dat 1.813273106545373325e+00 7.396841798893540217e-03 2.429817465246293068e+03 2.013801679203587014e+02 3.602955699334237760e+00 7.945451870805263752e+04 2.325184398551674894e+04 7.772850818384898957e+03 2.008961100971686619e+03 1.910242781335628706e+03 6.968361877983530576e+03 1.922940850530864554e+04 6.829723575512708145e+00 7.079916213898845845e-01 1.770445686946280999e+06 1.045587112729182118e+06 5.633539776370602681e+01
            v2_turb_06.0_55769.dat 1.750254020508450914e+00 8.574096222506637915e-03 3.278209435514572760e+03 2.342349316103598369e+02 3.772073878806132097e+00 1.000872661167091865e+05 3.321876570259528671e+04 1.026597966883482331e+04 2.954951028458990550e+03 2.378774814711091949e+03 9.239788284235170067e+03 1.964066273274604828e+04 9.827637373700094159e+00 9.605369659012001904e-01 2.201466135761187412e+06 1.306898425510846311e+06 5.637160916248453191e+01
             v2_turb_07.0_2336.dat 6.601774141477222413e-01 1.208282201182437343e-01 5.426144109720265078e+03 4.950861571912423074e+02 4.673114028074817128e+00 1.261595590223122999e+05 4.346301533534233749e+04 1.717786421997610159e+04 4.175332375487071658e+03 4.169411875006740047e+03 1.474691753550018075e+04 2.053866560041263438e+04 1.043097783200165019e+01 1.005125102327667497e+00 3.812376280816741288e+06 3.235607911766671110e+06 5.771931458980286322e+01
            v2_turb_07.0_40743.dat 1.401914041859574134e+00 7.645528273857014889e-02 3.439757081594967985e+03 3.313837600958757434e+02 4.096734235291273230e+00 8.891433802975321305e+04 2.906596890582291962e+04 1.081330400364327215e+04 2.783682557837002605e+03 2.349663174564539531e+03 9.535117760321492824e+03 1.967794546268962222e+04 7.838490593578776533e+00 7.730927759354651041e-01 2.164680522020757664e+06 1.750712414097755449e+06 5.733196925687319379e+01
            v2_turb_07.0_45626.dat 1.464502594911272659e+00 5.474140775280233323e-02 3.634296693876202880e+03 3.035240552162100016e+02 4.416190125250312626e+00 8.497277999089186778e+04 2.472300039732951700e+04 9.157440071425675342e+03 2.820567953261561343e+03 2.535361938286459917e+03 8.725777571822060054e+03 1.937925257765333663e+04 6.671477461674797382e+00 6.468608535034687801e-01 2.327261706341848243e+06 1.664295493544728262e+06 5.758285274583503366e+01
            v2_turb_07.0_52870.dat 1.229962314414459579e+00 6.464615327056763561e-02 3.842580944705936872e+03 3.038397813585022504e+02 4.060126729960977343e+00 6.970772598472144455e+04 3.831710304394856939e+04 1.406180871456024943e+04 2.886856209178684821e+03 2.236381964526166939e+03 1.162465461196621436e+04 1.962309150139295161e+04 9.394016183000076126e+00 9.289129136318466928e-01 2.050132126079859445e+06 1.588262669056097977e+06 5.685981217709247915e+01
            v2_turb_07.0_52899.dat 1.325840550067741486e+00 5.909040233846472867e-02 3.799419197951448950e+03 3.329316713457328092e+02 4.113526498839009449e+00 6.672680540445925726e+04 3.893873847946027672e+04 9.670967430406635685e+03 2.873508967583723461e+03 2.578866751803986972e+03 9.507022826644360975e+03 1.972924830255937195e+04 8.584399636933925493e+00 8.541838927925120561e-01 2.371565059633924626e+06 1.700986395442881156e+06 5.708143436724706987e+01
             v2_turb_07.0_8564.dat 1.697336313614349779e+00 6.399020797429703922e-02 4.264652944991624281e+03 3.845342591111879642e+02 3.572768770857465803e+00 8.240800515337109391e+04 4.504505636328565015e+04 9.994602054765773573e+03 3.461568613809062299e+03 3.232936019521921480e+03 1.029942336321203220e+04 1.944438787209352085e+04 7.589392202575981905e+00 7.526857812062405229e-01 3.011760271162288729e+06 2.149475108167974278e+06 5.680566372308377510e+01
            v2_turb_08.0_15536.dat 1.090914687566483021e+00 1.235238087000436608e-01 4.978625494511554280e+03 4.140963816132992292e+02 4.067437182892276404e+00 9.127752539181725297e+04 3.580345717352142674e+04 1.528561504174170295e+04 3.900354515573913886e+03 3.461357740461387039e+03 1.361600957099791412e+04 2.038016762828141509e+04 8.506796330454001520e+00 8.059531557556007808e-01 3.188749195238001645e+06 2.910195762711270712e+06 5.835102394377086199e+01
            v2_turb_08.0_22441.dat 1.211668916547693042e+00 1.096463832184116777e-01 4.202242393808362067e+03 3.717666404282289250e+02 4.284214300549994192e+00 7.049494429008761654e+04 2.871077527603520502e+04 1.348903459413250857e+04 2.833238335571209973e+03 2.657559553705381859e+03 1.121875381115180426e+04 2.026872908954549348e+04 7.435954691551777351e+00 7.104356369099140700e-01 2.437788776780465618e+06 2.281296459249188192e+06 5.819785288153772740e+01
            v2_turb_08.0_32293.dat 1.069985325177914781e+00 9.594499659442523587e-02 4.825781591031789503e+03 4.312639155361803773e+02 4.906875863363351797e+00 8.179845236226472480e+04 3.414379157569222298e+04 1.316357442951503253e+04 3.333996575546130316e+03 3.093442416204803067e+03 1.056548182603556234e+04 2.023120452557411045e+04 7.767882204688137726e+00 7.605360405693994963e-01 2.824626522961311508e+06 2.367567412006604020e+06 5.822473618924816918e+01
            v2_turb_08.0_41120.dat 1.211728373210905207e+00 1.342802454887871977e-01 4.794559994348667715e+03 4.389048819139532611e+02 4.796377407846988739e+00 7.898570712837779138e+04 3.590145133431086288e+04 1.263194891983606612e+04 3.443521507564370950e+03 3.293082351145714256e+03 1.357321814197509775e+04 2.106421072101472600e+04 8.411265364928885546e+00 7.552821695857580009e-01 3.011464715268501546e+06 2.973309864288195968e+06 5.801318139124243345e+01
            v2_turb_08.0_46290.dat 1.147148920839150765e+00 1.084074263550855732e-01 4.842036461114834310e+03 4.103441628718237553e+02 4.667405529458689806e+00 8.727487804775971745e+04 4.811766875591766438e+04 1.271533072123122474e+04 3.934151796272157299e+03 3.007768956964112022e+03 1.225979133162049220e+04 2.081184806794559699e+04 8.980430989499691208e+00 8.378652678692966038e-01 2.752978557472313754e+06 2.438713750969738699e+06 5.791766501446023341e+01
            v2_turb_08.0_60415.dat 1.072301097825578253e+00 8.791317287664275615e-02 3.547800133114417349e+03 3.260679000820407509e+02 4.279809879118173122e+00 6.461393732733254001e+04 2.224117518083237883e+04 9.452191526690432511e+03 2.907007876753797063e+03 2.456962771341710322e+03 1.072967678066975350e+04 2.002562131631682132e+04 6.779823111568321181e+00 6.747381263288664277e-01 2.252257939290947746e+06 1.940012846558900084e+06 5.764148246815655341e+01
            v2_turb_09.0_26343.dat 1.367824882745303450e+00 1.717834674971263353e-01 4.901888006365576075e+03 4.787724237158290634e+02 4.985856402325000936e+00 7.121961034308899252e+04 2.897537267832191355e+04 1.367006142436827031e+04 3.557867989448825938e+03 3.159010271558295699e+03 1.353371980181660911e+04 2.103286600582577012e+04 7.190850389199155757e+00 6.890706808892361757e-01 2.922434753657708410e+06 3.512470269961397164e+06 5.951155470693586125e+01
            v2_turb_09.0_34715.dat 1.250225401026726191e+00 1.126505885422965508e-01 4.795361802763383821e+03 3.909143866435455266e+02 5.827751415931056833e+00 6.522262062640752265e+04 2.820326558359939008e+04 1.283661453156715470e+04 2.932330683450310062e+03 2.327212638106063878e+03 1.230434419369191346e+04 2.124144670724291791e+04 7.250826275890166706e+00 7.071289633081513371e-01 2.088263618660555221e+06 2.285646451852405909e+06 5.882470425921493984e+01
             v2_turb_09.0_5751.dat 1.287080865132457452e+00 1.672022961277350173e-01 5.179399041584394581e+03 5.105638461872886182e+02 4.755424727698343013e+00 7.793065690992685268e+04 3.870853202472877456e+04 1.303477067201144382e+04 3.624259966735159196e+03 3.267238659685247057e+03 1.354444852753271698e+04 2.070261335335337208e+04 7.729777796055588901e+00 7.279179233340971056e-01 2.965626052553686313e+06 3.251809880921242759e+06 5.911074561721880372e+01
            v2_turb_09.0_59920.dat 1.241332358556709758e+00 1.601173824198324491e-01 4.559479569653224644e+03 4.699112605477991451e+02 4.736452012791927402e+00 7.292514107556491217e+04 2.097094297714293862e+04 1.324058586236244082e+04 3.243881671568731235e+03 2.904196529804750753e+03 1.293858548438578873e+04 2.043170673898706809e+04 6.998018244512981489e+00 6.927873474721772951e-01 2.673729026479488704e+06 3.321888465088302735e+06 5.894022786232976330e+01
             v2_turb_09.0_8821.dat 1.313593520245975421e+00 1.338609079417782954e-01 4.891067653290225280e+03 4.501341630310324717e+02 5.166101545284438323e+00 9.021862830684462097e+04 2.669274741195800743e+04 1.364326669107900489e+04 3.882714494400512649e+03 3.145438921269920684e+03 1.380439585935765899e+04 2.139294247572203312e+04 7.868415932893574549e+00 7.818782666616056476e-01 2.880802434286952950e+06 2.875657828809167258e+06 5.903540007728163630e+01
             v2_turb_09.0_9468.dat 1.311794371744959831e+00 1.426184090982697272e-01 4.783680325651750536e+03 4.563034293004376991e+02 5.266337521516955000e+00 7.538541309288298362e+04 3.143320720394423915e+04 1.453315216136342497e+04 3.531203246999514249e+03 3.235743644007840430e+03 1.366884986496418787e+04 2.116764638051150541e+04 8.152985245489274391e+00 7.895483923923706238e-01 2.957989918800886720e+06 3.053886791505321395e+06 5.883131759311656594e+01
            v2_turb_10.0_13708.dat 3.106181995767443027e+00 1.329179588300280490e-01 5.624717612364559500e+03 4.916753948791100015e+02 5.220868261408242006e+00 7.605742772444896400e+04 1.935284474655942176e+04 1.800500147553398347e+04 3.330423750005991224e+03 2.442039360857406791e+03 1.557741488386366655e+04 2.211533952846751345e+04 7.116536539040072107e+00 7.141474102903947463e-01 2.162480861169619020e+06 2.948576358037045226e+06 6.073659112489082190e+01
             v2_turb_10.0_2246.dat 2.617153425278142542e+00 1.602289053469224955e-01 5.880570158091640224e+03 4.755895925220982008e+02 6.097076969827135429e+00 7.359322342754660349e+04 1.756922525660977772e+04 1.763160285944184943e+04 3.674659062537733462e+03 3.038893004897179253e+03 1.836299010179824472e+04 2.151012839714558868e+04 7.678472015009123908e+00 7.662556734037609951e-01 2.690142707602598704e+06 3.433315759015942924e+06 5.962660869561749877e+01
            v2_turb_10.0_25797.dat 1.734201463789090347e+00 1.601199646820627709e-01 5.838755067682324807e+03 4.992912045708407049e+02 5.534573420650357178e+00 8.068657019377655524e+04 2.566137705709668080e+04 1.872607370513423302e+04 3.628101758163146314e+03 2.947280220952459331e+03 1.769242548982138032e+04 2.132957082781666759e+04 8.178441741649690400e+00 8.161073668996523534e-01 2.683510398893343285e+06 3.413619614391318522e+06 6.035449442367008288e+01
            v2_turb_10.0_25824.dat 3.127924041450470316e+00 1.465826626535970678e-01 5.426922423778803022e+03 4.365542688392624200e+02 6.091423516851517839e+00 7.062456707722933788e+04 1.803461310187109484e+04 1.375322396693523842e+04 3.269662036164994333e+03 2.721555342434591694e+03 1.433267750946659544e+04 2.135156644607172711e+04 8.024338761935817743e+00 8.089187631866237016e-01 2.442994693270813674e+06 3.197090125715696719e+06 5.975115864853277259e+01
            v2_turb_10.0_53407.dat 2.296365911680943839e+00 1.618862334164303252e-01 5.843532632244457091e+03 5.648657929093575376e+02 5.596915748412538250e+00 7.568031824165035505e+04 1.383571829933787740e+04 1.617560604688466265e+04 3.711662551345186785e+03 2.945614555712449146e+03 1.550019549898049445e+04 2.133458329691063773e+04 7.494785435447495203e+00 7.606163131469529937e-01 2.629278413031520788e+06 3.350534950405289885e+06 6.082092358703348367e+01
             v2_turb_10.0_7055.dat 2.439220386181130795e+00 1.672379207168489812e-01 6.732407301705639838e+03 5.741109270194061764e+02 5.160957467946702515e+00 9.074195093713405367e+04 2.221663974352748119e+04 2.068659547160424336e+04 3.796167519447933500e+03 3.147924438831414136e+03 1.768912404031140613e+04 2.209829440499208067e+04 9.413789156911930078e+00 8.718362296363413311e-01 2.779318880630585831e+06 3.554582364996885881e+06 6.001063903501327701e+01
             v2_turb_11.0_1633.dat 3.603901640870622369e+00 1.188039972222049295e-01 6.548470197737037779e+03 4.565678705272243292e+02 5.544982461972100651e+00 7.075773726258456009e+04 1.714856777752277412e+04 2.105157982301325319e+04 3.088152814060958008e+03 2.222193264936518517e+03 1.848991886976328533e+04 2.125645715919362920e+04 8.461963998026030609e+00 8.813808235788966883e-01 1.948289449404756771e+06 2.709772781205709558e+06 6.057782884389730782e+01
            v2_turb_11.0_25765.dat 4.818596593297395536e+00 1.184797577649017164e-01 4.938530178425698068e+03 4.011898869329215245e+02 5.773892746195701697e+00 5.978605284124484751e+04 1.412666964629021095e+04 1.625166528480064517e+04 3.046349806834120500e+03 2.188966153382126322e+03 1.502685841601741595e+04 2.125578694174367047e+04 7.175643516022172541e+00 7.512396007770969497e-01 1.898969649934590096e+06 2.643734009649545420e+06 6.070571515786222250e+01
            v2_turb_11.0_37345.dat 4.733263275958611516e+00 1.030219156168963035e-01 4.883680900582428876e+03 4.335473310305440009e+02 5.159959586442437462e+00 5.816411535884399200e+04 1.952277446478023921e+04 1.940079688750589776e+04 3.152369909724194258e+03 1.826224901158270313e+03 1.819784576916133665e+04 2.138164142440362411e+04 7.571000162012098578e+00 8.036242541394182926e-01 1.589197241151836002e+06 2.306578230638465378e+06 6.086724990849930350e+01
            v2_turb_11.0_41193.dat 3.986800940069205712e+00 1.233293704859474288e-01 4.726887240761790054e+03 3.826479666222823539e+02 5.203470276347723633e+00 5.558896873027402762e+04 1.804766976747052468e+04 1.385705804880769392e+04 3.207901815019652986e+03 2.237404505805775443e+03 1.300439428217797285e+04 2.096169508352022967e+04 7.054793060524469084e+00 7.005099438485821173e-01 2.002593592061174801e+06 2.735079474827575963e+06 6.031837710036023736e+01
            v2_turb_11.0_43724.dat 4.496235152395355428e+00 9.401582177813236352e-02 4.572935272505323155e+03 3.937191016232724792e+02 5.206659661077423173e+00 5.185182255497611186e+04 1.502311306280385543e+04 1.553768704981430164e+04 2.432306016053197254e+03 1.562707658783383522e+03 1.383036951312545716e+04 2.073034191472873499e+04 6.869260158050685128e+00 7.081699735260070794e-01 1.353369946622886695e+06 2.051565802778965328e+06 6.093160000651094066e+01
            v2_turb_11.0_59287.dat 3.715867001225471089e+00 1.296161459915296799e-01 5.942366236249157737e+03 4.222092968695214381e+02 5.657696157050727592e+00 6.656769694079131295e+04 1.816645497323959717e+04 1.983690102542707973e+04 3.672533580279273792e+03 2.435750960742179359e+03 1.672262963676079016e+04 2.166184879631674266e+04 8.396792848256758646e+00 8.506623104060632157e-01 2.089283512208151165e+06 2.895494861000418663e+06 6.068875927621772348e+01
            v2_turb_12.0_23697.dat 4.705560209329060051e+00 6.844020753812775359e-02 4.499864086072388091e+03 3.881809045860031802e+02 5.500103764450182453e+00 5.692474014882247866e+04 2.017616337603758438e+04 1.746535464032979144e+04 2.258406442870718365e+03 1.095617572923259104e+03 1.617468307883878697e+04 2.067268594254330310e+04 6.819249369050318421e+00 7.485475679777698899e-01 8.827479358499022201e+05 1.450540666419145884e+06 6.075605169549550766e+01
            v2_turb_12.0_28003.dat 4.755826737069986265e+00 6.876411890630339252e-02 5.651244188235933507e+03 5.138739504997682843e+02 6.098134765446475036e+00 6.783551526117112371e+04 2.443730160589437946e+04 2.114258782296639765e+04 2.615903388594640091e+03 1.083757211916600681e+03 1.650825977063050959e+04 2.126139468574121929e+04 7.558464882272772911e+00 8.186211214521307289e-01 8.523723184002113994e+05 1.400392609262081096e+06 6.096194726155650301e+01
            v2_turb_12.0_29989.dat 5.215694771862894541e+00 7.735247846887299827e-02 4.785846685351067208e+03 4.307241658244398650e+02 5.727468419820711532e+00 5.863062839915267978e+04 2.076357633303138573e+04 1.749735079883683647e+04 2.450956163804160497e+03 1.259588944420989947e+03 1.730867136504889640e+04 2.109634589108324144e+04 6.925552087990109129e+00 7.468193968638157099e-01 1.081635657491390361e+06 1.681490661422976758e+06 6.047598598848190932e+01
            v2_turb_12.0_40278.dat 5.225897717232347972e+00 6.484229807849696547e-02 4.578797246489350073e+03 4.287466679116913042e+02 5.542426868964303033e+00 5.932067680169818050e+04 2.466654081473963743e+04 1.778400232575886548e+04 2.188023816687894396e+03 1.003992484409150165e+03 1.556521129130008921e+04 2.087067357586576691e+04 7.370932085118510280e+00 7.735705580070681986e-01 7.753512066438215552e+05 1.305352575838977937e+06 6.083467246497870207e+01
            v2_turb_12.0_56645.dat 5.708056594591379707e+00 4.330546979386763057e-02 4.771951654325494928e+03 4.802472796523266538e+02 5.740585248984156230e+00 5.962416331008294219e+04 1.314036514617061948e+04 1.564776153595793403e+04 1.842324148640773274e+03 8.735372497457778991e+02 1.616428060826624824e+04 2.084772665553247862e+04 6.729699471165217162e+00 7.301137583111220186e-01 6.581127099193802569e+05 1.034052673718152451e+06 6.043642854774351036e+01
             v2_turb_12.0_6007.dat 5.348078734457698324e+00 1.194814512242221571e-01 6.309162008032893027e+03 4.682188662461785498e+02 6.555768163395730319e+00 7.249921854626401910e+04 1.987901237190978281e+04 1.893972661241666356e+04 2.808475781415903839e+03 2.148615870021572846e+03 1.663239600175687519e+04 2.093783564441881754e+04 7.627137067202890641e+00 8.057585910409026386e-01 1.854409256921558641e+06 2.656452889644403942e+06 6.046300147987858509e+01
            v2_turb_13.0_24246.dat 6.313150998939400793e+00 7.209450355190662185e-02 5.403032329558513993e+03 5.266009162926044382e+02 6.050618123367034862e+00 7.366634643082231923e+04 2.433062825607333434e+04 1.895794035882890603e+04 2.472998958827787646e+03 1.112575264250840064e+03 1.809978117579746686e+04 2.094502853886166486e+04 8.019876270234826521e+00 8.786341394812025030e-01 8.851763304666775512e+05 1.499368652895018924e+06 6.026053016070454760e+01
             v2_turb_13.0_3219.dat 3.972795279578736238e+00 2.523045032004857247e-02 4.547918758640785200e+03 3.882012102850530368e+02 6.150798903158821496e+00 5.416272343092809024e+04 2.416280378924850447e+04 1.719133940217661802e+04 1.790716239582636945e+03 2.833661075058656138e+02 1.612274290896622006e+04 2.064847485240952301e+04 5.811052666460842175e+00 6.460135445848370628e-01 nan 2.682510687372425455e+05 6.010898871522739739e+01
            v2_turb_13.0_59662.dat 5.436088796616554752e+00 2.874428456143480679e-02 5.555992846543573251e+03 5.348641557908516688e+02 6.186727402902032935e+00 7.644618670075456612e+04 3.052362679953293991e+04 2.119441635973789380e+04 2.034715396822183266e+03 8.356921846596733303e+02 1.763201094850502705e+04 2.075183859331794883e+04 7.552187358917958449e+00 8.286006963641596723e-01 6.714680627080320846e+05 7.902280327300392091e+05 5.997114502812190295e+01
            v2_turb_13.0_63909.dat 6.053896951621521083e+00 3.010053088844239985e-02 4.973151821491265764e+03 5.191110148953947601e+02 6.722827368807951842e+00 6.753416362133754592e+04 2.091474633141753293e+04 2.289604910194229524e+04 2.378381490184907761e+03 1.007517022862822500e+03 1.972235727890959606e+04 2.106157482976717802e+04 7.854262172402519226e+00 8.643379351179867331e-01 7.120184162153834477e+05 9.110845558938732138e+05 6.026875246175122669e+01
            v2_turb_13.0_64836.dat 5.541388755575632707e+00 2.415961231281966645e-02 4.688687715269756154e+03 4.748075075553897477e+02 6.345994377932614228e+00 6.348526180054631550e+04 2.569554212738908973e+04 1.715618586511961621e+04 1.910412165401086440e+03 9.164915353588691005e+02 1.654709621594909913e+04 2.081078841119879144e+04 6.888454594724400692e+00 7.543277558048230302e-01 7.055229363214401528e+05 8.587110721303895116e+05 6.023343835519332856e+01
             v2_turb_13.0_6610.dat 4.061729179099486942e+00 2.377555343911512409e-02 5.688965688099885483e+03 4.691515286707917198e+02 6.512783925419753928e+00 6.495025003082276089e+04 3.246327822145593382e+04 2.218416584554331712e+04 2.428135467870746652e+03 3.062781769324604966e+02 1.817815064484646427e+04 2.098896521917303835e+04 7.344919455186157187e+00 8.169416755142411279e-01 nan 2.650661341250038240e+05 6.013558531929376727e+01
            v2_turb_14.0_17103.dat 6.519589971132508488e+00 8.240966575111501047e-02 6.251206195805182688e+03 5.628703493821337815e+02 6.903714894016121484e+00 7.133113161109910288e+04 3.058343869829473624e+04 2.172553842965781223e+04 2.381573007783688354e+03 1.318296324221872737e+03 2.161151876825988074e+04 2.133946253152760255e+04 8.959721675474252578e+00 9.759950389640454915e-01 1.007915331745144562e+06 1.717953440073755803e+06 5.950456575347044463e+01
            v2_turb_14.0_33723.dat 5.610530394223583350e+00 2.108005085340677875e-02 4.194111340348168596e+03 4.420090171852581307e+02 6.835100707473474202e+00 6.280643653588009329e+04 2.290565729349114554e+04 1.511761313701282415e+04 1.886858648048403666e+03 4.436397973680806786e+02 1.793075321243431245e+04 2.047578899740607812e+04 6.715626110091370116e+00 7.487592657976138710e-01 2.688983154789172695e+05 3.940758707837933325e+05 5.999285846022805657e+01
            v2_turb_14.0_34311.dat 4.694375475695764521e+00 2.603824105621005414e-02 4.519112884045784085e+03 4.095519518115406186e+02 7.447029225222325799e+00 6.264560397120758716e+04 2.552424337852555618e+04 1.824490911400772166e+04 2.227139508236879010e+03 3.300807144639044282e+02 1.786589736128140430e+04 2.070191840495305587e+04 7.127756145773548546e+00 8.046682476175708310e-01 nan 2.868109647006078740e+05 5.966485004788466995e+01
            v2_turb_14.0_46217.dat 4.905998648427091879e+00 2.400282495410739278e-02 4.126084684097931131e+03 3.563510604705900846e+02 6.887859463483625433e+00 4.908163200929808954e+04 1.664417861548994551e+04 1.487785715116395477e+04 1.568392204674538334e+03 2.609404935502847707e+02 1.550057601125759356e+04 2.065087564817770908e+04 6.125977037718211449e+00 6.978311599451177960e-01 nan 2.649064537437530234e+05 5.977020098159773198e+01
             v2_turb_14.0_7720.dat 5.569361281164012745e+00 2.682480049506708736e-02 5.157797452401042392e+03 4.484485901924084033e+02 6.326291956115852599e+00 6.236298277234979469e+04 2.394413023662378328e+04 2.071479417424181156e+04 1.889696757866431199e+03 3.682275143241874389e+02 1.825270003862701560e+04 2.068511755450698183e+04 7.591804079497357804e+00 8.612984279251905129e-01 nan 2.973677245496270480e+05 5.946321077840001124e+01
             v2_turb_14.0_8754.dat 6.390408951944914762e+00 2.979075782673511891e-02 5.207034100499469787e+03 5.108233623237113079e+02 7.009167191088138793e+00 7.374547052748121496e+04 3.090694357152017983e+04 1.862898334190520109e+04 1.866159856317807908e+03 4.186438566811523287e+02 1.891379389745273875e+04 2.099374589301534070e+04 7.194403572717118500e+00 8.269593078895891569e-01 2.323861951676746830e+05 4.153337805382526130e+05 5.991931260338123622e+01
            v2_turb_15.0_10279.dat 4.116356828948521063e+00 3.475768776257914805e-02 6.517212172015895703e+03 4.523342852440952697e+02 7.594127830608821128e+00 6.455753438788434141e+04 2.444020418227719347e+04 2.018121112173085203e+04 2.340472830802446879e+03 4.014191268186445996e+02 1.935458548399575011e+04 2.114214247012975102e+04 7.299089285632424762e+00 8.307903402469528631e-01 nan 3.764372387702613487e+05 5.907732313833255944e+01
            v2_turb_15.0_22297.dat 5.180103847923124505e+00 3.616503912689335298e-02 6.163799264429094364e+03 4.525997671747286404e+02 7.546046789008109990e+00 7.049512994913097646e+04 2.321223203123393978e+04 2.588750367391491454e+04 2.277460207431719027e+03 4.478279985033445314e+02 2.146785947605935507e+04 2.126674023023621703e+04 8.176072480161787226e+00 9.151386993034239525e-01 nan 4.035821285336489673e+05 5.932856234220304259e+01
            v2_turb_15.0_25148.dat 6.087778759004728535e+00 2.874139762523850866e-02 5.023608160405678973e+03 4.361654046907278826e+02 6.612183925872540335e+00 5.596331691788250464e+04 2.564204668941576892e+04 1.755295588480696824e+04 1.757910020632890109e+03 3.864281356067095317e+02 1.596642110352255258e+04 2.056431558810454226e+04 6.363363228174942599e+00 7.347676354807511911e-01 nan 3.154327621996694361e+05 5.910392230699994087e+01
            v2_turb_15.0_33167.dat 4.432187283616502604e+00 3.766239968642198788e-02 6.233017139756422694e+03 3.891286029545378256e+02 7.407543925462725554e+00 6.668354468780652678e+04 2.739398200106074728e+04 2.390577665369022361e+04 2.401526189980900199e+03 4.902930295789307138e+02 2.038309471873954317e+04 2.108918590237459648e+04 7.233793588002289887e+00 8.152803401401169658e-01 nan 4.096819426311362768e+05 5.921435909667303576e+01
            v2_turb_15.0_41424.dat 5.191743061639580326e+00 3.268202501706920365e-02 6.357668248924382169e+03 4.566249273297055993e+02 7.338404869058694935e+00 7.172994268226574059e+04 3.580485277143953135e+04 2.316123015700819815e+04 2.295949133518589406e+03 4.359396924371056912e+02 2.022819113304958591e+04 2.110854490380925199e+04 7.513285668053566013e+00 8.580504564951039193e-01 nan 3.651846944456099300e+05 5.936430746426245975e+01
            v2_turb_15.0_57600.dat 4.893288647045597628e+00 2.743827060452406694e-02 5.508953157278549043e+03 3.921594108659962785e+02 7.614457834328652197e+00 6.225205599269257800e+04 3.010055874038711045e+04 2.007220582151570488e+04 1.780323466390467274e+03 3.655231183077971764e+02 1.849691524055191985e+04 2.060983422237144623e+04 6.434564995873280679e+00 7.325083886193597404e-01 nan 3.019186532310071634e+05 5.907588849769872752e+01
            v2_turb_16.0_19655.dat 3.920950310533819039e+00 3.415322043047824135e-02 5.665281873861311396e+03 3.663024372793469183e+02 7.605976459705781956e+00 6.110111579061826342e+04 3.414336724167792272e+04 1.927251544012146041e+04 2.112560163853723679e+03 4.828405316806183123e+02 1.708680391585704274e+04 2.095250553632481387e+04 7.102246518258050756e+00 8.072810835688114528e-01 nan 3.763999345058213221e+05 5.911384040363898151e+01
            v2_turb_16.0_45772.dat 4.930667236629785677e+00 4.241613725008176045e-02 7.531661354270264383e+03 4.920296759861190594e+02 7.879779637419791705e+00 6.318826286985581828e+04 3.046784659930043927e+04 2.187506021879382388e+04 2.440115756553909250e+03 5.227932862019291633e+02 2.121038975586562447e+04 2.115152043852894349e+04 7.207835667654552303e+00 8.127044438108877999e-01 nan 4.652283150949365227e+05 5.870822678104201486e+01
            v2_turb_16.0_55975.dat 5.516994894051445719e+00 3.723920451733815640e-02 6.073825686161122576e+03 4.503297491660379137e+02 6.819247148304969031e+00 6.700583541775326012e+04 2.539064906405516012e+04 2.339110728797563570e+04 2.242221084886758490e+03 4.910827614204137603e+02 1.871969681677850895e+04 2.120797943441249299e+04 7.697204418403389425e+00 8.683942754469480274e-01 nan 4.115840821799868718e+05 5.907581380330628207e+01
             v2_turb_16.0_5616.dat 3.837479889395303267e+00 2.920117420416605547e-02 5.382031847593014390e+03 3.410391785067080832e+02 7.358287700502218698e+00 5.186818867410049279e+04 2.892888300170486036e+04 1.866352252094666255e+04 2.064873782829668016e+03 4.101830551794849384e+02 1.728485612981190570e+04 2.065221134823654211e+04 6.518712438028757106e+00 7.464582747762963377e-01 nan 3.156484800165433553e+05 5.884069207364953513e+01
            v2_turb_16.0_56353.dat 4.083538185889290517e+00 3.516505555010637774e-02 5.935209618733926618e+03 3.882624889005277851e+02 6.938825462472898664e+00 5.481572765092013287e+04 2.968359010526851853e+04 1.905380184459650263e+04 2.118282664120324171e+03 4.404073098569757008e+02 1.821482439396023983e+04 2.074977953889656419e+04 7.168427280449142458e+00 8.284361658724979094e-01 nan 3.817895822061185027e+05 5.900338483845840187e+01
             v2_turb_16.0_7031.dat 4.704251909419160604e+00 2.577744653342367923e-02 5.842396715111799494e+03 3.720548480461240501e+02 7.535984695180403037e+00 5.378685556102010014e+04 3.286968450812497031e+04 1.812536923802314777e+04 2.360444409257142524e+03 4.077382805997083324e+02 1.965759410066952842e+04 2.079195491912026409e+04 6.580463115063736268e+00 7.632433823609197088e-01 nan 2.892349367657867842e+05 5.874725633614349363e+01
            v2_turb_17.0_20390.dat 5.106319223386293515e+00 4.056353108439690602e-02 7.229283035709061551e+03 4.066818787074811326e+02 8.924827267494480409e+00 6.285612237366454792e+04 3.691193817029787169e+04 2.441491104261393411e+04 2.775481285591012238e+03 5.838052559529938890e+02 2.256889064078768206e+04 2.172641366261443909e+04 7.732326275454921571e+00 8.862554933673524316e-01 nan 4.528003380148649449e+05 5.870328464028762738e+01
            v2_turb_17.0_37683.dat 5.024131004888066521e+00 3.414300572676418760e-02 6.208573594150388089e+03 3.774681019219523819e+02 7.130541794067285721e+00 5.898155012929638906e+04 2.477626233827713077e+04 1.987117982125564959e+04 2.350753790905185724e+03 5.696421880039023335e+02 2.045117507256656245e+04 2.101265016190758615e+04 7.105253832630709532e+00 8.316274324073229529e-01 nan 3.773462577054168214e+05 5.848071600752646759e+01
            v2_turb_17.0_45521.dat 4.337733631982912286e+00 4.454632703828022983e-02 6.929114389407916860e+03 3.893422119452710604e+02 8.599188364020223574e+00 5.845091660853943176e+04 2.491829897652725776e+04 2.282616872209803842e+04 2.255614197447806418e+03 5.339754794981528221e+02 2.113113659056054894e+04 2.124037762616967666e+04 7.480488726966341595e+00 8.580557135364503818e-01 nan 4.815430992508850177e+05 5.831013629307464186e+01
            v2_turb_17.0_49865.dat 4.611886819391483705e+00 3.664846803731859615e-02 6.847221625356511140e+03 3.924986388274218143e+02 8.142698600268053255e+00 7.132519877990568057e+04 3.330950051710998378e+04 2.098480251491662784e+04 2.182464888837327635e+03 5.234401787246191589e+02 1.976911009086763806e+04 2.129202723304719621e+04 7.127256708004545693e+00 8.119656152865933896e-01 nan 4.072645653196655330e+05 5.880257013724595083e+01
            v2_turb_17.0_60465.dat 5.220096517318825846e+00 2.607244810811638891e-02 5.070318320470072649e+03 3.221665438371911705e+02 6.605139608893570546e+00 5.313454994709644234e+04 2.396362024362195007e+04 1.706339664988281584e+04 1.898356298369350270e+03 3.488781263718361743e+02 1.641031189782565707e+04 2.014347116368779461e+04 5.900890250338270526e+00 6.775412377814337139e-01 nan 2.909010690978161292e+05 5.866034314643734149e+01
             v2_turb_17.0_7334.dat 5.328939551119593609e+00 3.935169790170086473e-02 6.706108541093521126e+03 4.057271121271854213e+02 7.578916980223713296e+00 6.431291998757161491e+04 3.439574528132248088e+04 2.356380606288635681e+04 2.280000645340405299e+03 5.058846598158765460e+02 1.917926085689967294e+04 2.090818509408289174e+04 7.410386508150389240e+00 8.395154652320432342e-01 nan 4.323252506090328097e+05 5.875105208676662016e+01
            v2_turb_18.0_25103.dat 3.699152929896188713e+00 4.456660166515504645e-02 7.866862894326069181e+03 4.022027613425283334e+02 8.180221042770986273e+00 5.807629071495701646e+04 2.928026278106655445e+04 2.271705436056769395e+04 2.520656486813013544e+03 5.641627344513940443e+02 2.192272716770620173e+04 2.124653893361676455e+04 7.635569933385302654e+00 8.737705215339846010e-01 nan 4.848132265626733424e+05 5.806862283152040760e+01
            v2_turb_18.0_27317.dat 5.411724154389323083e+00 4.607801104928280211e-02 7.614528770070865903e+03 4.418532797890458710e+02 9.794032411750922762e+00 6.780380114219652023e+04 2.737967853129119976e+04 2.331386369044952517e+04 2.347946119956689472e+03 5.887745676253332476e+02 2.120206716072753625e+04 2.145567010519719770e+04 7.415090926495637724e+00 8.438426105570243640e-01 nan 5.029525365910279215e+05 5.826511068582705377e+01
            v2_turb_18.0_28016.dat 7.220717918163419569e+00 3.982118800002145548e-02 6.525220663518452966e+03 4.660365276799102503e+02 8.540421790928737877e+00 5.862458382161932968e+04 3.021923703567193661e+04 1.915228721017960197e+04 1.889378107141302053e+03 4.872412232511937873e+02 1.884415671913241385e+04 2.075020187665864069e+04 7.367130805221291823e+00 8.585202375595187840e-01 nan 4.333990451984300744e+05 5.817275296980680821e+01
            v2_turb_18.0_34558.dat 4.146877923949761069e+00 4.127491763699973198e-02 7.993213121692598179e+03 4.228971740174362139e+02 8.182925738767186985e+00 6.679226576697552809e+04 4.545414525979469909e+04 2.577143528150373822e+04 2.833886361202165517e+03 6.477249960248237812e+02 2.300039231798301989e+04 2.170587266211270980e+04 8.281772762918322428e+00 9.361276781859961815e-01 nan 4.641571866433419054e+05 5.817623442404801892e+01
            v2_turb_18.0_46192.dat 4.324494814447595203e+00 4.300902487018835874e-02 6.964124385062401416e+03 3.540346208165991015e+02 8.431497225853339827e+00 6.219484968161903089e+04 2.793056795527613212e+04 2.132304741801476484e+04 2.124391395082780491e+03 5.256367546633844086e+02 2.051920549443614436e+04 2.112709359887199389e+04 7.323279979226270164e+00 8.430945272865723039e-01 nan 4.562697970738508739e+05 5.822619817658749497e+01
             v2_turb_18.0_8966.dat 5.090100489137225459e+00 4.364833610998958974e-02 6.731138477477819833e+03 3.895275205494186253e+02 8.397045592294190897e+00 6.249470164230406954e+04 3.045938657475252694e+04 2.391974886579988743e+04 2.067942383051201887e+03 5.604734378059022220e+02 2.051154989082858447e+04 2.114219417488848921e+04 7.211434795220035276e+00 8.246648691924519659e-01 nan 4.826444351770325447e+05 5.825374635590497974e+01
            v2_turb_19.0_17843.dat 4.518553218568190921e+00 4.318104423330201835e-02 7.370032127601140928e+03 3.628190347752783964e+02 8.883166823900712217e+00 6.358861615065117803e+04 3.388323276473741134e+04 2.246354308648519873e+04 2.260462275563189451e+03 5.891234203245784329e+02 2.084489133872658567e+04 2.099685107713040634e+04 7.447320773468355526e+00 8.670131315941987937e-01 nan 4.842474668049265747e+05 5.784282910569412905e+01
            v2_turb_19.0_20935.dat 5.264459296632098884e+00 4.935887530511873234e-02 8.421172046362358742e+03 4.488925497897566288e+02 8.637912613704159526e+00 7.143832667397231853e+04 3.910707161165829166e+04 2.671819537293178291e+04 2.603151490745521187e+03 6.908060822703573649e+02 2.489811297236385144e+04 2.181700121298455633e+04 8.423371266421192161e+00 9.684865510826928814e-01 nan 5.317264567231890978e+05 5.788390706185330714e+01
            v2_turb_19.0_33144.dat 3.445907835970967170e+00 4.339994127618592573e-02 8.429333592711805977e+03 4.059594866580203529e+02 8.633029863833050044e+00 6.924280169245280558e+04 3.598478884539988212e+04 2.547285221647448270e+04 2.609972931606532711e+03 6.500492515588438209e+02 2.316211290386570181e+04 2.164943391562610486e+04 8.170331212717798053e+00 9.389576228988336659e-01 nan 4.840804544521994540e+05 5.787503670633733321e+01
            v2_turb_19.0_51363.dat 4.540696358537251953e+00 4.405145818184940526e-02 7.196501319892851825e+03 3.956437456673048132e+02 7.939087537111991111e+00 6.165849068119558069e+04 3.068104662854813068e+04 2.326372188956079845e+04 2.702734221441235150e+03 5.844563857810512673e+02 2.282656155380893688e+04 2.127432351323897456e+04 8.147811448817275704e+00 9.416682876521015322e-01 nan 4.860694694302317803e+05 5.795011369918739064e+01
            v2_turb_19.0_56307.dat 4.928866708934407370e+00 3.989893685683663926e-02 7.237340918358297131e+03 4.114170608393970952e+02 8.682113216887504592e+00 6.215329648806143814e+04 3.113435446119733751e+04 2.199399661734605615e+04 2.372181194568610863e+03 5.475778760596689381e+02 2.146363966524287025e+04 2.143030530606137836e+04 7.655427449635213932e+00 8.721541036307253192e-01 nan 4.293116939096645801e+05 5.795663444856189273e+01
            v2_turb_19.0_63447.dat 4.973525865899465437e+00 3.539599432540653512e-02 6.367158716715591254e+03 3.497137895617584604e+02 7.763961565913767515e+00 5.426279311890374083e+04 2.612102576473712543e+04 1.969737898220683564e+04 1.841552046409024570e+03 4.897777375765484749e+02 1.937507266657167929e+04 2.069714780327364497e+04 6.913168261841039275e+00 8.050221445962126854e-01 nan 3.861637782202681410e+05 5.801259294053086535e+01
            v2_turb_20.0_20852.dat 4.923415011099540273e+00 4.974941227262346527e-02 8.117912503996760279e+03 4.218653866690922314e+02 8.033176794797707743e+00 6.422732046015391097e+04 3.506874535347886558e+04 2.418606875604327433e+04 2.406188907154697063e+03 6.864414594546354920e+02 2.258413473851955496e+04 2.133233277175026888e+04 8.225329755214762173e+00 9.518961700182271279e-01 nan 5.401661994634217117e+05 5.776717632917650747e+01
            v2_turb_20.0_25497.dat 3.985245175350010438e+00 4.516594423628201432e-02 7.715981528774823346e+03 3.866630669026386613e+02 8.760438559457845997e+00 6.401204758493244299e+04 3.841998743567501515e+04 2.207033541773607431e+04 2.217524771752235665e+03 6.156700497316550127e+02 2.082858212404764708e+04 2.091183703903644346e+04 7.926729718893064991e+00 9.196428672394417747e-01 nan 5.061662096477624727e+05 5.772622158108541868e+01
            v2_turb_20.0_29025.dat 5.133577527803992346e+00 5.090516010869459984e-02 8.871534405076101393e+03 4.583617403519349978e+02 8.666178019055644555e+00 6.310554650282721559e+04 3.408852111963126663e+04 2.530864150955996229e+04 2.413165335141142350e+03 6.843295732851488538e+02 2.267951518040243900e+04 2.131932170334937109e+04 7.669518741734657752e+00 8.833205272790503049e-01 nan 5.573297986991364742e+05 5.750069621086908711e+01
            v2_turb_20.0_43745.dat 5.803734730758935534e+00 4.313310045958694550e-02 8.502807316145128425e+03 4.209567484108633835e+02 9.243780427579647352e+00 5.948895594173434802e+04 3.686788884926860192e+04 2.017048932248333585e+04 1.993430232901278259e+03 6.080283156674483962e+02 2.012260076830573234e+04 2.100600136064606704e+04 7.300449974852020851e+00 8.566994497970994438e-01 nan 4.690473797015766031e+05 5.780509951107796951e+01
            v2_turb_20.0_51504.dat 4.701570685290482388e+00 5.363906711749324291e-02 9.782048890505493546e+03 4.373129169349248855e+02 1.001461218306626755e+01 7.338422032805191702e+04 4.568908581269999559e+04 2.752357548528793996e+04 2.755569553914459448e+03 8.145880535915223390e+02 2.500164129362729727e+04 2.251680047976096830e+04 8.753665229313924101e+00 9.966601503718653943e-01 nan 5.968185452874472830e+05 5.760566683956859180e+01
            v2_turb_20.0_54726.dat 4.778125799544561403e+00 4.585013036151566052e-02 7.901606594948579186e+03 3.690995423224180172e+02 8.086503839375975389e+00 5.957705099593856721e+04 3.215996486792376163e+04 2.012271589266493902e+04 2.243386778224230056e+03 5.917694857917591662e+02 1.947252388937928481e+04 2.096735096163368507e+04 7.099876032177418139e+00 8.277442531644227941e-01 nan 4.934081234746375703e+05 5.790961332125591809e+01
            v2_turb_21.0_25181.dat 4.475198323316134541e+00 5.346901602469984749e-02 9.357201957532412052e+03 4.096025673054081722e+02 8.673276119363892533e+00 6.764689809990892536e+04 3.950747425258441217e+04 2.606347979848487375e+04 2.669132553656939308e+03 7.495083281940892448e+02 2.392316496782342438e+04 2.217336841007215844e+04 8.073045770611882332e+00 9.320974339190624125e-01 nan 5.914977439361570869e+05 5.745414612519232378e+01
             v2_turb_21.0_3963.dat 4.191061693827858647e+00 6.860717660789199257e-02 1.187643845784773293e+04 5.197949229687632169e+02 9.963135524773571561e+00 9.631349912773308461e+04 5.916311160998546256e+04 3.188006506576840547e+04 3.645165859327618364e+03 1.022257634449946636e+03 2.842129903823258064e+04 2.340178039470585281e+04 1.086659902337150996e+01 1.209643844269252533e+00 nan 7.443544450218230486e+05 5.749112961262243005e+01
            v2_turb_21.0_42162.dat 4.481687365044421334e+00 5.410881645042295296e-02 8.366158644896384430e+03 3.867259316535257767e+02 9.275199440911944038e+00 6.146017562303201703e+04 4.266345251742844994e+04 2.393114478654195045e+04 2.558687774625112525e+03 6.940103079822446261e+02 2.153541128511189163e+04 2.137534963764566783e+04 7.481016514999554445e+00 8.683191936068322958e-01 nan 6.019529499549465254e+05 5.740820408955141119e+01
             v2_turb_21.0_5160.dat 3.815605013006139412e+00 5.362681521070389312e-02 1.016216194187770452e+04 4.437133319924710122e+02 1.074999152910984179e+01 8.211931242786748044e+04 3.886138345017263055e+04 3.058907366534097309e+04 3.060802933714925075e+03 8.985012914202789034e+02 2.625979763756287139e+04 2.215696892350588678e+04 8.446364681019398191e+00 9.658100327167986610e-01 nan 5.956272839437974617e+05 5.745885936804690886e+01
            v2_turb_21.0_57341.dat 5.108003521896853805e+00 6.060960328700575050e-02 1.047609553515996413e+04 4.654271808697227470e+02 1.020079340925538069e+01 7.914643047980277333e+04 4.008854455785661412e+04 2.891921010066378585e+04 2.959085074113867449e+03 8.181090557353461463e+02 2.666643754212286512e+04 2.222115176589659313e+04 9.180815486833992622e+00 1.062665179897279710e+00 nan 6.495782977793357568e+05 5.725938209512777632e+01
            v2_turb_21.0_61500.dat 4.830578731549874050e+00 6.106273802880986257e-02 1.090468928767208490e+04 4.846637290978552528e+02 9.872218647575618178e+00 7.780034577228619310e+04 4.041597016630639700e+04 2.893365009068133440e+04 2.993811540387462628e+03 8.262137216520598031e+02 2.434150227325841115e+04 2.199578699857144238e+04 8.514804305907526683e+00 9.667453128373766358e-01 nan 6.757698466591814067e+05 5.742644511207517866e+01
            v2_turb_22.0_29503.dat 5.817292032454334461e+00 5.078356431190201442e-02 9.874451300595101202e+03 4.423048386353112278e+02 9.840935915344344309e+00 7.373027502204135817e+04 4.562641090009850450e+04 2.539599426825433329e+04 2.890298559794032826e+03 8.374393437491827399e+02 2.368722699092120820e+04 2.190299953611466117e+04 8.789132478077640087e+00 1.012461311838239286e+00 nan 5.608478142023987602e+05 5.711004599436812157e+01
            v2_turb_22.0_40013.dat 4.556394102534631507e+00 5.975529079673910782e-02 9.648805865309521323e+03 4.152072127142434965e+02 1.040041432159787327e+01 7.149385205361573026e+04 4.162284710832898418e+04 2.686212303427354345e+04 2.748881921454194071e+03 8.260382850674963038e+02 2.496791064840348190e+04 2.187677655193072496e+04 8.276963140599443491e+00 9.449453230291811057e-01 nan 6.579674172241315246e+05 5.725211553118679575e+01
            v2_turb_22.0_40231.dat 3.659504524056815367e+00 4.833457200126353714e-02 9.892404347720344958e+03 4.092108953026226459e+02 1.016982552090333591e+01 8.200423081078172254e+04 5.161647378546932305e+04 2.628576406194705123e+04 2.994142166948775866e+03 8.185215875840901845e+02 2.425890470927291972e+04 2.148233368065716058e+04 8.075376051748232697e+00 9.246103231698777902e-01 nan 5.328409377086062450e+05 5.712586874439749351e+01
            v2_turb_22.0_41304.dat 4.416077986363551311e+00 4.934011422269442282e-02 8.984395261100207790e+03 3.683158881774128304e+02 9.047267297850339673e+00 6.064595048669788230e+04 3.927007615309858375e+04 2.388411491265139921e+04 2.484899513726360965e+03 7.548667151680001552e+02 2.261122218731036992e+04 2.131261426474160544e+04 8.052210937054418594e+00 9.252796194158924292e-01 nan 5.443424445558371954e+05 5.717304699691732850e+01
            v2_turb_22.0_47014.dat 4.105251117744271205e+00 5.513309723724783840e-02 1.086484139922653776e+04 4.164957580560201222e+02 1.054110040588483344e+01 6.859806994426455640e+04 5.570428379221355135e+04 2.562012812002965802e+04 2.917270144025488662e+03 8.562175873725547035e+02 2.593095555938165853e+04 2.217049296054050501e+04 8.056806474160222109e+00 9.278510708042233546e-01 nan 6.144947321744574001e+05 5.715981301769475209e+01
            v2_turb_22.0_52742.dat 4.850429214591253313e+00 5.986254059699432084e-02 9.216159107355671949e+03 3.777963922740349290e+02 9.302063559723045216e+00 7.062250282887744834e+04 4.763192255966327502e+04 2.666485515702973862e+04 2.910710266552907797e+03 7.972852914908814910e+02 2.621371493012158680e+04 2.210532548657266307e+04 8.561065483867229986e+00 9.966385401230268837e-01 nan 6.571841461733732140e+05 5.697320722435807028e+01
            v2_turb_23.0_18883.dat 4.851595830832327927e+00 6.160768343281355919e-02 1.145761061170281209e+04 4.604258141690621642e+02 1.096883419427710038e+01 7.731522110101902217e+04 5.379859875377354911e+04 2.729623796494026101e+04 3.066887957833906057e+03 9.303027709768718978e+02 2.617175395788214155e+04 2.255652517446064303e+04 9.285929842993883909e+00 1.070789462050668384e+00 nan 6.746481924937765580e+05 5.696987804830123281e+01
            v2_turb_23.0_31026.dat 4.804145009231946872e+00 5.656344932639398998e-02 1.006636356472085572e+04 3.895430222164699785e+02 9.353059771827771485e+00 7.772775004393818381e+04 5.028838295675134577e+04 2.760614629744785998e+04 2.790148698359818809e+03 8.448399988062094508e+02 2.430319429992595178e+04 2.146424721798703104e+04 8.160675491969715978e+00 9.402712924657771199e-01 nan 6.144049251920809038e+05 5.706862268283211392e+01
            v2_turb_23.0_36127.dat 5.420224202928653590e+00 7.090270039092098908e-02 1.131351974626030824e+04 4.885756559181720604e+02 1.026287181629434642e+01 9.319930695314887271e+04 5.408194863699793495e+04 2.961352778764820687e+04 3.333397286861878001e+03 1.012904981885292159e+03 2.807821935346771352e+04 2.307453721486519498e+04 9.232913084344041010e+00 1.048050066720887186e+00 nan 7.752182166512414115e+05 5.697769074781679421e+01
            v2_turb_23.0_49683.dat 4.384435322382277178e+00 6.317757899000199517e-02 1.209395654935556013e+04 4.577049939435219130e+02 9.747290323188984473e+00 7.965894727749287267e+04 6.066539488034956594e+04 3.271699916031998873e+04 3.438262068812248344e+03 9.327982434069160718e+02 2.840817577173908285e+04 2.212106321633463813e+04 9.835706168007437356e+00 1.120609414563648487e+00 nan 7.023467016393811209e+05 5.690014738728496724e+01
            v2_turb_23.0_49834.dat 4.664935890822942355e+00 5.860853395465705912e-02 1.010014679134487960e+04 4.121932410425206399e+02 9.284244616998048372e+00 7.181856118752955808e+04 5.072609995008842816e+04 2.610055815501171674e+04 2.759063769565881103e+03 8.584805742238299899e+02 2.565473336192885836e+04 2.183671251339638548e+04 8.694008793955010361e+00 1.004093902628482526e+00 nan 6.492909388462981442e+05 5.693516456002817705e+01
            v2_turb_23.0_57680.dat 4.440742592248733800e+00 5.596663622095483792e-02 9.913403559454500282e+03 3.910244023450972577e+02 9.390294723451452441e+00 6.650111658219851961e+04 4.062238627395755611e+04 2.309823014988128489e+04 2.465866711120865148e+03 7.961411202986438411e+02 2.248259562283989726e+04 2.109514129530125865e+04 7.541120539135031109e+00 8.731720671153574420e-01 nan 6.124825039976596599e+05 5.707701068411616063e+01
            v2_turb_24.0_11244.dat 4.117243330726046757e+00 7.007778981935793017e-02 1.191090295411199622e+04 4.913406059608213354e+02 1.036531581601889229e+01 7.905063363420151290e+04 4.962211645073795808e+04 2.796406774577456963e+04 2.953271127080252427e+03 9.583209333552150611e+02 2.458398718429768996e+04 2.175278526789268653e+04 8.452035339236115163e+00 9.760721956679447864e-01 nan 7.667437848469548626e+05 5.675275204987224242e+01
            v2_turb_24.0_11250.dat 5.784728012822053067e+00 7.339567330908855491e-02 1.286089388646462066e+04 4.870589954151670327e+02 1.064233425771891106e+01 8.588374184963473817e+04 5.169385843660948740e+04 3.229548406651294863e+04 2.835027433146350631e+03 1.078593434778259279e+03 2.636468281535460846e+04 2.362561079872860137e+04 9.385103022598528355e+00 1.074993634634187734e+00 nan 8.149266301798116183e+05 5.686913701646960817e+01
              v2_turb_24.0_377.dat 5.006379821503883498e+00 7.012428269180158436e-02 1.213876603972675366e+04 4.615702985055369254e+02 9.324138851689056651e+00 7.597391727810201701e+04 4.765936203859720990e+04 3.139693123280966392e+04 2.660662378043240551e+03 1.020607554816036213e+03 2.555341485839813322e+04 2.301828534009927171e+04 9.063697957601496213e+00 1.036081364163681684e+00 nan 7.719280305288493400e+05 5.679440796894174071e+01
            v2_turb_24.0_44891.dat 4.339706830613003774e+00 7.441083336325021724e-02 1.311922919967340385e+04 4.934460932329438947e+02 1.120072040428553173e+01 8.891903751876008755e+04 4.817791512591883657e+04 3.258046807638718019e+04 3.684564947047217174e+03 9.907358792227428239e+02 2.805077994602435501e+04 2.250841936244833050e+04 1.057876670120972129e+01 1.177316496845534521e+00 nan 8.355373199067374226e+05 5.668533424620220273e+01
            v2_turb_24.0_50518.dat 5.746355425389615412e+00 5.708101834895839416e-02 1.128307531647681390e+04 4.363665401703165116e+02 1.092308530653915000e+01 7.170030494488748081e+04 5.044362425899910886e+04 2.556196422563207670e+04 2.809607417725025698e+03 9.866255001236928592e+02 2.339805698125113122e+04 2.200619652673042947e+04 8.126360078472162130e+00 9.336537539876190728e-01 nan 6.398429449473926798e+05 5.673159811890275961e+01
            v2_turb_24.0_60394.dat 4.748870198180934032e+00 6.315799222886281372e-02 1.164964852769609934e+04 4.687304704087030700e+02 1.084818521835640404e+01 8.664291027867549565e+04 4.412137112724699546e+04 3.237749470544032738e+04 3.338472280868302732e+03 1.003751684179827521e+03 2.813228722752987233e+04 2.275020861972016428e+04 9.861209836739886825e+00 1.114546032477075954e+00 nan 7.025901089434368769e+05 5.664682251230152588e+01
