Statistics: p99. Generated: 07/12/2021 09:12:39. No. files: 120.
                              File                       4                      10                      11                      13                      15                      17                      18                      20                      21                      25                      26                      27                      61                      64                      70                     100                     108
            v2_turb_05.0_21716.dat 3.211879999999999846e+00 5.909090099999999568e-01 3.470117400000001453e+03 5.675642200000000912e+02 7.726233500000001087e+00 9.524951100000001315e+04 2.366080199999999968e+04 -1.055059299999999894e+03 3.752137900000001537e+03 -5.088176499999964797e+00 -4.567929000000000087e+03 1.304130500000000029e+04 9.844009000000008669e+00 1.473092400000000524e+00 2.896450200000000186e+06 1.704581200000000186e+06 8.007670099999999991e+01
            v2_turb_05.0_40322.dat 3.211879999999999846e+00 5.904540100000000846e-01 3.098222100000000410e+03 5.555752000000001090e+02 7.979951599999999701e+00 7.548004900000004272e+04 1.503862000000000444e+04 -2.323049199999999928e+03 3.144720900000000256e+03 -4.695871799999994209e+02 -5.669448999999999614e+03 1.272580099999999948e+04 9.321633100000001448e+00 1.415122700000000622e+00 2.716191600000000093e+06 1.599000000000000000e+06 8.005241000000000895e+01
            v2_turb_05.0_43619.dat 3.211879999999999846e+00 5.926240200000000291e-01 4.552040300000000570e+03 6.097520500000000538e+02 9.273105600000009829e+00 1.019110900000000256e+05 2.088833400000000620e+04 6.334949100000043245e+02 4.377814600000001519e+03 -5.777342399999998861e+02 -4.368744999999998981e+03 1.327511900000000423e+04 1.194839999999999947e+01 1.662900800000000290e+00 3.776932900000000838e+06 2.223841300000000279e+06 8.001962600000000236e+01
            v2_turb_05.0_47165.dat 3.211879999999999846e+00 5.911629999999999940e-01 2.909291000000000167e+03 5.308521600000000262e+02 8.403255500000000211e+00 9.747377900000000955e+04 1.704270200000000114e+04 9.257768900000492351e+01 2.654214400000000751e+03 -5.295209399999999960e+02 -4.569780399999997826e+03 1.261100500000000102e+04 1.006130600000000008e+01 1.498250400000000093e+00 2.239252100000000093e+06 1.317460300000000047e+06 8.007540099999999939e+01
            v2_turb_05.0_47952.dat 3.211879999999999846e+00 5.910360000000000058e-01 4.802861200000003009e+03 6.262822500000000900e+02 7.898814300000000621e+00 9.302990000000003783e+04 1.714262700000002587e+04 3.926754600000023174e+02 4.283289999999999964e+03 -4.084521699999998532e+02 -4.288719899999998233e+03 1.264130199999999968e+04 1.104819999999999958e+01 1.583203700000000547e+00 4.172932100000000559e+06 2.454660200000000186e+06 8.007100300000000459e+01
            v2_turb_05.0_50292.dat 3.211879999999999846e+00 5.904710300000000078e-01 2.837324500000001080e+03 5.454140900000001011e+02 7.400721899999999742e+00 8.288875900000002002e+04 1.690804200000000856e+04 -9.477563899999995556e+02 3.136321200000000317e+03 -2.621843699999994897e+02 -4.310484999999998763e+03 1.281201200000000244e+04 9.067791700000000787e+00 1.393931700000000218e+00 2.458720700000000186e+06 1.445941500000000466e+06 8.008140400000000625e+01
            v2_turb_06.0_14324.dat 3.211879999999999846e+00 5.928450299999999951e-01 5.221060000000000400e+03 6.725690199999999095e+02 8.965652000000002175e+00 1.062554200000001001e+05 2.372834500000000844e+04 1.128890200000004143e+03 4.970227900000001682e+03 -1.303142699999998513e+03 -6.725728899999995519e+03 1.310310100000000057e+04 1.170491100000000273e+01 1.642862000000000489e+00 4.613144200000001118e+06 2.719073000000000466e+06 7.997620800000001395e+01
            v2_turb_06.0_26862.dat 3.123096800000001227e+00 5.927220100000000214e-01 5.447196400000000722e+03 6.895972000000000435e+02 9.128177400000001995e+00 9.611051900000000023e+04 2.192870900000000256e+04 7.904191400000012209e+02 5.252301100000000588e+03 -6.973649399999999332e+02 -5.930664199999997436e+03 1.320260100000000057e+04 1.236740800000000284e+01 1.702243300000000570e+00 4.774523700000001118e+06 2.811182300000000745e+06 8.000110099999999136e+01
            v2_turb_06.0_47824.dat 3.211879999999999846e+00 5.916010100000000937e-01 4.222770599999999831e+03 6.318545100000001185e+02 9.110994299999999768e+00 9.640874700000000303e+04 2.443484000000000742e+04 -8.024784999999982347e+02 3.812570900000000620e+03 -3.004348999999999705e+02 -4.307391799999997602e+03 1.301779999999999927e+04 1.060940200000000111e+01 1.544861000000000040e+00 3.513161600000000093e+06 2.067980300000000047e+06 8.003700200000000109e+01
            v2_turb_06.0_51321.dat 3.211879999999999846e+00 6.214030700000000573e-01 5.979706100000005790e+03 7.495753900000000840e+02 9.952082900000000620e+00 1.061841700000000419e+05 2.652450900000000183e+04 1.216280500000000075e+03 5.428386300000001938e+03 -1.459159800000000132e+03 -5.918203399999996691e+03 1.327790500000000065e+04 1.205369999999999919e+01 1.676220000000000043e+00 4.999660400000000373e+06 3.107290600000000093e+06 7.998740499999999543e+01
            v2_turb_06.0_52263.dat 3.211879999999999846e+00 5.923550099999999041e-01 5.291182800000001407e+03 6.749640100000001439e+02 8.773901300000000347e+00 1.084737800000001444e+05 1.970097900000001755e+04 -9.471106799999996610e+02 4.908432200000001103e+03 -1.516729699999999866e+03 -6.815694299999994655e+03 1.335240400000000045e+04 1.168540800000000068e+01 1.645270100000000069e+00 4.532993400000000373e+06 2.666810300000000279e+06 7.997870100000000093e+01
            v2_turb_06.0_55769.dat 3.211879999999999846e+00 5.931530100000000916e-01 5.623120300000004136e+03 6.885112399999999298e+02 9.162811500000000109e+00 1.134180500000000175e+05 2.542554800000000978e+04 9.233800200000035829e+02 5.392192100000000210e+03 -1.079099999999999909e+03 -5.600228399999997237e+03 1.373060100000000057e+04 1.304850900000000280e+01 1.751080099999999806e+00 4.902346000000001863e+06 2.894980900000000373e+06 7.998210799999999665e+01
             v2_turb_07.0_2336.dat 1.121670200000000062e+00 8.168970099999999235e-01 1.032221400000000358e+04 1.228770200000000159e+03 1.071010400000000118e+01 1.491967200000001467e+05 3.302630800000000454e+04 6.039365800000003219e+03 9.416293300000001182e+03 -1.707237499999999500e+03 -7.737387899999996989e+03 1.513560200000000077e+04 1.377152400000000476e+01 1.797780700000000120e+00 8.640595500000001863e+06 7.057101200000000186e+06 7.980101000000000511e+01
            v2_turb_07.0_40743.dat 2.494802900000000712e+00 7.260160300000000344e-01 8.148191700000000310e+03 1.015430299999999988e+03 9.650663400000000891e+00 1.205420200000000041e+05 2.274654800000000978e+04 3.037674700000000939e+03 7.635371900000000096e+03 -2.869288599999999860e+03 -9.065865200000000186e+03 1.435490200000000004e+04 1.255760300000000029e+01 1.712639999999999940e+00 6.820260200000000186e+06 4.949530700000000186e+06 7.983940099999999518e+01
            v2_turb_07.0_45626.dat 2.681491800000000314e+00 6.814140199999999536e-01 7.730260400000000118e+03 9.179005200000000286e+02 1.004190200000000033e+01 1.207780200000000041e+05 2.045941000000000349e+04 1.221851600000000190e+03 6.908703200000000834e+03 -2.206997899999999390e+03 -9.405768099999999322e+03 1.393850200000000041e+04 1.286501200000000367e+01 1.735961400000000321e+00 6.013820200000000186e+06 4.098470100000000093e+06 7.983330599999999322e+01
            v2_turb_07.0_52870.dat 2.011124900000004878e+00 6.986150700000000047e-01 8.285980400000000373e+03 9.597398000000002867e+02 1.034270800000000179e+01 1.247950900000000256e+05 2.849182000000000335e+04 5.211421300000009978e+03 7.363793200000000979e+03 -3.046801899999998113e+03 -8.424207199999998920e+03 1.423639999999999964e+04 1.371300199999999947e+01 1.793290900000000132e+00 6.319380400000000373e+06 4.416040200000000186e+06 7.984490300000000218e+01
            v2_turb_07.0_52899.dat 2.358816100000001192e+00 6.885100100000000056e-01 7.924084400000001551e+03 9.499400299999999788e+02 1.003121000000000329e+01 1.212520600000000122e+05 3.221349200000006022e+04 2.103028900000012072e+03 7.161031600000000253e+03 -2.027314899999992804e+03 -7.001368299999998271e+03 1.403780299999999988e+04 1.297290099999999846e+01 1.741160000000000041e+00 6.126360099999999627e+06 4.213680200000000186e+06 7.986020399999999597e+01
             v2_turb_07.0_8564.dat 3.210490800000000089e+00 7.067850099999999358e-01 7.946645200000003570e+03 9.784076100000000906e+02 9.408281299999998737e+00 1.269330400000000081e+05 3.382380100000000675e+04 1.081888700000005883e+03 7.223465100000001257e+03 -1.020078299999999672e+03 -7.017108799999996336e+03 1.389360000000000036e+04 1.265300200000000075e+01 1.724750300000000180e+00 6.460940400000000373e+06 4.564173100000000559e+06 7.990310300000000154e+01
            v2_turb_08.0_15536.dat 2.016361600000000642e+00 8.108490500000000711e-01 1.065612400000000525e+04 1.192811100000000124e+03 1.128220299999999909e+01 1.464550500000000175e+05 2.866671400000000358e+04 7.167161000000000058e+03 9.323913700000000972e+03 -2.946548699999999826e+03 -9.482916599999995015e+03 1.493402100000000428e+04 1.324390600000000262e+01 1.758500500000000244e+00 8.525110599999999627e+06 6.911270500000000000e+06 7.975140100000000132e+01
            v2_turb_08.0_22441.dat 2.155834700000000659e+00 7.868850299999999853e-01 9.647450500000000829e+03 1.138370700000000170e+03 1.182661700000000238e+01 1.415531500000000233e+05 2.447051100000000224e+04 5.487661299999999756e+03 9.078782700000001569e+03 -4.073928699999999480e+03 -1.104957499999999527e+04 1.484700500000000102e+04 1.276610300000000109e+01 1.730850400000000011e+00 8.037780099999999627e+06 6.326610599999999627e+06 7.976912499999998829e+01
            v2_turb_08.0_32293.dat 1.563303300000002949e+00 7.676680300000000567e-01 9.545770900000004985e+03 1.149041900000000396e+03 1.081310100000000141e+01 1.397293800000000629e+05 2.672245500000003085e+04 3.340804600000014943e+03 8.391730499999999665e+03 -2.434731199999998353e+03 -9.431573099999999613e+03 1.470900000000000000e+04 1.300880900000000295e+01 1.744310100000000086e+00 7.630130400000000373e+06 5.857450400000000373e+06 7.978001199999999926e+01
            v2_turb_08.0_41120.dat 2.287999999999999812e+00 8.425280400000000336e-01 1.085540099999999984e+04 1.318401600000000371e+03 1.207080100000000122e+01 1.557042800000000570e+05 2.760972700000000623e+04 5.561081900000001042e+03 1.020060300000000097e+04 -3.699529599999999846e+03 -1.038409399999999914e+04 1.604800000000000000e+04 1.326610200000000006e+01 1.760450200000000187e+00 9.194870800000000745e+06 7.751221900000000373e+06 7.969601900000000683e+01
            v2_turb_08.0_46290.dat 1.916640099999999958e+00 7.754250400000001209e-01 9.728472999999999956e+03 1.160030099999999948e+03 1.196139999999999937e+01 1.336900700000000070e+05 3.231860299999999916e+04 4.201890900000003057e+03 9.227720099999998638e+03 -3.218170299999997951e+03 -9.190025799999993978e+03 1.500063500000000749e+04 1.346810100000000077e+01 1.774920200000000170e+00 7.784720299999999814e+06 6.039833300000000745e+06 7.978971400000000358e+01
            v2_turb_08.0_60415.dat 1.870423400000000846e+00 7.507080499999999601e-01 8.844481299999999464e+03 1.077440200000000004e+03 1.149231600000000242e+01 1.276730000000000000e+05 1.904704100000000835e+04 1.902540299999999888e+03 7.979793000000000575e+03 -3.375696199999998953e+03 -1.029967799999999625e+04 1.485660900000000220e+04 1.245651800000000264e+01 1.710460400000000103e+00 7.292820099999999627e+06 5.476150200000000186e+06 7.978690500000000441e+01
            v2_turb_09.0_26343.dat 2.385981700000000316e+00 9.454680199999999646e-01 1.163180500000000029e+04 1.462280899999999974e+03 1.355311600000000283e+01 1.699120100000000093e+05 2.738989600000001883e+04 5.723970500000024913e+03 1.193510400000000118e+04 -5.275125799999999799e+03 -1.328765099999999074e+04 1.609095100000001003e+04 1.241272600000000459e+01 1.705340700000000043e+00 1.019650400000000186e+07 9.630503900000002235e+06 7.958381400000000383e+01
            v2_turb_09.0_34715.dat 2.287999999999999812e+00 8.251500400000000290e-01 1.070661300000000301e+04 1.255530399999999872e+03 1.307469999999999999e+01 1.505012100000000210e+05 2.593401500000000306e+04 4.757982800000006137e+03 9.985193800000000920e+03 -5.412770000000000437e+03 -1.247444599999998900e+04 1.582291000000000167e+04 1.279062300000000363e+01 1.733591800000000349e+00 8.807460800000000745e+06 7.269652400000000373e+06 7.967161000000000115e+01
             v2_turb_09.0_5751.dat 2.287999999999999812e+00 9.090400200000000597e-01 1.179490300000000025e+04 1.419901200000000244e+03 1.285280400000000078e+01 1.650180000000000000e+05 2.751355400000001100e+04 7.452407800000009047e+03 1.044070200000000114e+04 -4.393338399999999638e+03 -1.101156299999999283e+04 1.534571200000000317e+04 1.277464200000000716e+01 1.727371400000000445e+00 9.370500000000000000e+06 8.496820000000000000e+06 7.964122199999999907e+01
            v2_turb_09.0_59920.dat 2.287999999999999812e+00 9.391670100000000243e-01 1.172440300000000025e+04 1.487650100000000066e+03 1.425771500000000280e+01 1.699480500000000175e+05 2.127316300000001138e+04 8.058221500000000560e+03 1.088650400000000081e+04 -5.414749700000000303e+03 -1.263954299999998875e+04 1.535600600000000122e+04 1.258791900000000297e+01 1.716251200000000310e+00 9.965440200000001118e+06 9.354954200000001118e+06 7.963960600000000056e+01
             v2_turb_09.0_8821.dat 2.287999999999999812e+00 8.313771300000000197e-01 1.102060400000000118e+04 1.289430000000000064e+03 1.272500199999999992e+01 1.537450199999999895e+05 2.579960499999999956e+04 5.532826300000017909e+03 1.012970200000000114e+04 -4.077668900000000122e+03 -1.066779899999999907e+04 1.600900200000000041e+04 1.269071600000000366e+01 1.726540099999999800e+00 8.945421000000001863e+06 7.433346300000001676e+06 7.964950000000000330e+01
             v2_turb_09.0_9468.dat 2.287999999999999812e+00 8.530860300000000507e-01 1.115920200000000114e+04 1.333160500000000184e+03 1.413104100000000862e+01 1.571820700000000361e+05 2.629888100000001577e+04 8.256747700000007171e+03 1.023750700000000143e+04 -4.521048899999999776e+03 -1.076249299999999857e+04 1.574870500000000175e+04 1.289213700000000529e+01 1.736160800000000171e+00 9.344290000000000000e+06 7.973500099999999627e+06 7.966431500000000199e+01
            v2_turb_10.0_13708.dat 5.497681800000003172e+00 9.545280299999999718e-01 1.328381100000000151e+04 1.571820600000000240e+03 1.398630299999999949e+01 1.856180599999999977e+05 2.153877100000001519e+04 1.060831800000000294e+04 1.225030199999999968e+04 -7.159019699999999830e+03 -1.495999799999999959e+04 1.689073100000000704e+04 1.216999999999999993e+01 1.686290300000000020e+00 1.059200000000000000e+07 1.011310000000000000e+07 7.945720000000000027e+01
             v2_turb_10.0_2246.dat 4.731433199999999673e+00 9.513549999999999507e-01 1.347590600000000086e+04 1.516730000000000018e+03 1.503019100000001806e+01 1.839621600000000326e+05 2.040432600000000457e+04 1.168852500000000509e+04 1.212230199999999968e+04 -5.984878499999999804e+03 -1.249637399999999434e+04 1.614810600000000159e+04 1.260320700000000116e+01 1.717521000000000075e+00 1.059200000000000000e+07 1.007590000000000000e+07 7.956115800000000604e+01
            v2_turb_10.0_25797.dat 2.822382300000000566e+00 9.450770299999998736e-01 1.336760600000000159e+04 1.489980199999999968e+03 1.365121400000000307e+01 1.804601900000000314e+05 2.553470500000000175e+04 1.119160100000000057e+04 1.180210100000000057e+04 -5.887239199999999983e+03 -1.182259499999999935e+04 1.603490099999999984e+04 1.230571800000000238e+01 1.697171200000000324e+00 1.040550300000000000e+07 9.809880099999999627e+06 7.954830099999999504e+01
            v2_turb_10.0_25824.dat 5.317803300000004896e+00 9.506621899999999625e-01 1.288213500000000749e+04 1.471941400000000385e+03 1.536581500000000311e+01 1.776760500000000175e+05 2.165447000000001572e+04 7.851273700000000645e+03 1.170850300000000061e+04 -6.470467599999999038e+03 -1.287678999999999724e+04 1.591291200000000208e+04 1.222570800000000091e+01 1.687791400000000275e+00 1.059200000000000000e+07 1.006620100000000000e+07 7.960662800000000061e+01
            v2_turb_10.0_53407.dat 3.748822600000000449e+00 9.501930100000000046e-01 1.298860400000000118e+04 1.583401300000000447e+03 1.423984000000000982e+01 1.844350400000000081e+05 1.907941400000000431e+04 8.645053200000007564e+03 1.181720300000000134e+04 -5.822039800000000469e+03 -1.326439099999997779e+04 1.625000900000000183e+04 1.198363000000000511e+01 1.667262000000000244e+00 1.059200000000000000e+07 1.005680100000000000e+07 7.950330499999999745e+01
             v2_turb_10.0_7055.dat 4.499764400000004549e+00 9.520370100000000724e-01 1.405761000000000240e+04 1.544621200000000272e+03 1.357590600000000158e+01 1.831951900000000605e+05 2.324482300000000396e+04 9.013124700000022131e+03 1.194151100000000224e+04 -5.897979599999999664e+03 -1.112723699999998644e+04 1.642960399999999936e+04 1.312810699999999997e+01 1.750001800000000385e+00 1.059200000000000000e+07 1.008130200000000186e+07 7.961091400000000817e+01
             v2_turb_11.0_1633.dat 6.977716100000001198e+00 9.541789999999999994e-01 1.406043000000000575e+04 1.525510700000000270e+03 1.514494300000000848e+01 1.846630200000000186e+05 2.343241200000000390e+04 1.306940800000000127e+04 1.246821200000000317e+04 -7.809849799999999959e+03 -1.370198899999999776e+04 1.629551900000000387e+04 1.149290700000000243e+01 1.627912700000000656e+00 1.059200000000000000e+07 1.010870100000000000e+07 7.949060300000000723e+01
            v2_turb_11.0_25765.dat 8.874713800000005648e+00 9.561330099999999499e-01 1.326321800000000439e+04 1.490690000000000055e+03 1.581380300000000183e+01 1.803620499999999884e+05 2.105290400000000227e+04 9.915902900000004593e+03 1.239150600000000122e+04 -7.583879100000000108e+03 -1.546837799999999515e+04 1.636720900000000256e+04 1.177801100000000289e+01 1.652570100000000153e+00 1.059200000000000000e+07 1.012790100000000000e+07 7.945971199999999612e+01
            v2_turb_11.0_37345.dat 8.950647500000004086e+00 9.559740399999999694e-01 1.356550400000000081e+04 1.554810200000000123e+03 1.525190399999999968e+01 1.870810800000000163e+05 2.577680199999999968e+04 1.374412100000000464e+04 1.285020000000000073e+04 -8.221859500000000480e+03 -1.439705999999997221e+04 1.671530500000000029e+04 1.108020800000000072e+01 1.589050000000000074e+00 1.059200000000000000e+07 1.012690000000000000e+07 7.945941100000000290e+01
            v2_turb_11.0_41193.dat 7.717380100000000631e+00 9.539300400000000346e-01 1.286330800000000090e+04 1.473381100000000288e+03 1.522711400000000381e+01 1.749690100000000093e+05 2.189022900000000664e+04 7.866213400000004185e+03 1.215340500000000065e+04 -7.372379600000000210e+03 -1.541849899999999980e+04 1.612440099999999984e+04 1.185220700000000171e+01 1.660240399999999950e+00 1.059200000000000000e+07 1.010350000000000000e+07 7.950910300000001030e+01
            v2_turb_11.0_43724.dat 8.074470699999999113e+00 9.574771200000000704e-01 1.352900500000000102e+04 1.529070200000000114e+03 1.508690499999999979e+01 1.804732400000000489e+05 2.137004100000000835e+04 8.362897500000015498e+03 1.233430099999999948e+04 -8.649609100000001490e+03 -1.752539500000000044e+04 1.629321100000000297e+04 1.158081700000000325e+01 1.637021800000000304e+00 1.059200000000000000e+07 1.014100100000000000e+07 7.943903299999999490e+01
            v2_turb_11.0_59287.dat 6.453321400000000096e+00 9.545970000000000288e-01 1.375260200000000077e+04 1.513350599999999986e+03 1.570000700000000116e+01 1.845181000000000349e+05 2.314790600000000268e+04 1.243843400000002657e+04 1.243320900000000256e+04 -7.484219299999999748e+03 -1.354906199999997261e+04 1.627471000000000276e+04 1.229190600000000089e+01 1.694961600000000512e+00 1.059200000000000000e+07 1.011470000000000000e+07 7.949904300000000035e+01
            v2_turb_12.0_23697.dat 8.711653400000001213e+00 9.556190199999999857e-01 1.371450100000000020e+04 1.483410300000000234e+03 1.627479999999999905e+01 1.777450000000000000e+05 2.756070600000000195e+04 1.077000900000000183e+04 1.267980199999999968e+04 -9.680588899999998830e+03 -1.429067899999999645e+04 1.630621400000000358e+04 9.887435200000000535e+00 1.475842500000000390e+00 1.059200000000000000e+07 1.012340100000000186e+07 7.953180700000000058e+01
            v2_turb_12.0_28003.dat 9.703174900000000491e+00 9.615970000000000351e-01 1.394413500000000749e+04 1.526720100000000230e+03 1.671540099999999995e+01 1.824900000000000000e+05 2.991950900000000183e+04 1.368764000000000851e+04 1.270060500000000138e+04 -9.881236799999998766e+03 -1.280299699999999939e+04 1.654170200000000114e+04 9.701591300000007578e+00 1.451723100000000377e+00 1.059200000000000000e+07 1.018770000000000000e+07 7.949220300000000350e+01
            v2_turb_12.0_29989.dat 1.033600000000000030e+01 9.565570999999999380e-01 1.400240200000000004e+04 1.514610800000000154e+03 1.700970500000000030e+01 1.778361300000000338e+05 2.598905000000001019e+04 1.152321700000000419e+04 1.284570700000000215e+04 -9.333599699999998847e+03 -1.379406799999999384e+04 1.689850100000000020e+04 9.934940700000002067e+00 1.477812400000000581e+00 1.059200000000000000e+07 1.013520000000000000e+07 7.951240799999999354e+01
            v2_turb_12.0_40278.dat 1.006800500000000120e+01 9.596460100000000493e-01 1.370850400000000081e+04 1.501321900000000369e+03 1.654620099999999994e+01 1.802000299999999988e+05 2.830250900000000183e+04 1.013194400000000860e+04 1.269260600000000159e+04 -9.932629899999999907e+03 -1.429359799999999996e+04 1.644070200000000114e+04 1.013450300000000048e+01 1.499920800000000165e+00 1.059200000000000000e+07 1.016500100000000000e+07 7.951690200000001596e+01
            v2_turb_12.0_56645.dat 1.096750199999999964e+01 9.582240599999999331e-01 1.381693600000000697e+04 1.497320800000000190e+03 1.638460399999999950e+01 1.780280100000000093e+05 2.243780099999999948e+04 1.073130600000000049e+04 1.260050300000000061e+04 -9.978110000000000582e+03 -1.367619800000000032e+04 1.649910199999999895e+04 9.551620100000000946e+00 1.444010600000000144e+00 1.059200000000000000e+07 1.015080100000000186e+07 7.955710000000000548e+01
             v2_turb_12.0_6007.dat 1.028860200000000091e+01 9.620990100000000878e-01 1.412033500000000640e+04 1.515021500000000287e+03 1.625851800000000580e+01 1.854081400000000140e+05 2.590582300000000396e+04 1.318731800000000294e+04 1.254000200000000041e+04 -7.752903999999998632e+03 -1.378938299999999617e+04 1.655111600000000180e+04 1.110350400000000093e+01 1.592900099999999819e+00 1.059200000000000000e+07 1.018960000000000000e+07 7.951590299999999445e+01
            v2_turb_13.0_24246.dat 1.209561200000000269e+01 9.606800199999999679e-01 1.424921000000000276e+04 1.510820300000000088e+03 1.714690099999999973e+01 1.791213200000000652e+05 2.971933100000002742e+04 1.075510800000000199e+04 1.289981500000000233e+04 -9.752108800000001793e+03 -1.027778799999999683e+04 1.669350400000000081e+04 1.040911500000000345e+01 1.529821100000000378e+00 1.059200000000000000e+07 1.018060100000000000e+07 7.960230200000000877e+01
             v2_turb_13.0_3219.dat 1.159450099999999928e+01 9.590761200000000875e-01 1.396610500000000138e+04 1.297382400000000416e+03 1.763301600000000491e+01 1.541040100000000093e+05 2.779543900000000940e+04 9.534394500000000335e+03 1.263670400000000154e+04 -1.124989999999999964e+04 -1.146677899999999499e+04 1.641412600000000384e+04 7.205161400000000604e+00 1.187340100000000120e+00 1.059200000000000000e+07 1.016240100000000000e+07 7.966423400000000754e+01
            v2_turb_13.0_59662.dat 1.244144300000000847e+01 9.625740099999999799e-01 1.456350400000000081e+04 1.461720200000000204e+03 1.729321300000000150e+01 1.750861000000000349e+05 3.289020799999999872e+04 1.216724600000001010e+04 1.268130900000000111e+04 -1.078487799999999515e+04 -9.594483099999992191e+03 1.648110099999999875e+04 7.991232000000002778e+00 1.278710500000000305e+00 1.059200000000000000e+07 1.019810000000000000e+07 7.968250800000001277e+01
            v2_turb_13.0_63909.dat 1.294572000000000500e+01 9.636580200000000040e-01 1.434540200000000004e+04 1.465060300000000097e+03 1.815190400000000182e+01 1.766810900000000256e+05 2.795931700000002456e+04 1.410891100000000188e+04 1.290220100000000093e+04 -1.002509799999999996e+04 -1.076689499999999862e+04 1.671650000000000000e+04 9.271028200000003494e+00 1.411393100000000622e+00 1.059200000000000000e+07 1.020850000000000000e+07 7.965990399999999738e+01
            v2_turb_13.0_64836.dat 1.137660699999999991e+01 9.614780000000000548e-01 1.393470400000000154e+04 1.463720300000000179e+03 1.766209999999999880e+01 1.748872200000000594e+05 3.057712200000000303e+04 1.108100700000000143e+04 1.264440099999999984e+04 -1.004020000000000073e+04 -1.237739699999999903e+04 1.664760900000000038e+04 8.769754500000001229e+00 1.359230299999999891e+00 1.059200000000000000e+07 1.018620100000000000e+07 7.959571699999999339e+01
             v2_turb_13.0_6610.dat 1.063610600000000161e+01 9.593940099999999083e-01 1.447120600000000195e+04 1.320790600000000040e+03 1.797469999999999857e+01 1.599511400000000431e+05 3.388040600000000268e+04 1.369807800000001589e+04 1.304210100000000057e+04 -1.123689999999999964e+04 -1.055139299999999821e+04 1.704264400000000751e+04 8.042207900000006404e+00 1.280060600000000104e+00 1.059200000000000000e+07 1.016390100000000000e+07 7.963000399999998535e+01
            v2_turb_14.0_17103.dat 1.462860100000000152e+01 9.681972800000000490e-01 1.473770100000000093e+04 1.438110200000000077e+03 2.008841100000000068e+01 1.727323000000000466e+05 3.447813400000000547e+04 1.462426700000001438e+04 1.293290400000000045e+04 -9.446549499999999171e+03 -5.601683299999996052e+03 1.694290600000000268e+04 9.264671500000000393e+00 1.406640300000000066e+00 1.059200000000000000e+07 1.025190000000000000e+07 7.972661000000000797e+01
            v2_turb_14.0_33723.dat 1.278190400000000082e+01 9.593660099999999913e-01 1.380481800000000294e+04 1.429230000000000018e+03 1.858081600000000222e+01 1.698540700000000361e+05 2.914350400000000081e+04 8.971068700000021636e+03 1.290341000000000167e+04 -1.115109499999999935e+04 -1.034638899999999740e+04 1.675221300000000338e+04 8.657574000000000325e+00 1.355211600000000294e+00 1.059200000000000000e+07 1.016270100000000186e+07 7.968112000000000705e+01
            v2_turb_14.0_34311.dat 1.309750000000000014e+01 9.609690300000000018e-01 1.388031200000000172e+04 1.275580899999999929e+03 1.937180900000000250e+01 1.553750200000000186e+05 3.153360800000000017e+04 1.127551400000000285e+04 1.300660100000000057e+04 -1.123850000000000000e+04 -8.740468299999998635e+03 1.697501200000000244e+04 7.573732100000002632e+00 1.231201500000000282e+00 1.059200000000000000e+07 1.018110000000000000e+07 7.970371900000000664e+01
            v2_turb_14.0_46217.dat 1.374540000000000006e+01 9.608760600000000318e-01 1.374590300000000025e+04 1.294800800000000208e+03 1.990520100000000170e+01 1.536260499999999884e+05 2.511181600000000253e+04 9.520983900000001086e+03 1.265710400000000118e+04 -1.125870000000000073e+04 -1.116739799999999923e+04 1.665630600000000049e+04 6.958186100000001595e+00 1.162240300000000115e+00 1.059200000000000000e+07 1.017880100000000000e+07 7.971660099999999716e+01
             v2_turb_14.0_7720.dat 1.489562400000000508e+01 9.621360100000000415e-01 1.429010600000000159e+04 1.246500300000000152e+03 1.907160500000000170e+01 1.581310800000000163e+05 2.972361000000000058e+04 1.332525900000001275e+04 1.275900200000000041e+04 -1.122579899999999907e+04 -9.010920999999996639e+03 1.691131200000000172e+04 7.064790700000000534e+00 1.172140800000000205e+00 1.059200000000000000e+07 1.019230100000000000e+07 7.971751600000000337e+01
             v2_turb_14.0_8754.dat 1.475670900000000252e+01 9.652950100000000644e-01 1.421960000000000036e+04 1.384090199999999868e+03 1.951902000000000115e+01 1.645300099999999802e+05 3.198728100000001723e+04 1.019532300000000396e+04 1.300530400000000009e+04 -1.121369900000000052e+04 -8.398811299999992116e+03 1.713470700000000215e+04 8.181554099999999607e+00 1.296380200000000205e+00 1.059200000000000000e+07 1.022490100000000186e+07 7.964183300000001964e+01
            v2_turb_15.0_10279.dat 1.476839999999999975e+01 9.643819999999999615e-01 1.483421200000000317e+04 1.121512000000000398e+03 2.046473700000000662e+01 1.416270000000000000e+05 3.079503000000000611e+04 1.282561000000000240e+04 1.309920100000000093e+04 -1.119360000000000036e+04 -7.229540799999993396e+03 1.746390700000000288e+04 6.508150500000000171e+00 1.105100199999999866e+00 1.059200000000000000e+07 1.021600100000000000e+07 7.978341500000000508e+01
            v2_turb_15.0_22297.dat 1.526784300000000805e+01 9.672120599999999291e-01 1.501130700000000070e+04 1.230080399999999827e+03 1.992210500000000195e+01 1.522961200000000244e+05 2.969535800000001109e+04 1.662055900000001202e+04 1.313160200000000077e+04 -1.117209900000000016e+04 -5.192762899999994261e+03 1.738401200000000244e+04 6.963981700000000608e+00 1.153440300000000196e+00 1.059200000000000000e+07 1.024420000000000000e+07 7.975942500000000734e+01
            v2_turb_15.0_25148.dat 1.623310100000000133e+01 9.642020500000000327e-01 1.414700900000000183e+04 1.227830399999999827e+03 1.983861300000000227e+01 1.495881500000000233e+05 2.983796700000003329e+04 1.010930299999999988e+04 1.267620100000000093e+04 -1.121379999999999927e+04 -8.051603999999996631e+03 1.654220500000000175e+04 6.554810100000003636e+00 1.112903300000000595e+00 1.059200000000000000e+07 1.021840100000000000e+07 7.980120200000000352e+01
            v2_turb_15.0_33167.dat 1.637950400000000073e+01 9.672271199999999958e-01 1.507490099999999984e+04 1.116210100000000011e+03 2.136112500000000480e+01 1.408530800000000163e+05 3.082211100000000079e+04 1.358376900000001478e+04 1.319260000000000036e+04 -1.116389999999999964e+04 -6.129081399999973655e+03 1.755682300000000396e+04 6.350316700000001369e+00 1.083190300000000050e+00 1.059200000000000000e+07 1.024790100000000000e+07 7.979731400000000008e+01
            v2_turb_15.0_41424.dat 1.493991000000000113e+01 9.702980500000000230e-01 1.501082300000000396e+04 1.227310600000000022e+03 2.062053400000000991e+01 1.565582100000000501e+05 3.711911500000001979e+04 1.265931200000000172e+04 1.315700200000000041e+04 -1.118649899999999980e+04 -6.227859399999997549e+03 1.757093300000000818e+04 6.993222000000012706e+00 1.159610800000000275e+00 1.059200000000000000e+07 1.027750100000000000e+07 7.977100100000001248e+01
            v2_turb_15.0_57600.dat 1.502180000000000071e+01 9.614920000000000133e-01 1.418280400000000009e+04 1.151860599999999977e+03 2.094781400000000460e+01 1.410443000000000466e+05 3.264891000000000349e+04 1.121710800000000199e+04 1.287751500000000306e+04 -1.120710000000000036e+04 -7.318569899999999507e+03 1.712110900000000038e+04 6.283175300000000796e+00 1.091710399999999970e+00 1.059200000000000000e+07 1.018890200000000000e+07 7.977970400000000950e+01
            v2_turb_16.0_19655.dat 1.484430000000000049e+01 9.645710099999998954e-01 1.483870600000000195e+04 1.071680500000000166e+03 2.116170199999999824e+01 1.356970499999999884e+05 3.632318500000001950e+04 9.961102400000001580e+03 1.290900500000000102e+04 -1.117679899999999907e+04 -7.261246599999989485e+03 1.710921000000000276e+04 5.784504600000000885e+00 1.023790700000000164e+00 1.059200000000000000e+07 1.021850100000000186e+07 7.982480499999999779e+01
            v2_turb_16.0_45772.dat 1.760760300000000456e+01 9.722690099999999891e-01 1.543790099999999984e+04 1.066621100000000297e+03 2.300160800000000094e+01 1.350710400000000081e+05 3.647213900000001013e+04 1.502641800000000330e+04 1.310391800000000330e+04 -1.113700000000000000e+04 -4.861277599999997619e+03 1.730150100000000020e+04 5.803767600000001359e+00 1.019221700000000341e+00 1.059200000000000000e+07 1.029570100000000000e+07 7.985190099999999802e+01
            v2_turb_16.0_55975.dat 1.650860200000000333e+01 9.653330900000000048e-01 1.487100300000000061e+04 1.171700000000000045e+03 2.129272000000000276e+01 1.431650700000000070e+05 3.112623900000000867e+04 1.331610800000000199e+04 1.289820000000000073e+04 -1.115710000000000036e+04 -5.653368299999999181e+03 1.718562100000000282e+04 6.387869000000003794e+00 1.089660200000000190e+00 1.059200000000000000e+07 1.022900000000000000e+07 7.985020600000001423e+01
             v2_turb_16.0_5616.dat 1.546420200000000023e+01 9.649320399999999909e-01 1.456131000000000131e+04 1.038480199999999968e+03 2.163581400000000343e+01 1.295140400000000081e+05 3.419295400000001246e+04 1.058320100000000093e+04 1.286890500000000065e+04 -1.119079999999999927e+04 -7.379449700000000121e+03 1.690950200000000041e+04 5.285873600000000394e+00 9.601451800000000425e-01 1.059200000000000000e+07 1.022640100000000000e+07 7.982122300000000337e+01
            v2_turb_16.0_56353.dat 1.604470099999999988e+01 9.666220100000000315e-01 1.453720100000000093e+04 1.058741000000000213e+03 2.184981100000000254e+01 1.315520100000000093e+05 3.365600200000002224e+04 1.238084800000000905e+04 1.294950600000000122e+04 -1.118060000000000036e+04 -5.845350099999984195e+03 1.710192100000000573e+04 5.678801400000000221e+00 1.004534100000000763e+00 1.059200000000000000e+07 1.024000000000000000e+07 7.984630699999999592e+01
             v2_turb_16.0_7031.dat 1.715920999999999808e+01 9.610049999999999981e-01 1.465270100000000093e+04 1.054510099999999966e+03 2.275520799999999966e+01 1.362171300000000047e+05 3.695840700000000652e+04 1.226536000000001150e+04 1.302720300000000134e+04 -1.119720000000000073e+04 -5.650413499999990563e+03 1.688040200000000186e+04 5.556863500000006617e+00 9.909384600000005205e-01 1.059200000000000000e+07 1.018390100000000000e+07 7.984740999999999644e+01
            v2_turb_17.0_20390.dat 1.689550400000000252e+01 9.717430700000000421e-01 1.531385100000000966e+04 1.052842200000000275e+03 2.207831000000000188e+01 1.319980500000000175e+05 3.847701300000000629e+04 1.492771700000000419e+04 1.332380600000000049e+04 -1.110199899999999980e+04 -2.885146599999992759e+03 1.809629000000001906e+04 5.826164500000000857e+00 1.025441300000000222e+00 1.059200000000000000e+07 1.029590000000000000e+07 7.985881000000000540e+01
            v2_turb_17.0_37683.dat 1.753399999999999892e+01 9.674411000000000538e-01 1.491460200000000077e+04 1.021881100000000288e+03 2.250401300000000404e+01 1.266150700000000215e+05 3.163620700000000215e+04 1.304261600000000362e+04 1.330629999999999927e+04 -1.114359900000000016e+04 -3.520256999999987329e+03 1.765125800000001254e+04 5.322218900000003750e+00 9.632172800000002866e-01 1.059200000000000000e+07 1.025130100000000000e+07 7.985320200000001023e+01
            v2_turb_17.0_45521.dat 1.827110800000000168e+01 9.712049999999999850e-01 1.522280299999999988e+04 1.002730900000000247e+03 2.337384500000000642e+01 1.292020299999999988e+05 3.062554500000000917e+04 1.430004300000000876e+04 1.310130099999999948e+04 -1.112629999999999927e+04 -3.363582999999998719e+03 1.714840200000000186e+04 5.321127000000000606e+00 9.625071200000000493e-01 1.059200000000000000e+07 1.029460100000000000e+07 7.993170100000000389e+01
            v2_turb_17.0_49865.dat 1.813990100000000183e+01 9.683440199999999720e-01 1.528421700000000419e+04 1.043030199999999923e+03 2.330960599999999872e+01 1.332962200000000303e+05 3.619232900000000518e+04 1.356430700000000070e+04 1.319540200000000004e+04 -1.113979999999999927e+04 -4.755499499999999898e+03 1.735879999999999927e+04 5.097882400000000480e+00 9.358445600000001585e-01 1.059200000000000000e+07 1.026460000000000000e+07 7.988452800000001730e+01
            v2_turb_17.0_60465.dat 1.787690099999999660e+01 9.644790999999999226e-01 1.405490099999999984e+04 1.024262200000000576e+03 2.261660099999999929e+01 1.306540600000000122e+05 3.171827800000005664e+04 1.095680299999999988e+04 1.268620400000000154e+04 -1.121439899999999943e+04 -6.768306699999999182e+03 1.656633200000000579e+04 5.120924400000001597e+00 9.486580700000000199e-01 1.059200000000000000e+07 1.021760000000000000e+07 7.986610400000000709e+01
             v2_turb_17.0_7334.dat 1.795441300000000240e+01 9.746460900000000205e-01 1.536351100000000224e+04 1.093422000000000480e+03 2.250570800000000204e+01 1.372731900000000314e+05 3.628910700000000361e+04 1.432353500000000713e+04 1.296540800000000127e+04 -1.114969900000000052e+04 -4.875573299999999108e+03 1.699451000000000204e+04 5.721497300000002895e+00 1.016460900000000223e+00 1.059200000000000000e+07 1.032470100000000000e+07 7.990260400000001084e+01
            v2_turb_18.0_25103.dat 1.924651200000000273e+01 9.761640299999999604e-01 1.559192100000000391e+04 9.322310700000000452e+02 2.403870500000000021e+01 1.214510100000000093e+05 3.490263800000000629e+04 1.451511500000002343e+04 1.329931400000000212e+04 -1.111889899999999943e+04 -2.573463799999986804e+03 1.783014500000000771e+04 4.582886100000004959e+00 8.739795200000001207e-01 1.059200000000000000e+07 1.034150300000000000e+07 7.994360399999999345e+01
            v2_turb_18.0_27317.dat 1.970860100000000159e+01 9.762920200000000381e-01 1.568480299999999988e+04 1.040160100000000057e+03 2.520225500000001162e+01 1.332510900000000256e+05 3.398235700000001088e+04 1.340224300000000949e+04 1.325750000000000000e+04 -1.110729999999999927e+04 -3.188227099999987331e+03 1.769841400000000431e+04 4.882019100000003498e+00 9.109146200000001192e-01 1.059200000000000000e+07 1.034330000000000000e+07 7.989550200000000757e+01
            v2_turb_18.0_28016.dat 1.960910100000000256e+01 9.686000200000000060e-01 1.499675800000001254e+04 1.174971900000000460e+03 2.429720200000000219e+01 1.375420400000000373e+05 3.430392400000000634e+04 1.294342600000000493e+04 1.275250000000000000e+04 -1.116079899999999907e+04 -4.097094199999999546e+03 1.702910299999999916e+04 5.825143000000002402e+00 1.030872000000000233e+00 1.059200000000000000e+07 1.026270000000000000e+07 7.991640900000000158e+01
            v2_turb_18.0_34558.dat 1.819070899999999824e+01 9.709051900000000845e-01 1.622464100000000872e+04 9.842391800000001467e+02 2.336041300000000120e+01 1.280610000000000000e+05 4.393302500000000873e+04 1.673082700000000477e+04 1.333210200000000077e+04 -1.107929899999999907e+04 -2.080707899999985329e+03 1.801102200000000448e+04 5.182903800000005390e+00 9.372517200000001214e-01 1.059200000000000000e+07 1.029090100000000000e+07 7.989541099999999574e+01
            v2_turb_18.0_46192.dat 1.879090100000000163e+01 9.708880499999998914e-01 1.527415300000001116e+04 9.456835300000002462e+02 2.413660500000000297e+01 1.245880800000000163e+05 3.350649600000002101e+04 1.350331400000000212e+04 1.316940300000000025e+04 -1.113039899999999943e+04 -2.945010099999994054e+03 1.816031000000000131e+04 4.671312700000006757e+00 8.916952600000006557e-01 1.059200000000000000e+07 1.028860200000000000e+07 7.993149999999999977e+01
             v2_turb_18.0_8966.dat 1.964670800000000028e+01 9.702901000000000442e-01 1.526821200000000317e+04 9.936432300000001305e+02 2.553930700000000087e+01 1.306962800000000570e+05 3.487300100000000384e+04 1.487154500000000917e+04 1.284350300000000061e+04 -1.112449899999999980e+04 -3.047683599999996659e+03 1.725602700000000550e+04 5.288994200000004753e+00 9.609547700000002912e-01 1.059200000000000000e+07 1.028060100000000186e+07 7.994410799999999995e+01
            v2_turb_19.0_17843.dat 2.027350099999999955e+01 9.702230199999999360e-01 1.559660000000000036e+04 9.140720200000004070e+02 2.593190399999999940e+01 1.257002400000000489e+05 3.813382400000000780e+04 1.590040700000000106e+04 1.304800100000000020e+04 -1.110779899999999907e+04 -2.217508999999991829e+03 1.759410599999999977e+04 4.342772700000000263e+00 8.465727500000003181e-01 1.059200000000000000e+07 1.028210100000000000e+07 7.997430500000000109e+01
            v2_turb_19.0_20935.dat 1.995310599999999823e+01 9.760460099999999084e-01 1.599631000000000131e+04 9.660348400000003721e+02 2.523780300000000310e+01 1.279073600000000733e+05 3.847682400000000780e+04 1.588533800000000701e+04 1.361230099999999948e+04 -1.106349899999999980e+04 -6.863874999999942474e+02 1.893570800000000236e+04 4.737163300000000632e+00 8.910635800000007434e-01 1.059200000000000000e+07 1.034150200000000000e+07 7.993790199999999402e+01
            v2_turb_19.0_33144.dat 1.981124400000000918e+01 9.707800300000000160e-01 1.611104000000000815e+04 9.017451200000000426e+02 2.467460700000000173e+01 1.236430100000000093e+05 4.072552100000000792e+04 1.700292300000000614e+04 1.332891400000000249e+04 -1.106929999999999927e+04 -2.713022299999890379e+02 1.807020900000000256e+04 4.633235600000005228e+00 8.737759300000002005e-01 1.059200000000000000e+07 1.028440100000000000e+07 7.996911099999999806e+01
            v2_turb_19.0_51363.dat 2.000489999999999924e+01 9.707310999999999579e-01 1.555180400000000009e+04 9.422915000000001555e+02 2.469221400000000344e+01 1.242772700000000477e+05 3.615920100000000093e+04 1.723927800000001662e+04 1.339930900000000111e+04 -1.111819900000000052e+04 -7.417344699999831619e+02 1.780782500000000437e+04 4.607203600000003618e+00 8.762720999999999982e-01 1.059200000000000000e+07 1.028700000000000000e+07 8.001010200000000339e+01
            v2_turb_19.0_56307.dat 1.947010200000000069e+01 9.722600000000000131e-01 1.556041300000000228e+04 9.771644400000003543e+02 2.467741900000000399e+01 1.266310200000000186e+05 3.579290299999999843e+04 1.380290200000000004e+04 1.331700600000000122e+04 -1.112520000000000073e+04 -2.387985499999997046e+03 1.809741700000000492e+04 4.644722500000002086e+00 8.860030200000004186e-01 1.059200000000000000e+07 1.030100000000000000e+07 7.997171299999999405e+01
            v2_turb_19.0_63447.dat 2.202920500000000104e+01 9.679710000000000258e-01 1.497170200000000114e+04 9.106285500000001321e+02 2.488870500000000163e+01 1.180672000000000407e+05 3.260986300000001211e+04 1.274030400000000009e+04 1.281410100000000057e+04 -1.115110000000000036e+04 -3.122505299999992985e+03 1.707133800000000701e+04 3.863213100000000733e+00 7.906791600000000475e-01 1.059200000000000000e+07 1.026070000000000000e+07 7.998340300000000980e+01
            v2_turb_20.0_20852.dat 2.172840000000000060e+01 9.744000499999999620e-01 1.586110000000000036e+04 9.247952000000000226e+02 2.658301600000000420e+01 1.222640800000000163e+05 3.857183500000001368e+04 1.682229200000001947e+04 1.314820300000000134e+04 -1.107139999999999964e+04 -3.208925299999916092e+02 1.800971800000000439e+04 4.379781700000002331e+00 8.484994200000001152e-01 1.059200000000000000e+07 1.032210100000000000e+07 8.000940099999999688e+01
            v2_turb_20.0_25497.dat 2.027740200000000215e+01 9.717210199999999354e-01 1.544711000000000240e+04 8.856361499999999296e+02 2.622064300000000969e+01 1.207983000000000611e+05 4.261602800000000570e+04 1.596002900000002592e+04 1.308590500000000065e+04 -1.109249899999999980e+04 -7.591629499999982045e+02 1.788290100000000166e+04 4.091905500000007301e+00 8.200938600000000633e-01 1.059200000000000000e+07 1.029650000000000000e+07 7.999370500000000561e+01
            v2_turb_20.0_29025.dat 2.079840199999999939e+01 9.744170300000000173e-01 1.616410800000000199e+04 9.118929400000002943e+02 2.576230400000000387e+01 1.196632800000000570e+05 3.745880000000000291e+04 1.666992100000002392e+04 1.342860100000000057e+04 -1.107399899999999980e+04 -4.300270799999892120e+02 1.853060099999999875e+04 4.003500599999999743e+00 8.055169100000001414e-01 1.059200000000000000e+07 1.032710200000000000e+07 7.997380499999999870e+01
            v2_turb_20.0_43745.dat 2.280270700000000161e+01 9.739090099999999639e-01 1.601380099999999948e+04 9.307908700000003819e+02 2.647401600000000599e+01 1.192010400000000081e+05 3.930791500000002998e+04 1.273301700000000346e+04 1.296100300000000061e+04 -1.111089999999999964e+04 -1.638654799999994793e+03 1.753130099999999948e+04 3.717743900000002544e+00 7.751402200000001574e-01 1.059200000000000000e+07 1.032060100000000000e+07 8.000321000000000993e+01
            v2_turb_20.0_51504.dat 2.258450900000000061e+01 9.804120099999998894e-01 1.713876800000001458e+04 8.857183600000000752e+02 2.769310200000000322e+01 1.199713900000000867e+05 4.134578000000003522e+04 1.592502600000000530e+04 1.358620100000000093e+04 -1.100389999999999964e+04 1.042057200000005423e+03 1.920352600000000530e+04 3.961965600000000975e+00 7.943328800000002410e-01 1.059200000000000000e+07 1.038560000000000000e+07 7.997120299999998849e+01
            v2_turb_20.0_54726.dat 2.092440200000000061e+01 9.756860000000000532e-01 1.556111100000000260e+04 8.928756400000000895e+02 2.640134700000000834e+01 1.179491800000000221e+05 3.799532100000000355e+04 1.211372800000000643e+04 1.290440099999999984e+04 -1.110920000000000073e+04 -2.354945999999990818e+03 1.736762400000000343e+04 3.967468500000003839e+00 8.071900799999999210e-01 1.059200000000000000e+07 1.033620000000000000e+07 8.000351200000000063e+01
            v2_turb_21.0_25181.dat 2.319091200000000086e+01 9.780640200000001450e-01 1.679647200000001612e+04 8.560161399999999503e+02 2.700590500000000205e+01 1.156612000000000407e+05 4.305664900000000489e+04 1.612650900000000183e+04 1.348010100000000057e+04 -1.102579999999999927e+04 1.020103900000002795e+03 1.846910099999999875e+04 3.467367600000001993e+00 7.344378100000001908e-01 1.059200000000000000e+07 1.036310200000000000e+07 8.003200100000000816e+01
             v2_turb_21.0_3963.dat 2.211120100000000122e+01 9.839181100000000679e-01 1.801630700000000070e+04 9.253353200000001380e+02 2.748970399999999970e+01 1.316590100000000093e+05 5.484981800000000658e+04 2.109215200000000914e+04 1.393740400000000045e+04 -1.092289899999999943e+04 3.932328600000018014e+03 1.921650100000000020e+04 4.816204400000005492e+00 8.963853000000000515e-01 1.059200000000000000e+07 1.042740000000000000e+07 8.006580399999999997e+01
            v2_turb_21.0_42162.dat 2.338470200000000077e+01 9.815410399999999758e-01 1.593290800000000127e+04 8.405669000000001461e+02 3.065124300000000801e+01 1.155631600000000326e+05 4.483889500000004045e+04 1.655701400000000285e+04 1.335170700000000215e+04 -1.105879899999999907e+04 -2.171430199999942943e+02 1.809421200000000317e+04 3.363374200000000869e+00 7.269787000000001997e-01 1.059200000000000000e+07 1.039540000000000000e+07 8.003421000000000163e+01
             v2_turb_21.0_5160.dat 2.298580100000000215e+01 9.781100400000000139e-01 1.737811600000000180e+04 8.657242500000000973e+02 2.979125400000005186e+01 1.205481800000000367e+05 4.346944400000001042e+04 1.772246000000001368e+04 1.356660300000000097e+04 -1.098919800000000032e+04 2.552003900000010617e+03 1.878190000000000146e+04 3.585633400000000748e+00 7.438239800000002733e-01 1.059200000000000000e+07 1.036830000000000000e+07 7.999920100000001355e+01
            v2_turb_21.0_57341.dat 2.366750400000000099e+01 9.816140099999999258e-01 1.754631700000000274e+04 9.001932500000000346e+02 2.845771500000000387e+01 1.253590900000000256e+05 4.531807400000001508e+04 1.958951200000000244e+04 1.355480099999999948e+04 -1.099759900000000016e+04 3.030091000000006261e+03 1.842341300000000410e+04 4.431311400000002010e+00 8.497104000000004209e-01 1.059200000000000000e+07 1.040070200000000000e+07 8.004951599999999701e+01
            v2_turb_21.0_61500.dat 2.295570700000000031e+01 9.834521400000000302e-01 1.714801200000000244e+04 9.024163600000005090e+02 2.712840200000000124e+01 1.228880200000000041e+05 4.252139600000002247e+04 1.741741700000000492e+04 1.353020100000000093e+04 -1.099279899999999907e+04 1.718246500000007472e+03 1.899450700000000143e+04 3.680659100000003736e+00 7.582181900000000141e-01 1.059200000000000000e+07 1.042110100000000000e+07 8.003102200000000721e+01
            v2_turb_22.0_29503.dat 2.422221300000000355e+01 9.794772200000000373e-01 1.722610199999999895e+04 8.644015700000001061e+02 2.931851000000000340e+01 1.196590400000000081e+05 4.797881900000002497e+04 1.838340800000000309e+04 1.337210800000000199e+04 -1.099850000000000000e+04 2.099890700000002198e+03 1.827771200000000317e+04 3.758815900000007204e+00 7.721216000000000745e-01 1.059200000000000000e+07 1.037890100000000000e+07 8.008001600000000053e+01
            v2_turb_22.0_40013.dat 2.355170100000000133e+01 9.832800300000000826e-01 1.700120600000000195e+04 8.616945200000000114e+02 2.944030700000000067e+01 1.175090199999999895e+05 4.559981000000001950e+04 1.902340000000000146e+04 1.333721900000000460e+04 -1.101269900000000052e+04 1.894430299999999988e+03 1.797170300000000134e+04 3.510607900000001891e+00 7.448760600000006171e-01 1.059200000000000000e+07 1.041260000000000000e+07 8.009270800000000179e+01
            v2_turb_22.0_40231.dat 2.415720500000000115e+01 9.768470000000000208e-01 1.698090800000000309e+04 8.204302800000000389e+02 3.002930299999999875e+01 1.203465300000001153e+05 5.104574000000000524e+04 1.697321400000000358e+04 1.357913200000000688e+04 -1.100120000000000073e+04 1.808975900000001275e+03 1.827940400000000227e+04 3.358961800000002551e+00 7.200603100000001477e-01 1.059200000000000000e+07 1.035920000000000000e+07 8.005830699999999922e+01
            v2_turb_22.0_41304.dat 2.407100600000000412e+01 9.754710100000000272e-01 1.658860499999999956e+04 8.163104600000000346e+02 2.837980800000000059e+01 1.120980100000000093e+05 4.374071300000000338e+04 1.531550600000000122e+04 1.318170100000000093e+04 -1.104659900000000016e+04 1.203967000000007602e+03 1.828183300000000600e+04 3.367317800000001693e+00 7.235617800000001543e-01 1.059200000000000000e+07 1.033800000000000000e+07 8.007391099999999540e+01
            v2_turb_22.0_47014.dat 2.369480600000000337e+01 9.773370000000000113e-01 1.750220800000000236e+04 8.405740199999999049e+02 2.976672100000000398e+01 1.156060500000000175e+05 5.340221800000000076e+04 1.649520100000000093e+04 1.382550500000000102e+04 -1.098529899999999907e+04 2.721208000000007814e+03 1.945990600000000268e+04 3.275715000000001265e+00 7.073452000000005624e-01 1.059200000000000000e+07 1.035580100000000000e+07 8.008030300000000068e+01
            v2_turb_22.0_52742.dat 2.398370099999999994e+01 9.803381800000000590e-01 1.669013600000000588e+04 8.344874900000000935e+02 2.923930700000000016e+01 1.183651700000000274e+05 4.865362000000000262e+04 1.626122300000000541e+04 1.392511900000000423e+04 -1.101439999999999964e+04 2.614602600000008351e+03 1.969011600000000180e+04 3.775860700000002623e+00 7.752735800000006838e-01 1.059200000000000000e+07 1.039440000000000000e+07 8.002040099999999256e+01
            v2_turb_23.0_18883.dat 2.538702200000000531e+01 9.855160499999998658e-01 1.759090400000000227e+04 8.185275500000002467e+02 3.030431800000000564e+01 1.176412500000000437e+05 5.157891500000000087e+04 1.932270500000000175e+04 1.366270200000000114e+04 -1.094659900000000016e+04 3.852557800000005955e+03 1.928434800000000905e+04 3.430665100000003243e+00 7.311077200000001275e-01 1.059200000000000000e+07 1.044900100000000000e+07 8.009371500000000310e+01
            v2_turb_23.0_31026.dat 2.425420100000000190e+01 9.817581300000001177e-01 1.706600700000000143e+04 8.213916500000000269e+02 2.898959999999999937e+01 1.164280200000000041e+05 4.853270500000000175e+04 1.745771700000000419e+04 1.344782200000000375e+04 -1.098939999999999964e+04 2.939061700000004748e+03 1.850301100000000224e+04 3.059329800000003985e+00 6.928983200000004006e-01 1.059200000000000000e+07 1.040060100000000000e+07 8.010612000000000421e+01
            v2_turb_23.0_36127.dat 2.443140299999999954e+01 9.824871099999999968e-01 1.787440100000000166e+04 8.690792099999999891e+02 2.985780100000000203e+01 1.259501300000000338e+05 5.504266800000007788e+04 2.059834300000000803e+04 1.382090400000000045e+04 -1.093310000000000036e+04 3.662103800000000774e+03 1.940030600000000049e+04 3.543095000000000550e+00 7.392402900000002441e-01 1.059200000000000000e+07 1.042140000000000000e+07 8.008540500000000861e+01
            v2_turb_23.0_49683.dat 2.528120199999999684e+01 9.825500400000001244e-01 1.785430299999999988e+04 8.225055300000001353e+02 3.079180200000000056e+01 1.239905300000001153e+05 5.845886900000003516e+04 2.204821500000002197e+04 1.384280400000000009e+04 -1.094179799999999886e+04 5.019002300000004652e+03 1.874722200000000521e+04 3.647695400000001253e+00 7.652379000000005815e-01 1.059200000000000000e+07 1.041270200000000000e+07 8.010715800000001252e+01
            v2_turb_23.0_49834.dat 2.505610599999999977e+01 9.794950300000000443e-01 1.707910399999999936e+04 8.318441200000002027e+02 3.025552900000000989e+01 1.171713000000000757e+05 5.146563900000001013e+04 1.901701000000000204e+04 1.345852000000000407e+04 -1.098939899999999943e+04 2.662492500000000291e+03 1.842441200000000390e+04 3.163900500000000005e+00 6.977397200000003963e-01 1.059200000000000000e+07 1.038300000000000000e+07 8.007460200000001294e+01
            v2_turb_23.0_57680.dat 2.462890100000000260e+01 9.772520100000000598e-01 1.667180600000000049e+04 8.017621499999999060e+02 2.925991600000000048e+01 1.158800299999999988e+05 4.253555200000001059e+04 1.643480099999999948e+04 1.331342900000000554e+04 -1.102620000000000073e+04 1.546988800000009860e+03 1.747005000000001019e+04 2.873732600000000748e+00 6.643438200000001403e-01 1.059200000000000000e+07 1.036360100000000000e+07 8.008071999999999946e+01
            v2_turb_24.0_11244.dat 2.509830799999999940e+01 9.897444600000000481e-01 1.792867200000001321e+04 8.245544500000000880e+02 3.205530800000000369e+01 1.231792900000000664e+05 4.983792400000002817e+04 1.846780900000000111e+04 1.352030099999999948e+04 -1.094739899999999943e+04 3.407695800000001327e+03 1.809270900000000256e+04 2.937702900000000561e+00 6.724134500000003012e-01 1.059200000000000000e+07 1.049840000000000000e+07 8.013960800000000972e+01
            v2_turb_24.0_11250.dat 2.674620900000000390e+01 9.891825100000000148e-01 1.863270200000000114e+04 8.402773600000001579e+02 3.092270399999999952e+01 1.208483600000000733e+05 4.849190299999999843e+04 2.018752700000004552e+04 1.357680400000000009e+04 -1.089519900000000052e+04 3.803799000000001797e+03 1.968720300000000134e+04 3.295907500000003321e+00 7.017250100000000934e-01 1.059200000000000000e+07 1.048100100000000000e+07 8.005690700000000959e+01
              v2_turb_24.0_377.dat 2.698552200000000312e+01 9.898344200000001036e-01 1.811910900000000038e+04 8.174387100000001283e+02 3.129150099999999668e+01 1.216911100000000297e+05 5.064371400000000722e+04 1.922682400000000416e+04 1.344220400000000154e+04 -1.093169599999999991e+04 5.515006500000011329e+03 1.892590300000000207e+04 3.076032000000000100e+00 6.855991700000000355e-01 1.059200000000000000e+07 1.049480400000000000e+07 8.015700100000000816e+01
            v2_turb_24.0_44891.dat 2.632770099999999758e+01 9.877190399999999926e-01 1.873810499999999956e+04 8.343884500000002618e+02 3.189860399999999885e+01 1.240870100000000093e+05 5.055124000000000524e+04 2.295402200000002631e+04 1.348250900000000183e+04 -1.090679899999999907e+04 5.488162900000000263e+03 1.883900900000000183e+04 3.492767400000003519e+00 7.263314100000004547e-01 1.059200000000000000e+07 1.046180000000000000e+07 8.015652500000000202e+01
            v2_turb_24.0_50518.dat 2.819560099999999991e+01 9.816450500000000190e-01 1.782650100000000020e+04 8.181506900000001679e+02 3.255304600000000192e+01 1.171520600000000122e+05 5.041005200000001059e+04 1.693040300000000207e+04 1.339210100000000057e+04 -1.095399899999999980e+04 2.536283300000004601e+03 1.827970200000000114e+04 2.516467000000001342e+00 6.195017700000000627e-01 1.059200000000000000e+07 1.040890000000000000e+07 8.012980100000000050e+01
            v2_turb_24.0_60394.dat 2.595009999999999906e+01 9.843150000000000510e-01 1.841481600000000253e+04 8.289868100000001050e+02 3.214551099999999906e+01 1.216261600000000326e+05 4.788415600000000995e+04 2.095893400000000838e+04 1.393760100000000057e+04 -1.092669800000000032e+04 5.628516400000003159e+03 1.972354800000000978e+04 3.503144800000001169e+00 7.288879600000003345e-01 1.059200000000000000e+07 1.043110100000000000e+07 8.015560299999999927e+01
