Statistics: mean. Generated: 30/11/2021 10:42:25. No. files: 120.
                              File                       4                      10                      11                      13                      15                      17                      18                      20                      21                      25                      26                      27                      61                      64                      70                     100                     108
            v2_turb_05.0_21716.dat 0.000000000000000000e+00 5.866306708166666439e-01 1.585556607348171383e+03 4.437714243833333967e+02 4.771797929833333285e+00 4.475640299001216772e+04 2.056264536954310188e+03 -6.659320953720864964e+03 1.692849344987766699e+03 -1.582761607666425107e+03 -1.055262276650000058e+04 4.613531001068167257e+02 5.616102453488333701e+00 1.013784533016666600e+00 1.472287279248999432e+06 8.650271823508131783e+05 4.722937414666667166e+01
            v2_turb_05.0_40322.dat 0.000000000000000000e+00 5.874492155666666271e-01 1.571666296516666534e+03 4.504792072666666058e+02 5.121566838666667287e+00 4.559848797439067130e+04 1.957232593226576682e+03 -6.607210421254999346e+03 1.628446219283333221e+03 -1.569083198733333575e+03 -1.075710747666666794e+04 4.740101204216500150e+02 5.932555552183333525e+00 1.052704101866666742e+00 1.459421438749999972e+06 8.574124303999999538e+05 4.719430434166666544e+01
            v2_turb_05.0_43619.dat 0.000000000000000000e+00 5.874456565166665811e-01 2.048437479299999723e+03 4.668312514000000419e+02 4.971379439000000566e+00 4.823593656906500837e+04 2.813418507404916909e+03 -5.827025724596283908e+03 2.209620876355639666e+03 -2.047417290099999946e+03 -1.105593785300000127e+04 6.026108290439332222e+02 6.291885321575100498e+00 1.087478436533333204e+00 1.904569487916666782e+06 1.119029998350000009e+06 4.718707702666667103e+01
            v2_turb_05.0_47165.dat 0.000000000000000000e+00 5.874512418166667471e-01 1.367980495336366403e+03 4.282094368333333136e+02 5.131514190333334113e+00 4.295491092113516061e+04 1.726329259123593147e+03 -6.797246363825166554e+03 1.401271066249999876e+03 -1.365759246983333469e+03 -1.031568815033333522e+04 4.164377185386495057e+02 5.484445351550898629e+00 9.991882242166667538e-01 1.270263843133333372e+06 7.463460498499999521e+05 4.722420151666667465e+01
            v2_turb_05.0_47952.dat 0.000000000000000000e+00 5.874454905333332810e-01 1.641461703470000202e+03 4.470124568166666563e+02 4.925087266833333643e+00 4.579090057156056719e+04 2.316698411125883467e+03 -6.016068488242699459e+03 1.699955297149999979e+03 -1.639950669883333603e+03 -1.065599279600000045e+04 4.860852060160333394e+02 5.802088300800500420e+00 1.034769993600000104e+00 1.525296587816666579e+06 8.961737621166666504e+05 4.721423678000000024e+01
            v2_turb_05.0_50292.dat 0.000000000000000000e+00 5.874449747833332403e-01 1.331508032100229457e+03 4.273448680000000195e+02 4.856948314499999420e+00 4.337807729017313250e+04 1.957524260939664828e+03 -6.159053636787666619e+03 1.464398767443774886e+03 -1.330355752701625079e+03 -1.028333333350000066e+04 4.003742487227166862e+02 5.369374804225048869e+00 9.860513002166667595e-01 1.237621226286740042e+06 7.271306470266713295e+05 4.722932517333332925e+01
            v2_turb_06.0_14324.dat 0.000000000000000000e+00 5.874527064166665813e-01 3.114124468249999609e+03 5.536103442333333078e+02 6.240685519000000347e+00 5.917108951022666588e+04 4.120587367842416825e+03 -5.043891985268577628e+03 3.139140540166666597e+03 -3.110326047999999901e+03 -1.247071875283333247e+04 9.019008889212950635e+02 7.504086301800000136e+00 1.227544963833333114e+00 2.892611373166666832e+06 1.699533565233333269e+06 4.711390643500000408e+01
            v2_turb_06.0_26862.dat 0.000000000000000000e+00 5.874469751666666628e-01 2.902907313916666681e+03 5.356009887833334915e+02 6.070878059666666715e+00 5.708224836466666602e+04 3.967925525791300061e+03 -5.059159921128436508e+03 2.957534118066666906e+03 -2.901302086549999785e+03 -1.216795745599999827e+04 8.382536993059499082e+02 7.261963082358697363e+00 1.199110829333333239e+00 2.698307426549999975e+06 1.585352372250000015e+06 4.711791670666666221e+01
            v2_turb_06.0_47824.dat 0.000000000000000000e+00 5.874506473833334130e-01 2.128846734445878155e+03 4.883730818999999883e+02 5.895687017000000196e+00 5.072982394226166070e+04 2.784118482843366564e+03 -5.935241309836998880e+03 2.250629703049999989e+03 -2.126249957595000069e+03 -1.126086575316667040e+04 6.189843173239966063e+02 6.180343982106166756e+00 1.078269914966666798e+00 1.977767922849999974e+06 1.162017223763333401e+06 4.714361408833333655e+01
            v2_turb_06.0_51321.dat 0.000000000000000000e+00 5.888803502166666259e-01 3.075628928416666440e+03 5.446238313833332541e+02 6.142168843500001252e+00 5.757558301322549232e+04 3.729851206517952050e+03 -5.667640514133517172e+03 3.063189481666666779e+03 -3.071279532000000472e+03 -1.231130919000000176e+04 8.786577748490666409e+02 7.349258614113333365e+00 1.207344972366666713e+00 2.856219177000000142e+06 1.685190221900000004e+06 4.701041822999999908e+01
            v2_turb_06.0_52263.dat 0.000000000000000000e+00 5.874466857499999195e-01 3.110189395000000331e+03 5.506896604333334153e+02 5.874696185000000348e+00 5.844255618671315460e+04 4.059864240764864462e+03 -5.419172806776165999e+03 3.237512889166666355e+03 -3.108075371666666797e+03 -1.247631611616666487e+04 9.004184075424000184e+02 7.574214997000001226e+00 1.234869227233333699e+00 2.890867277833333239e+06 1.698428330566666555e+06 4.703738266833333626e+01
            v2_turb_06.0_55769.dat 0.000000000000000000e+00 5.875206055166666275e-01 3.284764630233332809e+03 5.553464699500000279e+02 5.915821950166666454e+00 5.860713954992832441e+04 3.926590248366032938e+03 -5.843115733782699863e+03 3.412357917958333019e+03 -3.281360639500000616e+03 -1.244607623683333259e+04 9.441317059935998941e+02 7.438500784859331638e+00 1.215269091166666815e+00 3.052050132383333519e+06 1.793593558200000087e+06 4.705145228333333307e+01
             v2_turb_07.0_2336.dat 0.000000000000000000e+00 6.500514850999999927e-01 5.626581284166667501e+03 7.693329077833333258e+02 7.034492381166666419e+00 8.472913745920565270e+04 6.636495508258516566e+03 -4.631990303517483881e+03 5.616883754499999668e+03 -5.615851181666665980e+03 -1.647297277283333460e+04 1.586470292959328162e+03 8.590950153658299726e+00 1.337608571933333490e+00 5.222679780666667037e+06 3.502528960683333222e+06 4.669768590333333691e+01
            v2_turb_07.0_40743.dat 0.000000000000000000e+00 6.315123793166667054e-01 5.410087083166666162e+03 7.435275363833333131e+02 7.158681787999999102e+00 8.185271783069999947e+04 6.578421983543536044e+03 -4.450141985183033285e+03 5.488377925166666500e+03 -5.402623092166667448e+03 -1.589596069033333151e+04 1.517966288875416694e+03 8.789416224500000041e+00 1.365159275850000187e+00 5.024616332166667096e+06 3.209915969666666817e+06 4.670880435999998781e+01
            v2_turb_07.0_45626.dat 0.000000000000000000e+00 6.343051365166666455e-01 5.403198986666666315e+03 7.476774887166667440e+02 7.205312153333331970e+00 8.212474307349848095e+04 6.408920834041766284e+03 -4.741865457742621402e+03 5.429414689000000180e+03 -5.393257558333333691e+03 -1.603392154233333713e+04 1.474701056002049881e+03 8.927065746000002022e+00 1.381172571250000036e+00 5.015754742333333008e+06 3.210703302000000142e+06 4.663380556666666621e+01
            v2_turb_07.0_52870.dat 0.000000000000000000e+00 6.231206043666666083e-01 5.202653372499999023e+03 7.093363318166666431e+02 6.927261747166666872e+00 7.826192460333334748e+04 6.519918531627897210e+03 -4.131887023017842694e+03 5.187236074999999801e+03 -5.197168730000000323e+03 -1.532549774049999905e+04 1.493913841810633585e+03 8.737399918783832931e+00 1.354406238399999962e+00 4.833252555166666396e+06 3.039650116500000004e+06 4.680634059666666502e+01
            v2_turb_07.0_52899.dat 0.000000000000000000e+00 6.186355975999999757e-01 4.743603324666665685e+03 6.858809720000000425e+02 7.223615564500000197e+00 7.482577150499999698e+04 5.816472447178633956e+03 -4.886452582119515682e+03 4.860471018333333632e+03 -4.739447790333333614e+03 -1.483440406099999927e+04 1.351102041121349885e+03 8.399519842128999159e+00 1.322853672433333294e+00 4.408032588333332911e+06 2.764387760116666555e+06 4.679480300666667603e+01
             v2_turb_07.0_8564.dat 0.000000000000000000e+00 6.142504184833332825e-01 4.539045519899999817e+03 6.706285092000000532e+02 6.825429313666666609e+00 7.310938176458665112e+04 5.596273632517133592e+03 -4.762950814243617060e+03 4.563166454799999883e+03 -4.533164552366666612e+03 -1.456711097566666831e+04 1.305866576066976450e+03 8.290400824666665613e+00 1.311739418433333304e+00 4.215859193350000307e+06 2.636869521783333272e+06 4.687010393999999991e+01
            v2_turb_08.0_15536.dat 0.000000000000000000e+00 6.808625920499998818e-01 6.362356322999999975e+03 8.662975929333333625e+02 7.972555225333334050e+00 9.636689512650114193e+04 7.313383233336288868e+03 -4.271609953988258894e+03 6.328383066499999586e+03 -6.350221723166666379e+03 -1.821755802949999998e+04 1.794857308940328494e+03 8.744128050000000485e+00 1.359208520899999773e+00 5.905601428999999538e+06 4.106100461999999825e+06 4.646837232833333076e+01
            v2_turb_08.0_22441.dat 0.000000000000000000e+00 6.761694641833333463e-01 6.417908514833333356e+03 8.671348011999999699e+02 8.169467140500000113e+00 9.686946354999998584e+04 7.549690601519562733e+03 -3.842732593004611317e+03 6.533615101499999582e+03 -6.409688009833334036e+03 -1.817236848116666806e+04 1.789123081701333604e+03 8.869121735166666909e+00 1.374708525699999573e+00 5.961370012666666880e+06 4.102560616166666616e+06 4.646404817333333170e+01
            v2_turb_08.0_32293.dat 0.000000000000000000e+00 6.653606188333334170e-01 6.068940436000000773e+03 8.301591136833332030e+02 7.982569501500000442e+00 9.156324544200001401e+04 6.893576452083466393e+03 -4.907387193262133223e+03 6.195363311833333682e+03 -6.058673759499999505e+03 -1.750298672449999867e+04 1.758833583050649850e+03 8.803498889566666818e+00 1.366045698099999761e+00 5.634980571000000462e+06 3.803120818833333440e+06 4.644228324333333546e+01
            v2_turb_08.0_41120.dat 0.000000000000000000e+00 6.922953390833334053e-01 6.721124849833333428e+03 9.031320363666667390e+02 8.078328630500001495e+00 1.018480568299999868e+05 8.393088952609348780e+03 -2.730269646829195153e+03 6.994412923333333310e+03 -6.713585483000000750e+03 -1.892658128516666329e+04 1.891125574040116589e+03 8.813670803833334233e+00 1.366140362833333288e+00 6.244440023500000127e+06 4.434834720499999821e+06 4.650718299333333761e+01
            v2_turb_08.0_46290.dat 0.000000000000000000e+00 6.598188576333333666e-01 6.041205383166667161e+03 8.151234590833333868e+02 8.194108769000001402e+00 9.043076929445166024e+04 7.244361006381103834e+03 -4.223638763617032964e+03 6.166950289000000339e+03 -6.031559296833333065e+03 -1.719584201150000081e+04 1.705831967778446824e+03 8.804426279666667909e+00 1.363953933249999917e+00 5.609713877333333716e+06 3.750243905166666489e+06 4.654112022000000337e+01
            v2_turb_08.0_60415.dat 0.000000000000000000e+00 6.535057986000001318e-01 5.969190162999999302e+03 8.073342689333333055e+02 7.826420727166666147e+00 8.948951256833331718e+04 7.099757596477800689e+03 -4.199687659424683261e+03 6.094894888999999239e+03 -5.959938246666666601e+03 -1.712829356216666565e+04 1.649724994348248401e+03 9.053213741500000467e+00 1.394006620999999946e+00 5.543100445833333768e+06 3.676813112000000197e+06 4.663357363333333439e+01
            v2_turb_09.0_26343.dat 3.970912572052692074e-02 7.640083928499999955e-01 8.044989213000000746e+03 1.092471616750000067e+03 9.192902099833332841e+00 1.240356695099999924e+05 9.182165131206116712e+03 -2.766584419022599832e+03 8.197359569833333808e+03 -8.029080350833333796e+03 -2.244773516816666597e+04 2.250063472122166331e+03 8.768968084833332455e+00 1.363344816183333252e+00 7.467558618833333254e+06 5.828155159500000067e+06 4.599438622000000265e+01
            v2_turb_09.0_34715.dat 0.000000000000000000e+00 7.338845333333334775e-01 7.556059005333333516e+03 1.014297151483333323e+03 8.975621932166665928e+00 1.148730957633333310e+05 9.223844107645438271e+03 -2.781488643693115137e+03 7.751343450666666286e+03 -7.543709184166667001e+03 -2.092460145699999703e+04 2.130886554030466414e+03 8.732980474333333021e+00 1.359281596599999808e+00 7.016228412499999627e+06 5.215478437500000000e+06 4.623425657333333305e+01
             v2_turb_09.0_5751.dat 6.392582823011665985e-05 7.526726151000000531e-01 7.861009716999999910e+03 1.061418897900000047e+03 8.820477940166668418e+00 1.214291334233333328e+05 9.770750305408635541e+03 -1.732206313437306790e+03 7.914001729333333969e+03 -7.848517764166666893e+03 -2.190255235949999769e+04 2.232591013249299976e+03 8.717346822499999703e+00 1.357356882450000413e+00 7.299236347666666843e+06 5.612561991499999538e+06 4.617732036833333353e+01
            v2_turb_09.0_59920.dat 1.155972881354383301e-02 7.495049688500000640e-01 7.810308689499999673e+03 1.057602276216666496e+03 8.898183639000000866e+00 1.209814099350000033e+05 9.807238523711066591e+03 -1.721554455757350070e+03 7.892112713500000609e+03 -7.796527519166666934e+03 -2.177491682166666942e+04 2.145505872200704744e+03 8.769117327333333378e+00 1.364398354633333366e+00 7.250939156333332881e+06 5.536295113666666672e+06 4.625898721999998742e+01
             v2_turb_09.0_8821.dat 0.000000000000000000e+00 7.336460479499998799e-01 7.552675567500000398e+03 1.014271585933333427e+03 8.919121835500000373e+00 1.145611404104946705e+05 8.673932644980832265e+03 -3.099690669690332925e+03 7.705425506499999756e+03 -7.538290570166665930e+03 -2.097618369499999608e+04 2.121532896789933147e+03 8.827565588181998990e+00 1.368674134749999993e+00 7.011091311666666530e+06 5.230444891666666605e+06 4.621148819833334187e+01
             v2_turb_09.0_9468.dat 0.000000000000000000e+00 7.397254283499999916e-01 7.685525010333332830e+03 1.030189248733333443e+03 9.020315332999999214e+00 1.178658641966666764e+05 9.713909671462117331e+03 -1.653872453372166547e+03 7.850177000833333295e+03 -7.673743653666667342e+03 -2.124003409333333184e+04 2.202920322030086481e+03 8.696224912166666599e+00 1.354139381983333168e+00 7.137016939000000246e+06 5.382168608166666701e+06 4.628246301666666795e+01
            v2_turb_10.0_13708.dat 4.604581868859261018e-01 8.481652999833334539e-01 9.627203307333335033e+03 1.285201337850000073e+03 9.914494511666667620e+00 1.471896739633333345e+05 1.048965501667249919e+04 -1.913985081806046310e+03 9.908450336499998230e+03 -9.603376621166666155e+03 -2.611055988333333153e+04 2.503937552536016483e+03 8.271041912333332746e+00 1.310830330466666860e+00 8.932143092833332717e+06 7.650429160166666843e+06 4.565393736166667082e+01
             v2_turb_10.0_2246.dat 3.893203152735166261e-01 8.102099211000001189e-01 8.918210554499999489e+03 1.193757359066666595e+03 9.858725357833334257e+00 1.374035259683333279e+05 1.065030447165468286e+04 -1.122209511176900151e+03 9.109286254833334169e+03 -8.900816041833333657e+03 -2.428921608599999672e+04 2.335690471437116685e+03 8.296202055833331812e+00 1.312761267150000188e+00 8.278375525666666217e+06 6.865071079333333299e+06 4.599483802333333671e+01
            v2_turb_10.0_25797.dat 1.482765166006934643e-01 8.416509860166667689e-01 9.330129234499998347e+03 1.283907849566666755e+03 9.988189596333333142e+00 1.483142937083333381e+05 1.150397411093709161e+04 -6.250332304355018778e+02 9.482273040666665111e+03 -9.311611962833332655e+03 -2.597021628466666880e+04 2.514847507025800041e+03 8.225200665581335002e+00 1.304921002333333524e+00 8.660288006833333522e+06 7.410595978833333589e+06 4.574529950166666481e+01
            v2_turb_10.0_25824.dat 5.120090030502673084e-01 8.049371117000000408e-01 8.870985206166666103e+03 1.169767296783333222e+03 1.015385465766666684e+01 1.350055685283333005e+05 1.080900481286933245e+04 -8.517826797296083896e+02 8.985152161833333594e+03 -8.854640025833332402e+03 -2.381630919116666701e+04 2.269710006280893595e+03 8.203059550366667452e+00 1.302106746500000023e+00 8.235165810333332978e+06 6.740710957499999553e+06 4.601474661000000310e+01
            v2_turb_10.0_53407.dat 2.997598549551878100e-01 8.592446695833333425e-01 9.716548104833333127e+03 1.324274377933333653e+03 9.950743030333333294e+00 1.526471877483333228e+05 1.138654740107733232e+04 -1.117437093004971757e+03 9.730370718333333571e+03 -9.693558839499999522e+03 -2.679574830000000293e+04 2.591884349041067253e+03 8.257043367937834333e+00 1.309243947066666358e+00 9.015133382166666910e+06 7.842825420666666701e+06 4.565928884166667245e+01
             v2_turb_10.0_7055.dat 2.028355244002117141e-01 7.942345125666666616e-01 8.574242898000000423e+03 1.153265431766666552e+03 9.816962495833335467e+00 1.312201054783333384e+05 9.429291022619014257e+03 -2.761440506148342138e+03 8.735033384333331924e+03 -8.554446881500000018e+03 -2.351243858499999988e+04 2.306660700888900010e+03 8.353963504718333155e+00 1.316319147950000046e+00 7.956232140999999829e+06 6.457651634833333082e+06 4.589681242983333220e+01
             v2_turb_11.0_1633.dat 1.482967682383166119e+00 8.951407916500000450e-01 1.038224117316666889e+04 1.333023874883333065e+03 1.116409913149999866e+01 1.557333494633333175e+05 1.296814880154133425e+04 1.029848595448796459e+03 1.061004595816666915e+04 -1.036098020500000166e+04 -2.693459905933333721e+04 2.288512299762083785e+03 7.265044180993667666e+00 1.198981838299999714e+00 9.636399506666665897e+06 8.697344654666665941e+06 4.583012124649999208e+01
            v2_turb_11.0_25765.dat 1.804017356647277914e+00 8.978110223000000945e-01 1.049400259016666678e+04 1.325799786916666790e+03 1.100211177249999928e+01 1.539011246399999945e+05 1.230533025206833372e+04 -3.393094577656731303e+01 1.079375182983333434e+04 -1.047059873999999763e+04 -2.689733148666666602e+04 2.192766722581504837e+03 7.251530069573334458e+00 1.197834148649999930e+00 9.738663161333333701e+06 8.813421185333333910e+06 4.569720177666665961e+01
            v2_turb_11.0_37345.dat 2.823280488925821619e+00 9.242068144666666374e-01 1.091392803683333113e+04 1.314758588216666567e+03 1.109317238716666587e+01 1.529022801500000060e+05 1.282971742560866733e+04 7.051871037418341359e+01 1.109522137949999887e+04 -1.088972318633333271e+04 -2.681262087000000247e+04 1.840457812121535198e+03 6.543117392204666594e+00 1.117689123966666642e+00 1.012810687083333358e+07 9.393572894666666165e+06 4.578569717333333955e+01
            v2_turb_11.0_41193.dat 1.153213363051308171e+00 8.592981415333331707e-01 9.858793255166665404e+03 1.275921668449999970e+03 1.069488628966666610e+01 1.473327438066666655e+05 1.124280115126711462e+04 -9.452124533339730306e+02 9.982938348000001497e+03 -9.836587262499997451e+03 -2.589461479333333045e+04 2.270965078395078763e+03 7.798449770666666225e+00 1.258839762733333201e+00 9.148481679166667163e+06 7.952322658166666515e+06 4.580492770000000036e+01
            v2_turb_11.0_43724.dat 2.887987971304507351e+00 9.136164974333333966e-01 1.082927332883333293e+04 1.291573822950000022e+03 1.126450536900000188e+01 1.492508077483333182e+05 1.248571717388333309e+04 -1.006068021659349938e+03 1.091330807333333360e+04 -1.080274092966666649e+04 -2.644134031666666488e+04 1.837582291307316609e+03 6.723296808116666412e+00 1.138247120800000012e+00 1.004691032366666757e+07 9.210561287833333015e+06 4.574363875666665535e+01
            v2_turb_11.0_59287.dat 1.273992208395982928e+00 8.923639943166667976e-01 1.032100550449999901e+04 1.342274408899999798e+03 1.100493231549999962e+01 1.557640256883333204e+05 1.224731828983321793e+04 -1.201147834699484207e+02 1.044563918100000046e+04 -1.029755840250000074e+04 -2.707091838066666969e+04 2.305758615913878202e+03 7.342056035095000155e+00 1.206974797950000067e+00 9.577169171666666865e+06 8.606180988166667521e+06 4.573601383866667192e+01
            v2_turb_12.0_23697.dat 4.909889975272347051e+00 9.385965756833332119e-01 1.123508329483333182e+04 1.216789371416666654e+03 1.214080523616666696e+01 1.417420766283333360e+05 1.354851718931254800e+04 -9.424771676660017761e+01 1.136888262483333347e+04 -1.121155709333333107e+04 -2.503803868983333450e+04 1.150243872012916654e+03 5.332436561709166689e+00 9.803051781166666201e-01 1.042723288150000013e+07 9.793106342499999329e+06 4.601594828833334105e+01
            v2_turb_12.0_28003.dat 3.534417075904825456e+00 9.394022042166666475e-01 1.112434912249999979e+04 1.312823895816666663e+03 1.198286348816666624e+01 1.524100756883333088e+05 1.299996111576419935e+04 -3.699558181019150993e+02 1.131721864083333276e+04 -1.109831115200000022e+04 -2.673573719966666613e+04 1.737727292637666551e+03 6.109477921860666072e+00 1.069242994933333524e+00 1.032215744283333421e+07 9.700995941166667268e+06 4.577579570499999306e+01
            v2_turb_12.0_29989.dat 5.537683393583280989e+00 9.392051846000000204e-01 1.126155210050000096e+04 1.178835173149999946e+03 1.213954779649999871e+01 1.369407840083333431e+05 1.318263083254851699e+04 -5.818671270823416535e+02 1.149595128400000067e+04 -1.123828244749999976e+04 -2.439710315716666810e+04 9.877595564991783021e+02 5.041463437353666421e+00 9.461169759999999984e-01 1.045242757166666724e+07 9.822946132333332673e+06 4.608200582666666634e+01
            v2_turb_12.0_40278.dat 4.725015155762028130e+00 9.392366816333335144e-01 1.114999422566666544e+04 1.233947922950000020e+03 1.203158351649999958e+01 1.434023832816666691e+05 1.323961487156441763e+04 -4.485142121912382436e+02 1.135828298266666570e+04 -1.112550168266666697e+04 -2.531850307833333500e+04 1.316182677236000018e+03 5.462038025889166093e+00 9.932401886666666346e-01 1.034744663383333385e+07 9.723461934666667134e+06 4.591379204666667135e+01
            v2_turb_12.0_56645.dat 5.996046107890285803e+00 9.423599919166665284e-01 1.128800628483333639e+04 1.155471640633333209e+03 1.226774044500000116e+01 1.352015764933333267e+05 1.402847564828333270e+04 3.817433199439165605e+02 1.152963578583333219e+04 -1.126811358933333577e+04 -2.393630801650000285e+04 8.461854788831467431e+02 4.767331058264834276e+00 9.139268576833334823e-01 1.048012377316666581e+07 9.877764939999999478e+06 4.611491857833333086e+01
             v2_turb_12.0_6007.dat 4.403676266759127600e+00 9.266012687333333719e-01 1.106184259266666777e+04 1.222832631333333211e+03 1.183612738949999965e+01 1.427050083999999915e+05 1.351331231369033230e+04 2.745162763833416761e+02 1.118693770116666565e+04 -1.104002781349999896e+04 -2.515647419666666974e+04 1.349116517319033619e+03 5.730117482926666561e+00 1.023310994783333205e+00 1.026766189016666636e+07 9.548169606499999762e+06 4.601171581666666555e+01
            v2_turb_13.0_24246.dat 6.932393729003368144e+00 9.395258872666666372e-01 1.129298367933333247e+04 1.096753694100000075e+03 1.291642122133333537e+01 1.281346779066666641e+05 1.371202426814283535e+04 -2.425240216871284531e+02 1.147143440966666822e+04 -1.127264786750000167e+04 -2.278953827166666815e+04 6.354443315036500053e+02 4.332743546728300643e+00 8.600774671783333325e-01 1.048417213083333336e+07 9.855340073000000790e+06 4.625037735333334155e+01
             v2_turb_13.0_3219.dat 8.214601800333333870e+00 9.440272898499999510e-01 1.140908224449999943e+04 1.027210745633333318e+03 1.316528414400000280e+01 1.196329978266666585e+05 1.368504844579289784e+04 -9.280368130091667354e+02 1.154088854500000161e+04 -1.138873495499999990e+04 -2.153134283383333241e+04 1.851389362579616034e+02 3.610353563519432818e+00 7.781465252333334970e-01 1.059200000000000000e+07 9.999093059333333746e+06 4.645069145999999449e+01
            v2_turb_13.0_59662.dat 8.575962667433335795e+00 9.439934175999999955e-01 1.141011225633333379e+04 1.007099596399999996e+03 1.316542745766666656e+01 1.175981604766666715e+05 1.397837950998790075e+04 -7.415555020996167741e+02 1.144573492466666721e+04 -1.138905650833333311e+04 -2.103862177100000554e+04 1.997707385465833738e+02 3.344248881206462798e+00 7.449684787638334305e-01 1.059200000000000000e+07 9.998716979333333671e+06 4.645385611000000381e+01
            v2_turb_13.0_63909.dat 6.729752925322310730e+00 9.438896185833333119e-01 1.137350041000000056e+04 1.111531396533333464e+03 1.291090082816666751e+01 1.310261294049999997e+05 1.459578667147250235e+04 9.790906403702832677e+02 1.147759219633333305e+04 -1.135917863116666740e+04 -2.302710540966667031e+04 6.918204393499433991e+02 4.309889476659623853e+00 8.585208965916666379e-01 1.056445108533333242e+07 9.971790184833332896e+06 4.628778988333333899e+01
            v2_turb_13.0_64836.dat 6.946437767151775411e+00 9.439862547999999798e-01 1.138120643750000090e+04 1.107221988350000174e+03 1.291178289349999808e+01 1.293451122750000213e+05 1.375896393581100165e+04 -2.374609504834316169e+02 1.159819725149999977e+04 -1.136131620116666636e+04 -2.295347923833333334e+04 5.848730994936834122e+02 4.233897613382500147e+00 8.508244304133333324e-01 1.056678644316666760e+07 9.974946534333333373e+06 4.628872544999999405e+01
             v2_turb_13.0_6610.dat 7.856254421166665836e+00 9.440218365499999376e-01 1.141140857516666620e+04 1.034508951816666695e+03 1.308909168516666810e+01 1.204317307399999991e+05 1.402164885888667777e+04 -7.568559156994265322e+02 1.156834025850000035e+04 -1.138867612833333442e+04 -2.169997346516666948e+04 2.839309455267166982e+02 3.807620524943166718e+00 8.015071051733333451e-01 1.059200000000000000e+07 9.999008469499999657e+06 4.632856612999999868e+01
            v2_turb_14.0_17103.dat 9.197425556769729837e+00 9.400811192666665983e-01 1.129897268150000127e+04 9.689935596666665560e+02 1.392425551000000006e+01 1.144697907649999979e+05 1.452322561333718295e+04 4.470736361245000694e+02 1.150570828583333423e+04 -1.128421289250000154e+04 -2.030576387885000076e+04 2.034112684450500694e+02 3.199136676378483202e+00 7.236319105121716833e-01 1.049494932249999978e+07 9.870526473500000313e+06 4.659209745500000110e+01
            v2_turb_14.0_33723.dat 8.926351407166666974e+00 9.440219442666668570e-01 1.140634190816666523e+04 9.989086382666666850e+02 1.397346701933333080e+01 1.167907248150000087e+05 1.392143448901031661e+04 -6.740803123404000416e+02 1.161457800333333398e+04 -1.138845112333333236e+04 -2.087275798983333152e+04 1.112582317140332435e+02 3.283094486177509985e+00 7.370285887666666591e-01 1.059200000000000000e+07 9.999033124333333224e+06 4.645029899500000425e+01
            v2_turb_14.0_34311.dat 8.847888178833333228e+00 9.439766289833332324e-01 1.140368369900000107e+04 9.886705991500000437e+02 1.410532982766666699e+01 1.167286583450000035e+05 1.490167743649650038e+04 5.489970366877216748e+02 1.158384364283333161e+04 -1.138865124333333370e+04 -2.068239380700000038e+04 7.714149896434302889e+01 3.210707856612347033e+00 7.290194102096667628e-01 1.059200000000000000e+07 9.998559914499999955e+06 4.654710150333333019e+01
            v2_turb_14.0_46217.dat 9.324554112000001282e+00 9.440313075666666442e-01 1.140634735733333400e+04 9.770399926166668365e+02 1.428985582566666857e+01 1.146583492333333270e+05 1.416086261866666791e+04 -4.162244524204749609e+02 1.165653923833333283e+04 -1.138841561333333266e+04 -2.042902727816666447e+04 1.513698769743329997e+01 3.051986314292083335e+00 7.100258250216667788e-01 1.059200000000000000e+07 9.999130995500000194e+06 4.657265116666667382e+01
             v2_turb_14.0_7720.dat 9.608109282666665862e+00 9.439801298333332369e-01 1.140514918633333218e+04 9.513322167499998159e+02 1.422889393783333212e+01 1.118677900233333203e+05 1.431942548980933316e+04 -2.276969212854417037e+02 1.156532519000000138e+04 -1.138867851166666514e+04 -1.995892432516667031e+04 -5.404196926273333901e+01 2.904208807491619915e+00 6.919538133818833314e-01 1.059200000000000000e+07 9.998570955166665837e+06 4.668544196499999543e+01
             v2_turb_14.0_8754.dat 8.961684221499998770e+00 9.439342348833332785e-01 1.140656646849999743e+04 9.955272657333334791e+02 1.414119917450000230e+01 1.157169103416666621e+05 1.351894499937289947e+04 -1.315967138935989169e+03 1.176017783299999974e+04 -1.138789817333333303e+04 -2.079684546373333069e+04 1.000530667997000336e+02 3.281057839230141937e+00 7.369269213652334116e-01 1.059200000000000000e+07 9.998097851833334193e+06 4.646617239999999782e+01
            v2_turb_15.0_10279.dat 1.119532069433333277e+01 9.439711293166666017e-01 1.139742234933333384e+04 8.686813952333333191e+02 1.492009831299999867e+01 1.032147131616666593e+05 1.560245030567961658e+04 5.706367595595164630e+02 1.175017575266666609e+04 -1.138812888500000008e+04 -1.832697803983333142e+04 -3.209236987409832977e+02 2.107281889627449889e+00 5.937240051047834033e-01 1.059200000000000000e+07 9.998502396333333105e+06 4.688233130999999787e+01
            v2_turb_15.0_22297.dat 1.038568828466666716e+01 9.439661835333333917e-01 1.140155529500000011e+04 9.086818896833334520e+02 1.473608715750000009e+01 1.077112231000000029e+05 1.505116040970138238e+04 4.833162826786001460e+02 1.162680695716666742e+04 -1.138852474500000062e+04 -1.908576483341167113e+04 -1.424482827892767034e+02 2.470147241603866561e+00 6.380218945152166254e-01 1.059200000000000000e+07 9.998456053833333775e+06 4.683428423666666873e+01
            v2_turb_15.0_25148.dat 1.140097349050000020e+01 9.439849357999999802e-01 1.140024873850000040e+04 8.757027679000000262e+02 1.512588869300000027e+01 1.040903232383333379e+05 1.503604395720851790e+04 2.605985608665228028e+02 1.157790190400000029e+04 -1.138871859000000040e+04 -1.839734957883333118e+04 -3.639331734740000002e+02 2.120770830050076494e+00 5.956775636960167652e-01 1.059200000000000000e+07 9.998623208000000566e+06 4.688600835833333491e+01
            v2_turb_15.0_33167.dat 1.167415622033333200e+01 9.439860538000001133e-01 1.140678042266666671e+04 8.505121927499999401e+02 1.505738478249999801e+01 9.952555607833334943e+04 1.406400984468595016e+04 -1.406940254561468237e+03 1.158687034300000050e+04 -1.138856066833333352e+04 -1.798680714169999919e+04 -3.831371497936665946e+02 1.989834688331333368e+00 5.794582643746999384e-01 1.059200000000000000e+07 9.998639346666665748e+06 4.684213787999999568e+01
            v2_turb_15.0_41424.dat 1.042680957516666496e+01 9.439773579833333761e-01 1.140691140366666514e+04 9.091764827499999910e+02 1.497466181116666561e+01 1.071430538099999976e+05 1.455925986114161788e+04 -3.111291614057183210e+02 1.153714792583333474e+04 -1.138884880333333422e+04 -1.904407412366666904e+04 -1.901835977895833310e+02 2.443595787396511287e+00 6.350500380354132668e-01 1.059200000000000000e+07 9.998535870500000194e+06 4.679369951166666652e+01
            v2_turb_15.0_57600.dat 1.207648496033333352e+01 9.440154762000000366e-01 1.140567681516666562e+04 8.421072778999998718e+02 1.520287487233333401e+01 9.921440807166667946e+04 1.459193832620950161e+04 -7.855905197428234032e+02 1.163906163783333250e+04 -1.138852121000000079e+04 -1.783262201116666620e+04 -5.069821546006250514e+02 1.905153078786206322e+00 5.694645394924866544e-01 1.059200000000000000e+07 9.998941240166665986e+06 4.692370536166666994e+01
            v2_turb_16.0_19655.dat 1.222907076949999983e+01 9.439737968333333784e-01 1.140253242783333371e+04 8.345032414166666968e+02 1.572576159733333157e+01 9.847866005500000028e+04 1.447732544023488299e+04 -8.827171443849617845e+02 1.160864630299999953e+04 -1.138855085999999756e+04 -1.752014530800000284e+04 -4.962001334685199936e+02 1.737419924766450130e+00 5.487108510842833020e-01 1.059200000000000000e+07 9.998501258333332837e+06 4.695748303500000276e+01
            v2_turb_16.0_45772.dat 1.276714934999999862e+01 9.439297539666665626e-01 1.139871937900000012e+04 8.036755579166665484e+02 1.607666906749999924e+01 9.700183333333332848e+04 1.621101786375113079e+04 1.252579124094466579e+03 1.165313184466666826e+04 -1.138860447666666732e+04 -1.688813299817749794e+04 -5.207423803009166932e+02 1.428001492700018638e+00 5.096406827091248815e-01 1.059200000000000000e+07 9.998053858666665852e+06 4.710312811166666336e+01
            v2_turb_16.0_55975.dat 1.185763594383333341e+01 9.439412700999999517e-01 1.140130539016666808e+04 8.492095079833331965e+02 1.600771153600000218e+01 1.012444627650000039e+05 1.492955135645913288e+04 1.105789247960499466e+02 1.156141259833333243e+04 -1.138878828500000236e+04 -1.774074427715000274e+04 -3.817932619637666676e+02 1.782396126056399854e+00 5.535193549929833257e-01 1.059200000000000000e+07 9.998153024833332747e+06 4.699085390166666798e+01
             v2_turb_16.0_5616.dat 1.274470916816666843e+01 9.440011596166665298e-01 1.140057278450000013e+04 8.135483036333333757e+02 1.604886404650000387e+01 9.701159497499999998e+04 1.540018674511113204e+04 2.152154348374838122e+01 1.164520794366666632e+04 -1.138851107833333481e+04 -1.715465144466666607e+04 -5.733484663216498802e+02 1.600165172971000027e+00 5.317888979811500327e-01 1.059200000000000000e+07 9.998802808000000194e+06 4.701289166166665723e+01
            v2_turb_16.0_56353.dat 1.249871176333333445e+01 9.439802761500000194e-01 1.139970619749999787e+04 8.227646617000000333e+02 1.626062513833333156e+01 9.796805414166665287e+04 1.509144043720333138e+04 -2.074019644592366660e+02 1.164084709266666505e+04 -1.138846394333333410e+04 -1.720239741161666825e+04 -5.201164363439165754e+02 1.540646489086964888e+00 5.239919257059016955e-01 1.059200000000000000e+07 9.998593729333333671e+06 4.697469976499999689e+01
             v2_turb_16.0_7031.dat 1.255261286549999866e+01 9.440278032500001304e-01 1.140060416633333080e+04 8.231871764166667162e+02 1.617719538416666580e+01 9.852459935666667297e+04 1.534421977712224907e+04 3.823838472574166190e+02 1.159621916333333138e+04 -1.138870940666666684e+04 -1.727275365896999938e+04 -5.264553248374267014e+02 1.559955425516153404e+00 5.265580288814832866e-01 1.059200000000000000e+07 9.999093650333333760e+06 4.704697998666666336e+01
            v2_turb_17.0_20390.dat 1.384610262416666515e+01 9.439589900833332825e-01 1.140054983783333410e+04 7.646398127833332410e+02 1.687124196450000113e+01 9.170120210666666389e+04 1.604017097969665338e+04 1.272207988164833381e+02 1.168393281066666532e+04 -1.138845080666666763e+04 -1.608886649771366683e+04 -6.345811898889550093e+02 1.073588277588304996e+00 4.655861290578700018e-01 1.059200000000000000e+07 9.998360577333332971e+06 4.715141808833332959e+01
            v2_turb_17.0_37683.dat 1.435410598583333375e+01 9.439930954000000929e-01 1.140005434600000262e+04 7.549126673666665965e+02 1.700165659833333365e+01 9.036173721499998646e+04 1.542919746082000165e+04 -3.239878266114316148e+02 1.171689806050000152e+04 -1.138825397166666517e+04 -1.589890226353233447e+04 -7.165517866701834464e+02 9.888349751024451129e-01 4.551867082925999397e-01 1.059200000000000000e+07 9.998723392166666687e+06 4.719650776666667014e+01
            v2_turb_17.0_45521.dat 1.370204427999999730e+01 9.439408791666665799e-01 1.139513024816666621e+04 7.703792693333333546e+02 1.698987596450000126e+01 9.421939400333332014e+04 1.656933802583983561e+04 1.790088372569533249e+03 1.155375830733333351e+04 -1.138893224166666732e+04 -1.612727772319183168e+04 -6.180704008228967723e+02 1.029984782468413407e+00 4.601601920105599097e-01 1.059200000000000000e+07 9.998178618333334103e+06 4.735095734833333836e+01
            v2_turb_17.0_49865.dat 1.364282541666666582e+01 9.439959818333331087e-01 1.140116429616666574e+04 7.804781234833333201e+02 1.725920567333333366e+01 9.322420633000000089e+04 1.522311982453450219e+04 -3.219651749567266279e+02 1.172628348133333566e+04 -1.138826420333333408e+04 -1.629805272400500144e+04 -6.231000599460001013e+02 1.100438505416711621e+00 4.691520392379966431e-01 1.059200000000000000e+07 9.998749668999999762e+06 4.713619095833333716e+01
            v2_turb_17.0_60465.dat 1.340131634383333115e+01 9.439972070833332340e-01 1.139860795133333340e+04 7.934407859666666809e+02 1.678880557666666462e+01 9.548626235499999893e+04 1.568303673764776795e+04 4.960799534710665739e+02 1.155149483583333313e+04 -1.138888157666666484e+04 -1.662290127136666706e+04 -6.363924863247833628e+02 1.275651004088484974e+00 4.913649986384833745e-01 1.059200000000000000e+07 9.998753657166667283e+06 4.712244940000000071e+01
             v2_turb_17.0_7334.dat 1.386427236349999781e+01 9.439529665166667138e-01 1.139886014233333299e+04 7.725785460833333218e+02 1.720939614583333466e+01 9.287603318666666746e+04 1.544109845479416435e+04 4.723398134090006195e+00 1.153258537899999828e+04 -1.138886134500000117e+04 -1.605955650175333358e+04 -6.444680066902399176e+02 1.013232773354300065e+00 4.580980829101833351e-01 1.059200000000000000e+07 9.998306943666666746e+06 4.716927436000000995e+01
            v2_turb_18.0_25103.dat 1.572450947333333282e+01 9.439469114833334284e-01 1.139658338400000139e+04 7.058678731999999627e+02 1.820172902333333553e+01 8.633299346666666679e+04 1.645548665960890139e+04 7.204342799158168873e+02 1.165960343533333071e+04 -1.138860916166666721e+04 -1.470655484909633560e+04 -8.195511594201166190e+02 3.608305972069333345e-01 3.764262100551963863e-01 1.059200000000000000e+07 9.998236008500000462e+06 4.740587343000000686e+01
            v2_turb_18.0_27317.dat 1.514106961750000124e+01 9.439224242499999473e-01 1.139574943816666746e+04 7.289009366833333843e+02 1.792406056133333436e+01 8.808983842666666897e+04 1.596989052147299844e+04 6.867496399894743320e+01 1.174037938183333426e+04 -1.138820037333333312e+04 -1.513456287222749961e+04 -7.319501200243333869e+02 5.368219720264966188e-01 3.984868462745233542e-01 1.059200000000000000e+07 9.997972607166666538e+06 4.732106722500000018e+01
            v2_turb_18.0_28016.dat 1.489467993800000123e+01 9.438745257999998639e-01 1.139910834033333413e+04 7.428677665833332640e+02 1.779049143383333487e+01 9.055393404333334183e+04 1.645108671981799853e+04 9.834172634349750979e+02 1.158207513333333372e+04 -1.138893488499999876e+04 -1.544448722580098183e+04 -7.366344215407665388e+02 7.104865771514879969e-01 4.199492629213318895e-01 1.059200000000000000e+07 9.997454617666667327e+06 4.730815425666666840e+01
            v2_turb_18.0_34558.dat 1.509335766333333062e+01 9.439886199833333880e-01 1.139863965650000137e+04 7.210253165833332787e+02 1.809099513333333675e+01 8.736081486000001314e+04 1.590066482739433195e+04 1.551830859415999839e+02 1.169305934099999831e+04 -1.138840625000000000e+04 -1.502248082886899829e+04 -7.279906126400333051e+02 5.238386411115399932e-01 3.966504191217400388e-01 1.059200000000000000e+07 9.998647536166666076e+06 4.734760124500000700e+01
            v2_turb_18.0_46192.dat 1.530986404166666759e+01 9.439574093666666110e-01 1.139282405016666598e+04 7.228459046166665303e+02 1.799078966499999765e+01 8.803169431000000623e+04 1.661746190599468173e+04 7.099358832496052401e+02 1.174406924666666600e+04 -1.138824748833333251e+04 -1.503402889886099911e+04 -7.693662456646165992e+02 4.812933792324567417e-01 3.917059524938333315e-01 1.059200000000000000e+07 9.998350322333334014e+06 4.736886892333333066e+01
             v2_turb_18.0_8966.dat 1.513568878000000062e+01 9.439419726999999094e-01 1.139738969083333177e+04 7.312879500500000631e+02 1.786525401166666782e+01 8.889213396999999532e+04 1.590772373544054972e+04 4.649926144476332865e+02 1.159424485550000099e+04 -1.138871892833333368e+04 -1.528153796404113382e+04 -7.516810141498666553e+02 6.026003730431511718e-01 4.067906348701588182e-01 1.059200000000000000e+07 9.998200503000000492e+06 4.732354999333333723e+01
            v2_turb_19.0_17843.dat 1.649991640166666684e+01 9.439538658166666263e-01 1.138953161599999839e+04 6.837738497333332361e+02 1.875837088999999835e+01 8.488811716333334334e+04 1.719721903806330010e+04 1.590092120248434867e+03 1.164009958566666683e+04 -1.138867710333333162e+04 -1.419351310046416984e+04 -8.465246401731168362e+02 6.410170186696165229e-02 3.390257511887048159e-01 1.059200000000000000e+07 9.998284083166666329e+06 4.752902091833334453e+01
            v2_turb_19.0_20935.dat 1.678001376766666652e+01 9.439246993833333432e-01 1.138834139049999976e+04 6.718330526499998996e+02 1.919437799333333672e+01 8.306520412500000384e+04 1.760357177852149835e+04 1.144274774773323315e+03 1.182719289650000064e+04 -1.138800935833333460e+04 -1.386192888912166563e+04 -8.278583372031165482e+02 -5.382125514296669244e-02 3.237126530923686851e-01 1.059200000000000000e+07 9.997990714999999851e+06 4.748569178666666346e+01
            v2_turb_19.0_33144.dat 1.675505560166666541e+01 9.439778083166666667e-01 1.138791322233333267e+04 6.700960725000001048e+02 1.874116831166666586e+01 8.342422679499999504e+04 1.753050219273833500e+04 1.581242461923033034e+03 1.169663427366666838e+04 -1.138847123999999894e+04 -1.393591495159866645e+04 -8.453206396918999417e+02 -2.388374557166337078e-02 3.277444913528043680e-01 1.059200000000000000e+07 9.998573079666666687e+06 4.751015194333334080e+01
            v2_turb_19.0_51363.dat 1.595381732000000063e+01 9.439631525833334091e-01 1.139082845183333302e+04 6.977602579166665464e+02 1.870029542166666658e+01 8.650073483833333012e+04 1.705188025378446764e+04 1.694704861328403240e+03 1.159905756483333244e+04 -1.138878737833333435e+04 -1.441751101608616773e+04 -7.774252110298833713e+02 1.634134140826067338e-01 3.513399480188015289e-01 1.059200000000000000e+07 9.998383029666665941e+06 4.752007145999998983e+01
            v2_turb_19.0_56307.dat 1.613189888333333144e+01 9.439787377166666271e-01 1.139106543700000111e+04 6.956369843499999206e+02 1.872141399833333608e+01 8.612390845166666259e+04 1.710988702001806814e+04 1.462754623230811603e+03 1.168373207299999922e+04 -1.138849224166666863e+04 -1.438503538665683482e+04 -8.155622765846816264e+02 1.804945962893067246e-01 3.535971360651199991e-01 1.059200000000000000e+07 9.998553767833333462e+06 4.745697262500000591e+01
            v2_turb_19.0_63447.dat 1.607318744833333213e+01 9.439824677166666067e-01 1.138932752916666868e+04 7.042333472166666297e+02 1.883030106666667081e+01 8.728497449166666775e+04 1.735219848373149944e+04 1.670469898816504838e+03 1.170256059000000096e+04 -1.138847026166666728e+04 -1.443805784650950045e+04 -8.183512933181165181e+02 1.010642674911199773e-01 3.438842070290916153e-01 1.059200000000000000e+07 9.998628275166666135e+06 4.748392711499999308e+01
            v2_turb_20.0_20852.dat 1.742529389833333298e+01 9.439380013333331654e-01 1.139468619750000107e+04 6.628886005833334139e+02 2.015895567833333502e+01 8.235363773500001116e+04 1.677907450722788417e+04 7.601567210581167728e+02 1.168969284249999873e+04 -1.138849638500000037e+04 -1.342653189269664836e+04 -8.493293633918334535e+02 -3.594312781262500311e-01 2.852902569498637075e-01 1.059200000000000000e+07 9.998139922499999404e+06 4.756749867166666945e+01
            v2_turb_20.0_25497.dat 1.724175914499999962e+01 9.439222365833334072e-01 1.139186714916666460e+04 6.660100997499999949e+02 1.977959797333333469e+01 8.275284285666665528e+04 1.704042466768366648e+04 9.791261104588331818e+02 1.170111417966666704e+04 -1.138848279000000002e+04 -1.361740155384650097e+04 -8.889836022212166426e+02 -2.404298797189309278e-01 3.007112265220093783e-01 1.059200000000000000e+07 9.997965008500000462e+06 4.758938771833332737e+01
            v2_turb_20.0_29025.dat 1.793558634333333401e+01 9.438995788666667552e-01 1.138794557299999906e+04 6.463296559999998863e+02 1.986809739500000305e+01 8.090017524499999126e+04 1.759250803213238032e+04 1.292872893246266813e+03 1.178650970266666445e+04 -1.138819024000000172e+04 -1.321030334628223136e+04 -9.330805027393333830e+02 -4.263660021559883551e-01 2.768683960242964703e-01 1.059200000000000000e+07 9.997770693499999121e+06 4.763447913166666581e+01
            v2_turb_20.0_43745.dat 1.773835379499999831e+01 9.439525224999998354e-01 1.139377128283333332e+04 6.623603548500000215e+02 1.988342547733333632e+01 8.196412555833334045e+04 1.667698252367216628e+04 2.898488763826633772e+02 1.165161836466666682e+04 -1.138862660166666683e+04 -1.334761013131000072e+04 -9.201369734697000240e+02 -4.388453111322583311e-01 2.756033007937838120e-01 1.059200000000000000e+07 9.998298544500000775e+06 4.755728562000000181e+01
            v2_turb_20.0_51504.dat 1.859124287166666534e+01 9.438876700166667355e-01 1.138514587116666553e+04 6.271310155500001429e+02 1.991714219500000027e+01 7.790936467500000435e+04 1.711919741389983392e+04 1.870680007951000050e+02 1.178448749316666726e+04 -1.138801380333333327e+04 -1.280200847614523082e+04 -9.474918319167500158e+02 -6.184632813323748257e-01 2.527171056989916398e-01 1.059200000000000000e+07 9.997595024499999359e+06 4.759766783999999973e+01
            v2_turb_20.0_54726.dat 1.738721814166666491e+01 9.439070730166667644e-01 1.138964832283333271e+04 6.661256316166666238e+02 1.977071163000000098e+01 8.286741868333333696e+04 1.708089079564636631e+04 8.709469096299164903e+02 1.165214651533333199e+04 -1.138861798166666631e+04 -1.360414959976800128e+04 -9.175336923642583997e+02 -2.525612354067170995e-01 2.991176332311026309e-01 1.059200000000000000e+07 9.997820307000000030e+06 4.751633807166666656e+01
            v2_turb_21.0_25181.dat 1.916566896333333148e+01 9.439037899500000162e-01 1.138945189783333262e+04 6.170360936999999240e+02 2.107159970666666737e+01 7.789135997833333386e+04 1.755206054346904784e+04 8.800808802100233379e+02 1.174034539349999795e+04 -1.138836247166666544e+04 -1.224138709001623647e+04 -9.412041127360666906e+02 -9.833044627825332507e-01 2.064804780229093362e-01 1.059200000000000000e+07 9.997768267833333462e+06 4.772759842333333324e+01
             v2_turb_21.0_3963.dat 1.865294242999999597e+01 9.439038977333333857e-01 1.138618062833333352e+04 6.126652514333333102e+02 2.091143021166666571e+01 7.776556094230666349e+04 1.797279325724508453e+04 1.541339924740478182e+03 1.168740116116666650e+04 -1.138852979666666761e+04 -1.233988678133929716e+04 -8.351212764001201094e+02 -8.234503786247017176e-01 2.261632292968808189e-01 1.059200000000000000e+07 9.997777091333333403e+06 4.776382018666666340e+01
            v2_turb_21.0_42162.dat 1.894108881500000052e+01 9.439380006166666615e-01 1.138908923283333388e+04 6.251377121333333662e+02 2.106065271499999625e+01 7.928967504333335091e+04 1.797775367464446754e+04 1.476198822084817039e+03 1.171601342600000135e+04 -1.138856124500000078e+04 -1.255376522572799149e+04 -9.680896537447333685e+02 -7.917166224293882282e-01 2.308646828191568412e-01 1.059200000000000000e+07 9.998150778166666627e+06 4.771573943333333290e+01
             v2_turb_21.0_5160.dat 1.924921406666666712e+01 9.439211460500001039e-01 1.139103545166666663e+04 6.116672732666667116e+02 2.098129742333333425e+01 7.693117816634300107e+04 1.746106259543581473e+04 5.875713982582649351e+02 1.171110845800000061e+04 -1.138840699833333383e+04 -1.242185499785106731e+04 -9.786830249172501226e+02 -7.865363496798531973e-01 2.313788161125443499e-01 1.059200000000000000e+07 9.997989610500000417e+06 4.768834277166666880e+01
            v2_turb_21.0_57341.dat 1.868004174999999734e+01 9.438308702166667841e-01 1.137904703100000188e+04 6.198661483500000031e+02 2.103403759166667086e+01 7.938691952833332471e+04 1.860531151956633767e+04 2.350504571206583023e+03 1.173473559149999892e+04 -1.138836012833333189e+04 -1.242033261663133271e+04 -8.733209091414831846e+02 -8.044344261548299624e-01 2.286475050046266611e-01 1.059200000000000000e+07 9.997009816500000656e+06 4.775940825999999362e+01
            v2_turb_21.0_61500.dat 1.935363294833333470e+01 9.438889625166666519e-01 1.138896559950000119e+04 6.064631514000000152e+02 2.093232404766666832e+01 7.651362292766668543e+04 1.752419698036021509e+04 7.594380341121750462e+02 1.164870219899999938e+04 -1.138866630166666437e+04 -1.216816672089923486e+04 -9.521504083650016810e+02 -9.033442254768073720e-01 2.165623601873200299e-01 1.059200000000000000e+07 9.997622473833333701e+06 4.773160022833333471e+01
            v2_turb_22.0_29503.dat 2.008694894333333281e+01 9.439657569999999609e-01 1.138108309616666520e+04 5.953791868499999964e+02 2.184938057666666467e+01 7.773486734833332594e+04 1.916838724086453294e+04 2.767538828790673506e+03 1.168188756399999875e+04 -1.138870172833333163e+04 -1.180123663988238332e+04 -9.408589886983349970e+02 -1.160538313003699917e+00 1.835949588465618232e-01 1.059200000000000000e+07 9.998446260500000790e+06 4.790637462333332763e+01
            v2_turb_22.0_40013.dat 1.970753506499999830e+01 9.438813572499998861e-01 1.138689118199999939e+04 6.061670614666667234e+02 2.209197597000000002e+01 7.826449564428333542e+04 1.848333526189046825e+04 2.137508870670900251e+03 1.164889313083333218e+04 -1.138876262999999926e+04 -1.192440508141876489e+04 -9.149451245530000278e+02 -1.178229575127024420e+00 1.814000542601236221e-01 1.059200000000000000e+07 9.997554407166667283e+06 4.785987364166665969e+01
            v2_turb_22.0_40231.dat 2.063533233333333072e+01 9.439603320999999658e-01 1.138712283516666685e+04 5.849146795500000735e+02 2.222670109166666563e+01 7.597073450666666031e+04 1.889486937289275011e+04 1.987744386092516606e+03 1.164774087133333342e+04 -1.138884202833333438e+04 -1.149538414032701621e+04 -1.010521525454183347e+03 -1.330341100268470411e+00 1.622829294616366935e-01 1.059200000000000000e+07 9.998356707333333790e+06 4.787090404166666247e+01
            v2_turb_22.0_41304.dat 2.043408147166666566e+01 9.439406263166666422e-01 1.138918418699999893e+04 5.941340991499998836e+02 2.225348754333333190e+01 7.662296037833332957e+04 1.849245345659961822e+04 1.596862145312580196e+03 1.166642696416666695e+04 -1.138879030833333309e+04 -1.169172164477694969e+04 -1.012304928674916596e+03 -1.238429963426341596e+00 1.739019196051121707e-01 1.059200000000000000e+07 9.998136219666667283e+06 4.785067936499999774e+01
            v2_turb_22.0_47014.dat 2.035193788166666806e+01 9.439423570999999624e-01 1.138323839150000094e+04 5.921271560666666574e+02 2.227692553500000017e+01 7.605039433833333896e+04 1.833792249440016894e+04 1.303026722879500085e+03 1.184083430266666437e+04 -1.138805285999999796e+04 -1.156873785604498516e+04 -9.368262593903331208e+02 -1.378992387249729834e+00 1.561387621890233390e-01 1.059200000000000000e+07 9.998190506833333522e+06 4.787077275333334114e+01
            v2_turb_22.0_52742.dat 2.019926724166666432e+01 9.439007812833332123e-01 1.137809314733333304e+04 5.914758301666666966e+02 2.218861547666666922e+01 7.658170675500000652e+04 1.902254148588800672e+04 2.157132948644220505e+03 1.186732275750000008e+04 -1.138793343000000095e+04 -1.185436450540899750e+04 -9.632461610234998943e+02 -1.169182237290166571e+00 1.825494801655682953e-01 1.059200000000000000e+07 9.997753333000000566e+06 4.784489686833332911e+01
            v2_turb_23.0_18883.dat 2.164526039666666435e+01 9.438255330500000539e-01 1.138188036333333002e+04 5.640013669666666374e+02 2.305428089333333475e+01 7.470889481766667450e+04 1.978727039247021821e+04 2.287135825807626588e+03 1.175160381066666559e+04 -1.138846599499999866e+04 -1.093272890672864924e+04 -9.887619420136500139e+02 -1.648893408561523666e+00 1.217796312713190082e-01 1.059200000000000000e+07 9.996953771166667342e+06 4.797749911500000053e+01
            v2_turb_23.0_31026.dat 2.128335001833333351e+01 9.439123778500000395e-01 1.138778684449999855e+04 5.779288264166666522e+02 2.320967862166666507e+01 7.500680284838633088e+04 1.791351618161376609e+04 1.099273175147350003e+03 1.164257662683333365e+04 -1.138868777333333310e+04 -1.110309005972713203e+04 -9.848474639000316984e+02 -1.603009581494610369e+00 1.276456017233685014e-01 1.059200000000000000e+07 9.997851459166666493e+06 4.793037728499999872e+01
            v2_turb_23.0_36127.dat 2.072017481166666286e+01 9.438610855500000341e-01 1.137789176383333324e+04 5.784337917000000289e+02 2.315428525833333495e+01 7.593614718828667537e+04 1.985685679479993269e+04 2.554911377824175815e+03 1.180014310399999886e+04 -1.138822304333333341e+04 -1.115002771961740109e+04 -8.706970739311500438e+02 -1.574759879159324916e+00 1.310515894021565542e-01 1.059200000000000000e+07 9.997286935166666284e+06 4.798854681666666266e+01
            v2_turb_23.0_49683.dat 2.128025148000000044e+01 9.438880598000001232e-01 1.137750121229999786e+04 5.632434503499999892e+02 2.323460206833333430e+01 7.526724475500000699e+04 1.993472251266317107e+04 3.150573842211499596e+03 1.163910995716666730e+04 -1.138878204499999993e+04 -1.089892356307899900e+04 -9.227849108117165997e+02 -1.630359489515677884e+00 1.239924949791953307e-01 1.059200000000000000e+07 9.997636349333332852e+06 4.802327812166666376e+01
            v2_turb_23.0_49834.dat 2.090701980166666374e+01 9.438611359833333214e-01 1.137629868999999962e+04 5.809339353499999561e+02 2.277066216666667131e+01 7.634126401916665782e+04 1.978240225581685081e+04 2.655133443471096598e+03 1.175984796449999885e+04 -1.138839501666666729e+04 -1.127651130975100023e+04 -9.815222860348281984e+02 -1.455529647547668226e+00 1.463447963635436944e-01 1.059200000000000000e+07 9.997345536666667089e+06 4.795380486500000217e+01
            v2_turb_23.0_57680.dat 2.108510370500000164e+01 9.440036504833332343e-01 1.138063689650000015e+04 5.781115945166667416e+02 2.261149079999999856e+01 7.589005748666665750e+04 1.925694904471783593e+04 2.271199274831899857e+03 1.165212366466666936e+04 -1.138878200500000275e+04 -1.124359795770188794e+04 -1.016994499991221801e+03 -1.499540278947868233e+00 1.407858702230450065e-01 1.059200000000000000e+07 9.998836785000000149e+06 4.792163327666666817e+01
            v2_turb_24.0_11244.dat 2.208747011833333573e+01 9.438243039333331641e-01 1.137667468104999898e+04 5.580911812199999531e+02 2.400579651666666692e+01 7.469011149499999010e+04 1.967429074249033511e+04 2.667122756775409925e+03 1.166603028233333498e+04 -1.138876082333333216e+04 -1.064066875688663276e+04 -9.847325739464483831e+02 -1.825165107119500307e+00 9.912956561020386248e-02 1.059200000000000000e+07 9.996945502000000328e+06 4.804390621000000294e+01
            v2_turb_24.0_11250.dat 2.228232702499999718e+01 9.437908461166667484e-01 1.138296444150000025e+04 5.537767012499999737e+02 2.393761714000000396e+01 7.281041965733333200e+04 1.879203656502033118e+04 1.148289695275221675e+03 1.180295663266666452e+04 -1.138810422499999913e+04 -1.052060774196016791e+04 -9.928955702073000111e+02 -1.838922938539716556e+00 9.758313307008817383e-02 1.059200000000000000e+07 9.996586106666667387e+06 4.797006937333333809e+01
              v2_turb_24.0_377.dat 2.233481282166666659e+01 9.438935089500000153e-01 1.137918173030000071e+04 5.535844693333333453e+02 2.405969074499999749e+01 7.397441277050001372e+04 1.984186286408983869e+04 2.600636137771383346e+03 1.170189639783333405e+04 -1.138857497500000136e+04 -1.049124905166729877e+04 -9.550621177185065562e+02 -1.973042488702218211e+00 8.035006894567700564e-02 1.059200000000000000e+07 9.997644626666666940e+06 4.812652717999999652e+01
            v2_turb_24.0_44891.dat 2.230359106333333230e+01 9.438064604999999441e-01 1.138265319520833327e+04 5.475899469999999383e+02 2.385489509333333658e+01 7.408010375241267320e+04 1.982816658315583481e+04 3.049376954848641162e+03 1.156328281950000019e+04 -1.138914389833333371e+04 -1.037760746897884019e+04 -9.307663747384499402e+02 -1.903070736121810214e+00 8.946811340431534698e-02 1.059200000000000000e+07 9.996723178666666150e+06 4.814495644999999513e+01
            v2_turb_24.0_50518.dat 2.282379284333333302e+01 9.438744847500000201e-01 1.137910433050000029e+04 5.516193327833333342e+02 2.424613176333333442e+01 7.372314387666666880e+04 1.918526580135638142e+04 1.947625873301126603e+03 1.165777281883333308e+04 -1.138870420000000013e+04 -1.042002217317878785e+04 -1.015471353511681514e+03 -1.989036707564721507e+00 7.850489244482032614e-02 1.059200000000000000e+07 9.997463988500000909e+06 4.808863301166666560e+01
            v2_turb_24.0_60394.dat 2.187806527333333761e+01 9.438501475833334098e-01 1.137877672583333515e+04 5.518454392833332349e+02 2.411379352166666479e+01 7.432128556383332761e+04 2.014203737986266788e+04 3.243590570699176169e+03 1.172602553683333463e+04 -1.138860771999999633e+04 -1.051545573319507639e+04 -8.717416498364165136e+02 -1.914843470245546575e+00 8.780687987228148750e-02 1.059200000000000000e+07 9.997191735166667029e+06 4.816783891166666365e+01
