Statistics: max. Generated: 02/12/2021 09:15:51. No. files: 120.
                              File                       4                      10                      11                      13                      15                      17                      18                      20                      21                      25                      26                      27                      61                      64                      70                     100                     108
            v2_turb_05.0_21716.dat 3.213970000000000216e+00 5.921650000000000524e-01 3.891940000000000055e+03 5.917509999999999764e+02 7.901390000000000136e+00 1.345880000000000000e+05 3.012829999999999927e+04 1.336769999999999982e+03 4.114390000000000327e+03 3.716210000000000235e+01 -3.299320000000000164e+03 1.439929999999999927e+04 1.261989999999999945e+01 1.715980000000000061e+00 3.065020000000000000e+06 1.805420000000000000e+06 8.070659999999999457e+01
            v2_turb_05.0_40322.dat 3.214570000000000149e+00 5.919630000000000170e-01 3.360320000000000164e+03 5.719500000000000455e+02 8.082910000000000039e+00 8.465939999999999418e+04 1.941320000000000073e+04 -9.045560000000000400e+02 3.504690000000000055e+03 -3.824390000000000214e+02 -4.706640000000000327e+03 1.318489999999999964e+04 1.080700000000000038e+01 1.549900000000000055e+00 2.845390000000000000e+06 1.675580000000000000e+06 8.065250000000000341e+01
            v2_turb_05.0_43619.dat 3.214280000000000026e+00 5.949950000000000516e-01 5.189439999999999600e+03 6.475629999999999882e+02 9.702579999999999316e+00 1.240820000000000000e+05 2.524179999999999927e+04 5.734329999999999927e+03 4.905850000000000364e+03 -4.298740000000000236e+02 -2.403280000000000200e+03 1.445689999999999964e+04 1.474050000000000082e+01 1.880400000000000071e+00 4.004860000000000000e+06 2.361090000000000000e+06 8.069440000000000168e+01
            v2_turb_05.0_47165.dat 3.214020000000000099e+00 5.928020000000000511e-01 3.464699999999999818e+03 5.766409999999999627e+02 9.292009999999999437e+00 1.133040000000000000e+05 2.076750000000000000e+04 3.370969999999999800e+03 2.954610000000000127e+03 -3.532289999999999850e+02 -3.072210000000000036e+03 1.297779999999999927e+04 1.346080000000000076e+01 1.794359999999999955e+00 2.333030000000000000e+06 1.374740000000000000e+06 8.070000000000000284e+01
            v2_turb_05.0_47952.dat 3.213680000000000092e+00 5.930149999999999588e-01 5.365579999999999927e+03 6.634120000000000346e+02 8.209210000000000562e+00 1.115600000000000000e+05 2.328290000000000146e+04 4.708460000000000036e+03 4.673909999999999854e+03 -3.175380000000000109e+02 -2.035660000000000082e+03 1.309060000000000036e+04 1.332469999999999999e+01 1.772110000000000074e+00 4.492650000000000000e+06 2.645280000000000000e+06 8.068280000000000030e+01
            v2_turb_05.0_50292.dat 3.213560000000000194e+00 5.916550000000000420e-01 3.395650000000000091e+03 5.879139999999999873e+02 7.765769999999999840e+00 9.234410000000000582e+04 2.176600000000000000e+04 3.965840000000000032e+02 3.297199999999999818e+03 -1.671620000000000061e+02 -2.055369999999999891e+03 1.358689999999999964e+04 1.193870000000000076e+01 1.665820000000000078e+00 2.573350000000000000e+06 1.513770000000000000e+06 8.065529999999999688e+01
            v2_turb_06.0_14324.dat 3.213830000000000187e+00 5.943380000000000329e-01 6.309989999999999782e+03 7.087290000000000418e+02 9.226459999999999440e+00 1.261020000000000000e+05 2.957309999999999854e+04 3.451650000000000091e+03 5.337500000000000000e+03 -9.528690000000000282e+02 -4.421829999999999927e+03 1.383810000000000036e+04 1.516660000000000075e+01 1.877240000000000020e+00 4.948850000000000000e+06 2.928450000000000000e+06 8.060169999999999391e+01
            v2_turb_06.0_26862.dat 3.213330000000000020e+00 5.941809999999999592e-01 5.882439999999999600e+03 7.157889999999999873e+02 1.014969999999999928e+01 1.093260000000000000e+05 2.632050000000000000e+04 2.990170000000000073e+03 5.762899999999999636e+03 -5.234660000000000082e+02 -4.439840000000000146e+03 1.436100000000000000e+04 1.436979999999999968e+01 1.829450000000000021e+00 4.965670000000000000e+06 2.929980000000000000e+06 8.061329999999999529e+01
            v2_turb_06.0_47824.dat 3.213540000000000063e+00 5.931079999999999686e-01 5.050039999999999964e+03 6.806839999999999691e+02 9.864660000000000650e+00 1.062810000000000000e+05 2.920590000000000146e+04 1.415960000000000036e+03 4.194579999999999927e+03 -2.152820000000000107e+02 -1.976680000000000064e+03 1.366989999999999964e+04 1.203200000000000003e+01 1.670889999999999986e+00 3.835820000000000000e+06 2.258820000000000000e+06 8.067140000000000555e+01
            v2_turb_06.0_51321.dat 3.212709999999999955e+00 6.244159999999999711e-01 6.891270000000000437e+03 7.895639999999999645e+02 1.056259999999999977e+01 1.243970000000000000e+05 3.442059999999999854e+04 3.479329999999999927e+03 5.848880000000000109e+03 -1.165359999999999900e+03 -3.305909999999999854e+03 1.404420000000000073e+04 1.385650000000000048e+01 1.809379999999999988e+00 5.059590000000000000e+06 3.162870000000000000e+06 8.060599999999999454e+01
            v2_turb_06.0_52263.dat 3.213900000000000201e+00 5.954530000000000101e-01 5.734149999999999636e+03 6.955900000000000318e+02 9.295659999999999812e+00 1.310170000000000000e+05 2.386050000000000000e+04 1.696130000000000109e+03 5.214000000000000000e+03 -1.331339999999999918e+03 -4.785270000000000437e+03 1.425510000000000036e+04 1.314109999999999978e+01 1.757460000000000022e+00 4.767050000000000000e+06 2.810200000000000000e+06 8.056409999999999627e+01
            v2_turb_06.0_55769.dat 3.213379999999999903e+00 5.948219999999999619e-01 6.539630000000000109e+03 7.298289999999999509e+02 9.741300000000000736e+00 1.369740000000000000e+05 3.186900000000000000e+04 3.656090000000000146e+03 5.828470000000000255e+03 -8.146369999999999436e+02 -3.504889999999999873e+03 1.494760000000000036e+04 1.658549999999999969e+01 1.934930000000000039e+00 4.948850000000000000e+06 2.946970000000000000e+06 8.059409999999999741e+01
             v2_turb_07.0_2336.dat 1.225640000000000063e+00 8.224040000000000239e-01 1.151579999999999927e+04 1.364609999999999900e+03 1.138569999999999993e+01 1.682970000000000000e+05 3.881840000000000146e+04 1.238710000000000036e+04 9.817299999999999272e+03 -1.164839999999999918e+03 -4.588430000000000291e+03 1.954409999999999854e+04 1.752240000000000109e+01 1.987379999999999924e+00 8.722270000000000000e+06 7.166210000000000000e+06 8.053390000000000271e+01
            v2_turb_07.0_40743.dat 2.575579999999999981e+00 7.287989999999999746e-01 8.804540000000000873e+03 1.088099999999999909e+03 1.012049999999999983e+01 1.363560000000000000e+05 3.069320000000000073e+04 5.538710000000000036e+03 8.265000000000000000e+03 -2.670289999999999964e+03 -6.340909999999999854e+03 1.516020000000000073e+04 1.499939999999999962e+01 1.882880000000000109e+00 6.870580000000000000e+06 5.007300000000000000e+06 8.053159999999999741e+01
            v2_turb_07.0_45626.dat 2.766099999999999781e+00 6.838079999999999714e-01 8.601739999999999782e+03 9.695439999999999827e+02 1.132469999999999999e+01 1.372380000000000000e+05 2.394390000000000146e+04 4.923270000000000437e+03 7.305659999999999854e+03 -1.687079999999999927e+03 -7.168829999999999927e+03 1.537100000000000000e+04 1.448770000000000024e+01 1.843469999999999942e+00 6.037350000000000000e+06 4.120670000000000000e+06 8.043710000000000093e+01
            v2_turb_07.0_52870.dat 2.326099999999999834e+00 7.043409999999999949e-01 9.204479999999999563e+03 1.019029999999999973e+03 1.080359999999999943e+01 1.334790000000000000e+05 4.123390000000000146e+04 1.102250000000000000e+04 7.967210000000000036e+03 -2.572449999999999818e+03 -4.081099999999999909e+03 1.564339999999999964e+04 1.579059999999999953e+01 1.920570000000000110e+00 6.396660000000000000e+06 4.494680000000000000e+06 8.046869999999999834e+01
            v2_turb_07.0_52899.dat 2.510460000000000136e+00 6.922310000000000407e-01 8.785239999999999782e+03 1.008830000000000041e+03 1.066159999999999997e+01 1.358630000000000000e+05 4.030159999999999854e+04 5.045770000000000437e+03 7.590680000000000291e+03 -1.494200000000000045e+03 -4.102170000000000073e+03 1.518850000000000000e+04 1.605219999999999914e+01 1.938760000000000039e+00 6.198250000000000000e+06 4.271360000000000000e+06 8.055970000000000653e+01
             v2_turb_07.0_8564.dat 3.212819999999999787e+00 7.114930000000000421e-01 9.018979999999999563e+03 1.023100000000000023e+03 9.699880000000000280e+00 1.383570000000000000e+05 4.148900000000000000e+04 4.460949999999999818e+03 7.436590000000000146e+03 -5.979030000000000200e+02 -5.123569999999999709e+03 1.496779999999999927e+04 1.498700000000000010e+01 1.862530000000000019e+00 6.533260000000000000e+06 4.636600000000000000e+06 8.054779999999999518e+01
            v2_turb_08.0_15536.dat 2.059860000000000024e+00 8.165160000000000196e-01 1.186629999999999927e+04 1.247690000000000055e+03 1.184159999999999968e+01 1.585880000000000000e+05 3.574819999999999709e+04 1.421920000000000073e+04 9.833079999999999927e+03 -2.730639999999999873e+03 -6.752760000000000218e+03 1.688670000000000073e+04 1.635839999999999961e+01 1.946180000000000021e+00 8.630390000000000000e+06 7.033560000000000000e+06 8.056520000000000437e+01
            v2_turb_08.0_22441.dat 2.289010000000000211e+00 7.904099999999999460e-01 1.072650000000000000e+04 1.217789999999999964e+03 1.246020000000000039e+01 1.552290000000000000e+05 2.969020000000000073e+04 1.059779999999999927e+04 9.388059999999999491e+03 -3.516110000000000127e+03 -8.644420000000000073e+03 1.611089999999999964e+04 1.502399999999999913e+01 1.867969999999999908e+00 8.095560000000000000e+06 6.384320000000000000e+06 8.049049999999999727e+01
            v2_turb_08.0_32293.dat 2.025830000000000020e+00 7.750350000000000295e-01 1.121639999999999964e+04 1.260309999999999945e+03 1.133559999999999945e+01 1.591350000000000000e+05 3.178020000000000073e+04 7.647050000000000182e+03 8.635870000000000800e+03 -2.134030000000000200e+03 -6.914550000000000182e+03 1.659529999999999927e+04 1.485890000000000022e+01 1.879150000000000098e+00 7.751470000000000000e+06 5.993630000000000000e+06 8.047090000000000032e+01
            v2_turb_08.0_41120.dat 2.290329999999999977e+00 8.465300000000000047e-01 1.211560000000000036e+04 1.385410000000000082e+03 1.300769999999999982e+01 1.650300000000000000e+05 3.704630000000000291e+04 9.224069999999999709e+03 1.045200000000000000e+04 -3.367619999999999891e+03 -5.168949999999999818e+03 1.791059999999999854e+04 1.731030000000000157e+01 1.921499999999999986e+00 9.249220000000000000e+06 7.824580000000000000e+06 8.044259999999999877e+01
            v2_turb_08.0_46290.dat 2.084779999999999855e+00 7.814109999999999667e-01 1.105539999999999964e+04 1.241759999999999991e+03 1.252539999999999942e+01 1.426090000000000000e+05 4.840419999999999709e+04 7.259720000000000255e+03 9.982430000000000291e+03 -2.823980000000000018e+03 -5.746470000000000255e+03 1.795309999999999854e+04 1.771780000000000044e+01 1.983149999999999968e+00 7.908930000000000000e+06 6.179660000000000000e+06 8.051019999999999754e+01
            v2_turb_08.0_60415.dat 2.014780000000000015e+00 7.549320000000000475e-01 9.590969999999999345e+03 1.142289999999999964e+03 1.215889999999999915e+01 1.370970000000000000e+05 2.403740000000000146e+04 3.942219999999999800e+03 8.288049999999999272e+03 -3.155119999999999891e+03 -5.622500000000000000e+03 1.667079999999999927e+04 1.415859999999999985e+01 1.831269999999999953e+00 7.361550000000000000e+06 5.549340000000000000e+06 8.051139999999999475e+01
            v2_turb_09.0_26343.dat 2.492080000000000073e+00 9.472140000000000004e-01 1.245170000000000073e+04 1.515220000000000027e+03 1.455959999999999965e+01 1.832180000000000000e+05 3.541550000000000000e+04 1.093710000000000036e+04 1.230920000000000073e+04 -4.783369999999999891e+03 -8.426989999999999782e+03 1.775929999999999927e+04 1.525270000000000081e+01 1.878880000000000106e+00 1.041000000000000000e+07 9.834140000000000000e+06 8.041129999999999711e+01
            v2_turb_09.0_34715.dat 2.291139999999999954e+00 8.304000000000000270e-01 1.263710000000000036e+04 1.350400000000000091e+03 1.473129999999999917e+01 1.638660000000000000e+05 3.067979999999999927e+04 8.836239999999999782e+03 1.052589999999999964e+04 -5.301430000000000291e+03 -8.188239999999999782e+03 1.810079999999999927e+04 1.481170000000000009e+01 1.855580000000000007e+00 8.910020000000000000e+06 7.391190000000000000e+06 8.037430000000000518e+01
             v2_turb_09.0_5751.dat 2.291580000000000172e+00 9.180760000000000032e-01 1.303410000000000036e+04 1.557119999999999891e+03 1.366290000000000049e+01 1.818480000000000000e+05 3.933330000000000291e+04 1.069429999999999927e+04 1.093970000000000073e+04 -4.044460000000000036e+03 -8.557139999999999418e+03 1.697890000000000146e+04 1.585529999999999973e+01 1.923170000000000046e+00 9.378420000000000000e+06 8.576240000000000000e+06 8.048189999999999600e+01
            v2_turb_09.0_59920.dat 2.297190000000000065e+00 9.438839999999999453e-01 1.280720000000000073e+04 1.598269999999999982e+03 1.467709999999999937e+01 1.885650000000000000e+05 2.495479999999999927e+04 1.077560000000000036e+04 1.151520000000000073e+04 -5.350819999999999709e+03 -9.853520000000000437e+03 1.646329999999999927e+04 1.438119999999999976e+01 1.847979999999999956e+00 1.039210000000000000e+07 9.786030000000000000e+06 8.039249999999999829e+01
             v2_turb_09.0_8821.dat 2.290169999999999817e+00 8.375989999999999824e-01 1.216689999999999964e+04 1.396630000000000109e+03 1.377069999999999972e+01 1.672300000000000000e+05 3.200440000000000146e+04 1.030110000000000036e+04 1.059620000000000073e+04 -3.804699999999999818e+03 -6.181869999999999891e+03 1.754279999999999927e+04 1.474840000000000018e+01 1.876880000000000104e+00 9.049180000000000000e+06 7.561180000000000000e+06 8.046689999999999543e+01
             v2_turb_09.0_9468.dat 2.292870000000000186e+00 8.572140000000000315e-01 1.210429999999999927e+04 1.426829999999999927e+03 1.487829999999999941e+01 1.694760000000000000e+05 3.546840000000000146e+04 1.232639999999999964e+04 1.089550000000000000e+04 -3.707409999999999854e+03 -7.715550000000000182e+03 1.736009999999999854e+04 1.545180000000000042e+01 1.882069999999999910e+00 9.351630000000000000e+06 8.013090000000000000e+06 8.052920000000000300e+01
            v2_turb_10.0_13708.dat 6.032930000000000348e+00 9.594000000000000306e-01 1.463060000000000036e+04 1.681460000000000036e+03 1.528550000000000075e+01 2.052160000000000000e+05 2.677970000000000073e+04 1.657140000000000146e+04 1.275939999999999964e+04 -7.031109999999999673e+03 -1.213370000000000073e+04 1.852709999999999854e+04 1.414930000000000021e+01 1.828389999999999960e+00 1.059200000000000000e+07 1.016370000000000000e+07 8.031199999999999761e+01
             v2_turb_10.0_2246.dat 5.245969999999999800e+00 9.574390000000000400e-01 1.530150000000000000e+04 1.603950000000000045e+03 1.686220000000000141e+01 1.969310000000000000e+05 2.330829999999999927e+04 1.575529999999999927e+04 1.273889999999999964e+04 -5.802420000000000073e+03 -5.170130000000000109e+03 1.820859999999999854e+04 1.462379999999999924e+01 1.858060000000000045e+00 1.059200000000000000e+07 1.015020000000000000e+07 8.031310000000000571e+01
            v2_turb_10.0_25797.dat 3.111540000000000195e+00 9.487609999999999655e-01 1.526429999999999927e+04 1.581519999999999982e+03 1.447279999999999944e+01 1.882610000000000000e+05 3.146379999999999927e+04 1.682629999999999927e+04 1.228550000000000000e+04 -5.775789999999999964e+03 -5.270539999999999964e+03 1.757809999999999854e+04 1.454609999999999914e+01 1.860349999999999948e+00 1.059200000000000000e+07 1.002530000000000000e+07 8.043040000000000589e+01
            v2_turb_10.0_25824.dat 5.925569999999999560e+00 9.556320000000000370e-01 1.401189999999999964e+04 1.543759999999999991e+03 1.717869999999999919e+01 1.909570000000000000e+05 2.803650000000000000e+04 1.018120000000000073e+04 1.209450000000000000e+04 -6.310489999999999782e+03 -9.127180000000000291e+03 1.736050000000000000e+04 1.498990000000000045e+01 1.865080000000000071e+00 1.059200000000000000e+07 1.012940000000000000e+07 8.030379999999999541e+01
            v2_turb_10.0_53407.dat 4.238080000000000069e+00 9.552380000000000315e-01 1.417560000000000036e+04 1.687319999999999936e+03 1.536930000000000085e+01 1.951750000000000000e+05 2.287340000000000146e+04 1.276089999999999964e+04 1.294260000000000036e+04 -5.638060000000000400e+03 -1.067110000000000036e+04 1.810320000000000073e+04 1.371519999999999939e+01 1.808389999999999942e+00 1.059200000000000000e+07 1.012850000000000000e+07 8.041809999999999548e+01
             v2_turb_10.0_7055.dat 4.942280000000000229e+00 9.603540000000000409e-01 1.579989999999999964e+04 1.671920000000000073e+03 1.486749999999999972e+01 1.983770000000000000e+05 2.919190000000000146e+04 1.814240000000000146e+04 1.245529999999999927e+04 -5.677680000000000291e+03 -8.098000000000000000e+03 1.801050000000000000e+04 1.668479999999999919e+01 1.995020000000000016e+00 1.059200000000000000e+07 1.017650000000000000e+07 8.051019999999999754e+01
             v2_turb_11.0_1633.dat 7.224219999999999864e+00 9.589560000000000306e-01 1.650040000000000146e+04 1.604819999999999936e+03 1.601940000000000097e+01 2.037730000000000000e+05 2.980479999999999927e+04 2.096550000000000000e+04 1.308410000000000036e+04 -7.659920000000000073e+03 -6.087739999999999782e+03 1.716490000000000146e+04 1.458300000000000018e+01 1.844519999999999937e+00 1.059200000000000000e+07 1.016330000000000000e+07 8.036249999999999716e+01
            v2_turb_11.0_25765.dat 9.546210000000000306e+00 9.596280000000000365e-01 1.486870000000000073e+04 1.616480000000000018e+03 1.641519999999999868e+01 1.939030000000000000e+05 2.435159999999999854e+04 1.527629999999999927e+04 1.284339999999999964e+04 -7.476350000000000364e+03 -1.222279999999999927e+04 1.692900000000000000e+04 1.349740000000000073e+01 1.795709999999999917e+00 1.059200000000000000e+07 1.016680000000000000e+07 8.036119999999999663e+01
            v2_turb_11.0_37345.dat 9.417379999999999640e+00 9.603030000000000177e-01 1.499360000000000036e+04 1.646809999999999945e+03 1.616049999999999898e+01 1.993900000000000000e+05 3.154279999999999927e+04 1.842690000000000146e+04 1.343689999999999964e+04 -8.102840000000000146e+03 -7.601460000000000036e+03 1.721159999999999854e+04 1.302800000000000047e+01 1.757230000000000070e+00 1.059200000000000000e+07 1.017570000000000000e+07 8.037309999999999377e+01
            v2_turb_11.0_41193.dat 8.094329999999999359e+00 9.593169999999999753e-01 1.389789999999999964e+04 1.541809999999999945e+03 1.607939999999999969e+01 1.857620000000000000e+05 2.560929999999999927e+04 1.121460000000000036e+04 1.293220000000000073e+04 -7.269090000000000146e+03 -1.209450000000000000e+04 1.653040000000000146e+04 1.445979999999999954e+01 1.837749999999999995e+00 1.059200000000000000e+07 1.016440000000000000e+07 8.021970000000000312e+01
            v2_turb_11.0_43724.dat 8.467769999999999797e+00 9.629370000000000429e-01 1.464539999999999964e+04 1.625109999999999900e+03 1.615040000000000120e+01 1.951680000000000000e+05 2.612559999999999854e+04 1.179470000000000073e+04 1.269450000000000000e+04 -8.470850000000000364e+03 -1.259450000000000000e+04 1.720900000000000000e+04 1.379589999999999961e+01 1.811039999999999983e+00 1.059200000000000000e+07 1.021090000000000000e+07 8.016009999999999991e+01
            v2_turb_11.0_59287.dat 7.027639999999999887e+00 9.608440000000000314e-01 1.552400000000000000e+04 1.602289999999999964e+03 1.639029999999999987e+01 1.990100000000000000e+05 2.701440000000000146e+04 1.830920000000000073e+04 1.340739999999999964e+04 -7.184380000000000109e+03 -6.652689999999999600e+03 1.879090000000000146e+04 1.508009999999999984e+01 1.909210000000000074e+00 1.059200000000000000e+07 1.018370000000000000e+07 8.026850000000000307e+01
            v2_turb_12.0_23697.dat 9.499029999999999418e+00 9.614179999999999948e-01 1.500739999999999964e+04 1.597839999999999918e+03 1.735480000000000089e+01 1.958230000000000000e+05 3.119650000000000000e+04 1.639220000000000073e+04 1.316479999999999927e+04 -9.504979999999999563e+03 -8.789250000000000000e+03 1.621770000000000073e+04 1.160650000000000048e+01 1.622509999999999897e+00 1.059200000000000000e+07 1.018360000000000000e+07 8.038569999999999993e+01
            v2_turb_12.0_28003.dat 1.003599999999999959e+01 9.650159999999999849e-01 1.656500000000000000e+04 1.767200000000000045e+03 1.810190000000000055e+01 1.940680000000000000e+05 3.552209999999999854e+04 2.105270000000000073e+04 1.333829999999999927e+04 -9.654670000000000073e+03 -9.432639999999999418e+03 1.692509999999999854e+04 1.188540000000000063e+01 1.647410000000000041e+00 1.059200000000000000e+07 1.022310000000000000e+07 8.051220000000000709e+01
            v2_turb_12.0_29989.dat 1.051689999999999969e+01 9.636980000000000546e-01 1.544710000000000036e+04 1.615509999999999991e+03 1.788990000000000080e+01 1.964950000000000000e+05 3.079840000000000146e+04 1.582300000000000000e+04 1.343770000000000073e+04 -9.122870000000000800e+03 -7.213300000000000182e+03 1.703579999999999927e+04 1.209800000000000075e+01 1.675319999999999920e+00 1.059200000000000000e+07 1.021560000000000000e+07 8.026800000000000068e+01
            v2_turb_12.0_40278.dat 1.054700000000000060e+01 9.648320000000000229e-01 1.540650000000000000e+04 1.565490000000000009e+03 1.761599999999999966e+01 1.888200000000000000e+05 3.329459999999999854e+04 1.626879999999999927e+04 1.313760000000000036e+04 -9.744469999999999345e+03 -1.059439999999999964e+04 1.673429999999999927e+04 1.376069999999999993e+01 1.808359999999999967e+00 1.059200000000000000e+07 1.023340000000000000e+07 8.032599999999999341e+01
            v2_turb_12.0_56645.dat 1.114600000000000080e+01 9.629959999999999631e-01 1.547139999999999964e+04 1.664559999999999945e+03 1.704810000000000159e+01 1.955560000000000000e+05 2.600990000000000146e+04 1.481639999999999964e+04 1.298739999999999964e+04 -9.889309999999999491e+03 -8.436549999999999272e+03 1.665670000000000073e+04 1.225830000000000020e+01 1.684879999999999933e+00 1.059200000000000000e+07 1.020280000000000000e+07 8.049049999999999727e+01
             v2_turb_12.0_6007.dat 1.044359999999999999e+01 9.673000000000000487e-01 1.743350000000000000e+04 1.654130000000000109e+03 1.766039999999999921e+01 2.098020000000000000e+05 3.194490000000000146e+04 2.081350000000000000e+04 1.299329999999999927e+04 -7.538310000000000400e+03 -9.747469999999999345e+03 1.710309999999999854e+04 1.343999999999999950e+01 1.787509999999999932e+00 1.059200000000000000e+07 1.025040000000000000e+07 8.041910000000000025e+01
            v2_turb_13.0_24246.dat 1.228430000000000000e+01 9.683770000000000433e-01 1.577789999999999964e+04 1.632460000000000036e+03 1.782499999999999929e+01 2.037890000000000000e+05 3.576180000000000291e+04 1.694900000000000000e+04 1.345850000000000000e+04 -9.545920000000000073e+03 -4.891529999999999745e+03 1.637650000000000000e+04 1.302030000000000065e+01 1.758070000000000022e+00 1.059200000000000000e+07 1.028420000000000000e+07 8.050560000000000116e+01
             v2_turb_13.0_3219.dat 1.187020000000000053e+01 9.672520000000000007e-01 1.556660000000000036e+04 1.395410000000000082e+03 1.831619999999999848e+01 1.713490000000000000e+05 3.142179999999999927e+04 1.454610000000000036e+04 1.323020000000000073e+04 -1.114079999999999927e+04 -4.511000000000000000e+03 1.462620000000000073e+04 8.894700000000000273e+00 1.347809999999999953e+00 1.059200000000000000e+07 1.024240000000000000e+07 8.046250000000000568e+01
            v2_turb_13.0_59662.dat 1.299900000000000055e+01 9.697550000000000336e-01 1.651700000000000000e+04 1.629329999999999927e+03 1.808439999999999870e+01 1.986590000000000000e+05 3.888600000000000000e+04 1.862890000000000146e+04 1.317079999999999927e+04 -1.007089999999999964e+04 -5.361520000000000437e+03 1.543479999999999927e+04 1.012390000000000079e+01 1.487729999999999997e+00 1.059200000000000000e+07 1.029260000000000000e+07 8.065510000000000446e+01
            v2_turb_13.0_63909.dat 1.332820000000000071e+01 9.683699999999999530e-01 1.578439999999999964e+04 1.590970000000000027e+03 1.873179999999999978e+01 1.860330000000000000e+05 3.466209999999999854e+04 2.138129999999999927e+04 1.327050000000000000e+04 -9.832250000000000000e+03 -5.831949999999999818e+03 1.608729999999999927e+04 1.117890000000000050e+01 1.588359999999999994e+00 1.059200000000000000e+07 1.026450000000000000e+07 8.044029999999999347e+01
            v2_turb_13.0_64836.dat 1.223670000000000080e+01 9.675639999999999796e-01 1.528639999999999964e+04 1.534049999999999955e+03 1.900690000000000168e+01 1.955310000000000000e+05 3.458019999999999709e+04 1.542120000000000073e+04 1.299520000000000073e+04 -9.907420000000000073e+03 -8.248760000000000218e+03 1.605270000000000073e+04 1.080170000000000030e+01 1.537120000000000042e+00 1.059200000000000000e+07 1.023800000000000000e+07 8.041970000000000596e+01
             v2_turb_13.0_6610.dat 1.088790000000000013e+01 9.632190000000000474e-01 1.665120000000000073e+04 1.530329999999999927e+03 1.877769999999999939e+01 1.771120000000000000e+05 4.106880000000000291e+04 1.967229999999999927e+04 1.371270000000000073e+04 -1.111339999999999964e+04 -4.519300000000000182e+03 1.551089999999999964e+04 1.035069999999999979e+01 1.495610000000000106e+00 1.059200000000000000e+07 1.021290000000000000e+07 8.046980000000000643e+01
            v2_turb_14.0_17103.dat 1.503359999999999985e+01 9.761729999999999574e-01 1.653809999999999854e+04 1.580339999999999918e+03 2.144839999999999947e+01 1.891750000000000000e+05 3.877680000000000291e+04 2.144650000000000000e+04 1.349739999999999964e+04 -9.227899999999999636e+03 3.356429999999999723e+02 1.686809999999999854e+04 1.218009999999999948e+01 1.665780000000000038e+00 1.059200000000000000e+07 1.035520000000000000e+07 8.082189999999999941e+01
            v2_turb_14.0_33723.dat 1.313480000000000025e+01 9.642460000000000475e-01 1.480039999999999964e+04 1.528799999999999955e+03 1.996030000000000015e+01 1.851200000000000000e+05 3.404730000000000291e+04 1.240560000000000036e+04 1.361820000000000073e+04 -1.076520000000000073e+04 -4.569630000000000109e+03 1.509339999999999964e+04 1.090470000000000006e+01 1.564459999999999962e+00 1.059200000000000000e+07 1.022410000000000000e+07 8.056130000000000280e+01
            v2_turb_14.0_34311.dat 1.331140000000000079e+01 9.668860000000000232e-01 1.531350000000000000e+04 1.375690000000000055e+03 2.132870000000000132e+01 1.834230000000000000e+05 3.693740000000000146e+04 1.695059999999999854e+04 1.371270000000000073e+04 -1.112060000000000036e+04 -4.740170000000000073e+03 1.461579999999999927e+04 9.608629999999999782e+00 1.433619999999999894e+00 1.059200000000000000e+07 1.025170000000000000e+07 8.065290000000000248e+01
            v2_turb_14.0_46217.dat 1.420739999999999981e+01 9.664099999999999913e-01 1.510210000000000036e+04 1.381730000000000018e+03 2.226439999999999841e+01 1.645000000000000000e+05 3.107579999999999927e+04 1.361420000000000073e+04 1.298450000000000000e+04 -1.116179999999999927e+04 -5.395069999999999709e+03 1.481060000000000036e+04 9.310639999999999361e+00 1.392970000000000041e+00 1.059200000000000000e+07 1.025320000000000000e+07 8.052580000000000382e+01
             v2_turb_14.0_7720.dat 1.563620000000000054e+01 9.669900000000000162e-01 1.583370000000000073e+04 1.409160000000000082e+03 2.008399999999999963e+01 1.826670000000000000e+05 3.505780000000000291e+04 1.875700000000000000e+04 1.331850000000000000e+04 -1.105320000000000073e+04 -3.170239999999999782e+03 1.385689999999999964e+04 1.045410000000000039e+01 1.507169999999999899e+00 1.059200000000000000e+07 1.025680000000000000e+07 8.063209999999999411e+01
             v2_turb_14.0_8754.dat 1.500189999999999912e+01 9.712190000000000545e-01 1.659570000000000073e+04 1.515500000000000000e+03 2.099520000000000053e+01 1.838300000000000000e+05 4.226509999999999854e+04 1.566979999999999927e+04 1.349989999999999964e+04 -1.089550000000000000e+04 -3.514759999999999991e+02 1.504589999999999964e+04 9.934120000000000061e+00 1.475880000000000081e+00 1.059200000000000000e+07 1.030590000000000000e+07 8.056210000000000093e+01
            v2_turb_15.0_10279.dat 1.508469999999999978e+01 9.710910000000000375e-01 1.711420000000000073e+04 1.279619999999999891e+03 2.153460000000000107e+01 1.689640000000000000e+05 3.655709999999999854e+04 1.959820000000000073e+04 1.385729999999999927e+04 -1.109600000000000000e+04 -2.802590000000000146e+03 1.368400000000000000e+04 8.406340000000000146e+00 1.297979999999999912e+00 1.059200000000000000e+07 1.028840000000000000e+07 8.082930000000000348e+01
            v2_turb_15.0_22297.dat 1.566600000000000037e+01 9.747249999999999526e-01 1.701700000000000000e+04 1.348029999999999973e+03 2.270619999999999905e+01 1.730490000000000000e+05 3.544230000000000291e+04 2.769140000000000146e+04 1.364150000000000000e+04 -1.100260000000000036e+04 3.756679999999999836e+03 1.514950000000000000e+04 1.020470000000000077e+01 1.479100000000000081e+00 1.059200000000000000e+07 1.035200000000000000e+07 8.070560000000000400e+01
            v2_turb_15.0_25148.dat 1.662259999999999849e+01 9.748059999999999503e-01 1.557020000000000073e+04 1.346900000000000091e+03 2.069719999999999871e+01 1.662300000000000000e+05 3.652950000000000000e+04 1.371820000000000073e+04 1.311100000000000000e+04 -1.104320000000000073e+04 -5.249579999999999927e+03 1.410260000000000036e+04 8.760839999999999961e+00 1.334819999999999895e+00 1.059200000000000000e+07 1.033020000000000000e+07 8.068410000000000082e+01
            v2_turb_15.0_33167.dat 1.657079999999999842e+01 9.768320000000000336e-01 1.670120000000000073e+04 1.225250000000000000e+03 2.326610000000000156e+01 1.626880000000000000e+05 3.796619999999999709e+04 2.214609999999999854e+04 1.396979999999999927e+04 -1.098939999999999964e+04 -5.034739999999999895e+02 1.449939999999999964e+04 7.741699999999999804e+00 1.209200000000000053e+00 1.059200000000000000e+07 1.034530000000000000e+07 8.071469999999999345e+01
            v2_turb_15.0_41424.dat 1.520350000000000001e+01 9.778609999999999802e-01 1.716270000000000073e+04 1.369980000000000018e+03 2.197159999999999869e+01 1.721380000000000000e+05 4.456750000000000000e+04 1.785990000000000146e+04 1.359979999999999927e+04 -1.104210000000000036e+04 -4.791129999999999995e+02 1.482239999999999964e+04 8.593059999999999476e+00 1.328580000000000094e+00 1.059200000000000000e+07 1.038560000000000000e+07 8.086849999999999739e+01
            v2_turb_15.0_57600.dat 1.532959999999999923e+01 9.678860000000000241e-01 1.583889999999999964e+04 1.294190000000000055e+03 2.212600000000000122e+01 1.766840000000000000e+05 4.183009999999999854e+04 1.732879999999999927e+04 1.327770000000000073e+04 -1.109770000000000073e+04 -1.289819999999999936e+03 1.448089999999999964e+04 8.617319999999999425e+00 1.328929999999999945e+00 1.059200000000000000e+07 1.027390000000000000e+07 8.064360000000000639e+01
            v2_turb_16.0_19655.dat 1.510640000000000072e+01 9.687890000000000112e-01 1.637020000000000073e+04 1.221029999999999973e+03 2.214049999999999940e+01 1.534740000000000000e+05 4.158559999999999854e+04 1.516320000000000073e+04 1.350100000000000000e+04 -1.097839999999999964e+04 -2.754769999999999982e+03 1.415700000000000000e+04 8.896879999999999455e+00 1.355199999999999960e+00 1.059200000000000000e+07 1.026770000000000000e+07 8.058259999999999934e+01
            v2_turb_16.0_45772.dat 1.852090000000000103e+01 9.854469999999999619e-01 1.786720000000000073e+04 1.276470000000000027e+03 2.416509999999999891e+01 1.528560000000000000e+05 4.265050000000000000e+04 2.192529999999999927e+04 1.403889999999999964e+04 -1.095220000000000073e+04 3.279840000000000146e+03 1.399320000000000073e+04 7.283999999999999808e+00 1.151540000000000008e+00 1.059200000000000000e+07 1.046050000000000000e+07 8.080440000000000111e+01
            v2_turb_16.0_55975.dat 1.682359999999999900e+01 9.701750000000000096e-01 1.634500000000000000e+04 1.329859999999999900e+03 2.204820000000000135e+01 1.584110000000000000e+05 3.821590000000000146e+04 2.291650000000000000e+04 1.344879999999999927e+04 -1.095729999999999927e+04 -6.225190000000000055e+02 1.509079999999999927e+04 8.218080000000000496e+00 1.275260000000000060e+00 1.059200000000000000e+07 1.030290000000000000e+07 8.084369999999999834e+01
             v2_turb_16.0_5616.dat 1.566360000000000063e+01 9.750459999999999683e-01 1.580520000000000073e+04 1.170329999999999927e+03 2.286670000000000158e+01 1.424370000000000000e+05 3.958590000000000146e+04 1.666529999999999927e+04 1.335879999999999927e+04 -1.103620000000000073e+04 -5.306480000000000246e+02 1.417089999999999964e+04 7.898179999999999978e+00 1.244059999999999944e+00 1.059200000000000000e+07 1.032660000000000000e+07 8.066219999999999857e+01
            v2_turb_16.0_56353.dat 1.655189999999999984e+01 9.719830000000000414e-01 1.631479999999999927e+04 1.205410000000000082e+03 2.283899999999999864e+01 1.481350000000000000e+05 3.770600000000000000e+04 1.807470000000000073e+04 1.351350000000000000e+04 -1.102200000000000000e+04 -7.632250000000000227e+02 1.309420000000000073e+04 8.218510000000000204e+00 1.281479999999999952e+00 1.059200000000000000e+07 1.029790000000000000e+07 8.071040000000000703e+01
             v2_turb_16.0_7031.dat 1.758569999999999922e+01 9.667379999999999862e-01 1.644209999999999854e+04 1.196150000000000091e+03 2.455839999999999890e+01 1.487110000000000000e+05 4.104009999999999854e+04 1.594079999999999927e+04 1.381370000000000073e+04 -1.106350000000000000e+04 3.856340000000000146e+03 1.375589999999999964e+04 7.425379999999999647e+00 1.185070000000000068e+00 1.059200000000000000e+07 1.025610000000000000e+07 8.063100000000000023e+01
            v2_turb_17.0_20390.dat 1.723580000000000112e+01 9.826139999999999874e-01 1.800750000000000000e+04 1.182970000000000027e+03 2.416939999999999955e+01 1.469490000000000000e+05 5.015980000000000291e+04 2.352209999999999854e+04 1.417220000000000073e+04 -1.088239999999999964e+04 4.298359999999999673e+03 1.488489999999999964e+04 7.776379999999999626e+00 1.232080000000000064e+00 1.059200000000000000e+07 1.041810000000000000e+07 8.076430000000000575e+01
            v2_turb_17.0_37683.dat 1.770870000000000033e+01 9.753220000000000223e-01 1.694759999999999854e+04 1.127660000000000082e+03 2.347510000000000119e+01 1.482550000000000000e+05 3.787150000000000000e+04 1.847379999999999927e+04 1.395689999999999964e+04 -1.086470000000000073e+04 3.063380000000000109e+03 1.387879999999999927e+04 8.088639999999999830e+00 1.278440000000000021e+00 1.059200000000000000e+07 1.032820000000000000e+07 8.067669999999999675e+01
            v2_turb_17.0_45521.dat 1.874050000000000082e+01 9.826939999999999564e-01 1.736650000000000000e+04 1.083730000000000018e+03 2.601950000000000074e+01 1.386180000000000000e+05 3.664769999999999709e+04 2.257759999999999854e+04 1.362050000000000000e+04 -1.099529999999999927e+04 4.485960000000000036e+03 1.372539999999999964e+04 7.419109999999999872e+00 1.184299999999999908e+00 1.059200000000000000e+07 1.040610000000000000e+07 8.077290000000000703e+01
            v2_turb_17.0_49865.dat 1.859959999999999880e+01 9.806019999999999737e-01 1.760979999999999927e+04 1.173910000000000082e+03 2.616440000000000055e+01 1.726540000000000000e+05 4.444050000000000000e+04 2.212440000000000146e+04 1.377420000000000073e+04 -1.099070000000000073e+04 1.815710000000000036e+03 1.444820000000000073e+04 6.900339999999999918e+00 1.117930000000000090e+00 1.059200000000000000e+07 1.040730000000000000e+07 8.088479999999999848e+01
            v2_turb_17.0_60465.dat 1.803460000000000107e+01 9.683190000000000408e-01 1.683979999999999927e+04 1.134470000000000027e+03 2.343550000000000111e+01 1.525280000000000000e+05 3.662609999999999854e+04 1.626460000000000036e+04 1.316739999999999964e+04 -1.112300000000000000e+04 -1.029210000000000036e+03 1.280750000000000000e+04 6.549730000000000274e+00 1.111809999999999965e+00 1.059200000000000000e+07 1.027640000000000000e+07 8.076109999999999900e+01
             v2_turb_17.0_7334.dat 1.833060000000000045e+01 9.852140000000000342e-01 1.718140000000000146e+04 1.197509999999999991e+03 2.391179999999999950e+01 1.545330000000000000e+05 4.753619999999999709e+04 1.954770000000000073e+04 1.356789999999999964e+04 -1.094460000000000036e+04 9.524700000000000273e+02 1.406839999999999964e+04 8.306509999999999394e+00 1.268250000000000099e+00 1.059200000000000000e+07 1.044820000000000000e+07 8.075790000000000646e+01
            v2_turb_18.0_25103.dat 1.945550000000000068e+01 9.895319999999999672e-01 1.766129999999999927e+04 1.045579999999999927e+03 2.579570000000000007e+01 1.354150000000000000e+05 4.380930000000000291e+04 2.077979999999999927e+04 1.421639999999999964e+04 -1.096079999999999927e+04 4.218579999999999927e+03 1.417839999999999964e+04 7.566580000000000084e+00 1.178569999999999895e+00 1.059200000000000000e+07 1.049360000000000000e+07 8.086539999999999395e+01
            v2_turb_18.0_27317.dat 1.987669999999999959e+01 9.847890000000000255e-01 1.787159999999999854e+04 1.242730000000000018e+03 2.819630000000000081e+01 1.519410000000000000e+05 4.305319999999999709e+04 2.175300000000000000e+04 1.402239999999999964e+04 -1.087489999999999964e+04 2.269539999999999964e+03 1.428939999999999964e+04 7.164170000000000371e+00 1.165419999999999900e+00 1.059200000000000000e+07 1.044770000000000000e+07 8.080790000000000362e+01
            v2_turb_18.0_28016.dat 1.987199999999999989e+01 9.769630000000000258e-01 1.753559999999999854e+04 1.317460000000000036e+03 2.647929999999999851e+01 1.501460000000000000e+05 4.030200000000000000e+04 1.889720000000000073e+04 1.323760000000000036e+04 -1.102650000000000000e+04 5.552949999999999591e+02 1.351660000000000036e+04 7.857079999999999842e+00 1.248979999999999979e+00 1.059200000000000000e+07 1.037140000000000000e+07 8.080580000000000496e+01
            v2_turb_18.0_34558.dat 1.852459999999999951e+01 9.801680000000000392e-01 1.909300000000000000e+04 1.123650000000000091e+03 2.489730000000000132e+01 1.446660000000000000e+05 5.226000000000000000e+04 2.215620000000000073e+04 1.418210000000000036e+04 -1.084620000000000073e+04 6.063899999999999636e+03 1.418010000000000036e+04 8.542059999999999320e+00 1.297020000000000062e+00 1.059200000000000000e+07 1.039070000000000000e+07 8.094899999999999807e+01
            v2_turb_18.0_46192.dat 1.921399999999999864e+01 9.848500000000000032e-01 1.746279999999999927e+04 1.037880000000000109e+03 2.610360000000000014e+01 1.436320000000000000e+05 4.305169999999999709e+04 2.002679999999999927e+04 1.389870000000000073e+04 -1.094050000000000000e+04 3.648039999999999964e+03 1.364860000000000036e+04 6.522979999999999556e+00 1.077690000000000037e+00 1.059200000000000000e+07 1.042950000000000000e+07 8.089629999999999654e+01
             v2_turb_18.0_8966.dat 1.981559999999999988e+01 9.763880000000000337e-01 1.708250000000000000e+04 1.104579999999999927e+03 2.722650000000000148e+01 1.541400000000000000e+05 4.254750000000000000e+04 2.568720000000000073e+04 1.326810000000000036e+04 -1.090160000000000036e+04 2.493809999999999945e+03 1.333960000000000036e+04 7.814239999999999853e+00 1.214310000000000000e+00 1.059200000000000000e+07 1.036300000000000000e+07 8.079120000000000346e+01
            v2_turb_19.0_17843.dat 2.043990000000000151e+01 9.785639999999999894e-01 1.844540000000000146e+04 1.050400000000000091e+03 2.779520000000000124e+01 1.483180000000000000e+05 4.526740000000000146e+04 2.261929999999999927e+04 1.367289999999999964e+04 -1.092210000000000036e+04 3.853420000000000073e+03 1.419350000000000000e+04 6.158850000000000158e+00 1.050810000000000022e+00 1.059200000000000000e+07 1.038770000000000000e+07 8.082689999999999486e+01
            v2_turb_19.0_20935.dat 2.021480000000000032e+01 9.888350000000000195e-01 1.817340000000000146e+04 1.131289999999999964e+03 2.702880000000000038e+01 1.415150000000000000e+05 4.747980000000000291e+04 2.334590000000000146e+04 1.434360000000000036e+04 -1.082879999999999927e+04 5.955979999999999563e+03 1.553439999999999964e+04 8.242480000000000473e+00 1.282149999999999901e+00 1.059200000000000000e+07 1.049120000000000000e+07 8.090319999999999823e+01
            v2_turb_19.0_33144.dat 2.016300000000000026e+01 9.779919999999999725e-01 1.934540000000000146e+04 1.038130000000000109e+03 2.641349999999999909e+01 1.465770000000000000e+05 5.084680000000000291e+04 2.711720000000000073e+04 1.399300000000000000e+04 -1.089110000000000036e+04 7.291470000000000255e+03 1.383720000000000073e+04 7.659189999999999721e+00 1.209840000000000027e+00 1.059200000000000000e+07 1.037890000000000000e+07 8.108199999999999363e+01
            v2_turb_19.0_51363.dat 2.026089999999999947e+01 9.803779999999999717e-01 1.794670000000000073e+04 1.130990000000000009e+03 2.616939999999999955e+01 1.472210000000000000e+05 4.177380000000000291e+04 2.343929999999999927e+04 1.456050000000000000e+04 -1.089020000000000073e+04 5.832689999999999600e+03 1.432200000000000000e+04 7.426099999999999923e+00 1.208429999999999893e+00 1.059200000000000000e+07 1.038990000000000000e+07 8.116599999999999682e+01
            v2_turb_19.0_56307.dat 1.966379999999999839e+01 9.824410000000000087e-01 1.758840000000000146e+04 1.147470000000000027e+03 2.645570000000000022e+01 1.454280000000000000e+05 4.138709999999999854e+04 1.899300000000000000e+04 1.397720000000000073e+04 -1.092379999999999927e+04 2.750630000000000109e+03 1.404589999999999964e+04 6.973959999999999937e+00 1.122779999999999889e+00 1.059200000000000000e+07 1.039230000000000000e+07 8.090340000000000487e+01
            v2_turb_19.0_63447.dat 2.217089999999999961e+01 9.770929999999999893e-01 1.713159999999999854e+04 1.035839999999999918e+03 2.705189999999999984e+01 1.370930000000000000e+05 3.987509999999999854e+04 2.010559999999999854e+04 1.310989999999999964e+04 -1.099189999999999964e+04 3.352190000000000055e+03 1.281660000000000036e+04 5.477070000000000327e+00 9.566360000000000419e-01 1.059200000000000000e+07 1.034590000000000000e+07 8.090059999999999718e+01
            v2_turb_20.0_20852.dat 2.212610000000000099e+01 9.899040000000000061e-01 1.798529999999999927e+04 1.097440000000000055e+03 2.731709999999999994e+01 1.490050000000000000e+05 4.867219999999999709e+04 2.180940000000000146e+04 1.401020000000000073e+04 -1.081270000000000073e+04 7.963829999999999927e+03 1.366460000000000036e+04 7.723069999999999879e+00 1.221950000000000092e+00 1.059200000000000000e+07 1.051060000000000000e+07 8.101130000000000564e+01
            v2_turb_20.0_25497.dat 2.070479999999999876e+01 9.781170000000000142e-01 1.874120000000000073e+04 1.062759999999999991e+03 2.791039999999999921e+01 1.547980000000000000e+05 5.634209999999999854e+04 2.281879999999999927e+04 1.372529999999999927e+04 -1.082420000000000073e+04 4.359560000000000400e+03 1.341179999999999927e+04 7.199110000000000120e+00 1.150020000000000042e+00 1.059200000000000000e+07 1.038320000000000000e+07 8.093410000000000082e+01
            v2_turb_20.0_29025.dat 2.108249999999999957e+01 9.846510000000000540e-01 1.920129999999999927e+04 1.128720000000000027e+03 2.843260000000000076e+01 1.420030000000000000e+05 4.500569999999999709e+04 2.217659999999999854e+04 1.416939999999999964e+04 -1.085360000000000036e+04 5.419520000000000437e+03 1.410179999999999927e+04 6.130060000000000286e+00 1.016450000000000076e+00 1.059200000000000000e+07 1.045010000000000000e+07 8.085280000000000200e+01
            v2_turb_20.0_43745.dat 2.325929999999999964e+01 9.849879999999999747e-01 1.921100000000000000e+04 1.087710000000000036e+03 2.776559999999999917e+01 1.366680000000000000e+05 4.574540000000000146e+04 1.787359999999999854e+04 1.328300000000000000e+04 -1.086670000000000073e+04 4.866750000000000000e+03 1.321600000000000000e+04 6.411430000000000184e+00 1.081539999999999946e+00 1.059200000000000000e+07 1.044160000000000000e+07 8.078530000000000655e+01
            v2_turb_20.0_51504.dat 2.318349999999999866e+01 9.910240000000000160e-01 2.020859999999999854e+04 1.030170000000000073e+03 2.933770000000000167e+01 1.363470000000000000e+05 5.621480000000000291e+04 2.255879999999999927e+04 1.442479999999999927e+04 -1.075329999999999927e+04 1.005829999999999927e+04 1.496079999999999927e+04 6.369250000000000078e+00 1.039590000000000014e+00 1.059200000000000000e+07 1.052020000000000000e+07 8.127240000000000464e+01
            v2_turb_20.0_54726.dat 2.124530000000000030e+01 9.817169999999999508e-01 1.862379999999999927e+04 1.014879999999999995e+03 2.822210000000000107e+01 1.310010000000000000e+05 4.422030000000000291e+04 1.910929999999999927e+04 1.322910000000000036e+04 -1.091950000000000000e+04 3.510469999999999800e+03 1.328800000000000000e+04 6.369340000000000224e+00 1.079479999999999995e+00 1.059200000000000000e+07 1.042250000000000000e+07 8.104890000000000327e+01
            v2_turb_21.0_25181.dat 2.356030000000000157e+01 9.885540000000000438e-01 1.950470000000000073e+04 9.653339999999999463e+02 2.824470000000000169e+01 1.360620000000000000e+05 5.189150000000000000e+04 2.674129999999999927e+04 1.429489999999999964e+04 -1.081039999999999964e+04 8.017710000000000036e+03 1.518710000000000036e+04 5.904259999999999842e+00 9.852859999999999951e-01 1.059200000000000000e+07 1.049000000000000000e+07 8.092730000000000246e+01
             v2_turb_21.0_3963.dat 2.253679999999999950e+01 1.010369999999999990e+00 2.330620000000000073e+04 1.107670000000000073e+03 2.861260000000000048e+01 1.501490000000000000e+05 6.705580000000000291e+04 3.354269999999999709e+04 1.498279999999999927e+04 -1.061560000000000036e+04 9.993940000000000509e+03 1.690959999999999854e+04 7.785689999999999777e+00 1.183259999999999978e+00 1.059200000000000000e+07 1.069360000000000000e+07 8.113129999999999598e+01
            v2_turb_21.0_42162.dat 2.368260000000000076e+01 1.004979999999999984e+00 1.887690000000000146e+04 9.360890000000000555e+02 3.175789999999999935e+01 1.292560000000000000e+05 5.596440000000000146e+04 2.658579999999999927e+04 1.408039999999999964e+04 -1.081739999999999964e+04 5.823310000000000400e+03 1.397239999999999964e+04 5.677179999999999893e+00 9.728320000000000300e-01 1.059200000000000000e+07 1.067160000000000000e+07 8.098959999999999582e+01
             v2_turb_21.0_5160.dat 2.324559999999999960e+01 9.968230000000000146e-01 2.029270000000000073e+04 1.035400000000000091e+03 3.197710000000000008e+01 1.520550000000000000e+05 5.205000000000000000e+04 3.167179999999999927e+04 1.419000000000000000e+04 -1.059710000000000036e+04 1.160600000000000000e+04 1.505320000000000073e+04 6.077939999999999898e+00 1.043609999999999927e+00 1.059200000000000000e+07 1.059170000000000000e+07 8.105929999999999325e+01
            v2_turb_21.0_57341.dat 2.414910000000000068e+01 9.978510000000000435e-01 2.121950000000000000e+04 1.048450000000000045e+03 3.143479999999999919e+01 1.565810000000000000e+05 5.655730000000000291e+04 2.966329999999999927e+04 1.447679999999999927e+04 -1.070789999999999964e+04 1.183950000000000000e+04 1.479760000000000036e+04 7.017290000000000028e+00 1.153129999999999988e+00 1.059200000000000000e+07 1.057440000000000000e+07 8.113970000000000482e+01
            v2_turb_21.0_61500.dat 2.348339999999999961e+01 1.010180000000000078e+00 2.291420000000000073e+04 1.113140000000000100e+03 2.838289999999999935e+01 1.421190000000000000e+05 5.544350000000000000e+04 2.620440000000000146e+04 1.436179999999999927e+04 -1.071689999999999964e+04 7.408260000000000218e+03 1.519289999999999964e+04 6.112429999999999808e+00 1.003759999999999986e+00 1.059200000000000000e+07 1.074170000000000000e+07 8.114919999999999334e+01
            v2_turb_22.0_29503.dat 2.493639999999999901e+01 9.952889999999999793e-01 2.081329999999999927e+04 1.084799999999999955e+03 3.065619999999999834e+01 1.493060000000000000e+05 6.194119999999999709e+04 2.894029999999999927e+04 1.470289999999999964e+04 -1.070810000000000036e+04 9.827299999999999272e+03 1.533139999999999964e+04 7.200809999999999711e+00 1.137729999999999908e+00 1.059200000000000000e+07 1.058820000000000000e+07 8.103379999999999939e+01
            v2_turb_22.0_40013.dat 2.392820000000000036e+01 1.000750000000000028e+00 2.057890000000000146e+04 9.953099999999999454e+02 3.255519999999999925e+01 1.313190000000000000e+05 5.411419999999999709e+04 2.693520000000000073e+04 1.430000000000000000e+04 -1.064239999999999964e+04 1.201210000000000036e+04 1.468179999999999927e+04 5.738030000000000186e+00 9.832999999999999519e-01 1.059200000000000000e+07 1.059930000000000000e+07 8.107769999999999300e+01
            v2_turb_22.0_40231.dat 2.463200000000000145e+01 9.918580000000000174e-01 2.098500000000000000e+04 1.006190000000000055e+03 3.167820000000000036e+01 1.689740000000000000e+05 6.083219999999999709e+04 2.628420000000000073e+04 1.465700000000000000e+04 -1.078070000000000073e+04 9.614709999999999127e+03 1.439110000000000036e+04 5.384409999999999918e+00 9.567620000000000013e-01 1.059200000000000000e+07 1.051090000000000000e+07 8.101479999999999393e+01
            v2_turb_22.0_41304.dat 2.451520000000000010e+01 9.864100000000000090e-01 1.951059999999999854e+04 9.275599999999999454e+02 3.024340000000000117e+01 1.284410000000000000e+05 5.186259999999999854e+04 2.715240000000000146e+04 1.384120000000000073e+04 -1.064520000000000073e+04 9.394540000000000873e+03 1.367029999999999927e+04 6.340580000000000105e+00 1.085450000000000026e+00 1.059200000000000000e+07 1.047170000000000000e+07 8.104550000000000409e+01
            v2_turb_22.0_47014.dat 2.394160000000000110e+01 9.897569999999999979e-01 2.223620000000000073e+04 9.637390000000000327e+02 3.260320000000000107e+01 1.352050000000000000e+05 6.366140000000000146e+04 2.802420000000000073e+04 1.482389999999999964e+04 -1.066189999999999964e+04 9.953809999999999491e+03 1.557020000000000073e+04 5.202539999999999942e+00 8.852160000000000029e-01 1.059200000000000000e+07 1.048590000000000000e+07 8.108759999999999479e+01
            v2_turb_22.0_52742.dat 2.449630000000000152e+01 9.967439999999999634e-01 1.925220000000000073e+04 9.139650000000000318e+02 3.162409999999999854e+01 1.425100000000000000e+05 6.509630000000000291e+04 2.418670000000000073e+04 1.463970000000000073e+04 -1.077750000000000000e+04 1.112779999999999927e+04 1.503460000000000036e+04 6.407140000000000057e+00 1.089250000000000052e+00 1.059200000000000000e+07 1.058810000000000000e+07 8.105819999999999936e+01
            v2_turb_23.0_18883.dat 2.606009999999999849e+01 1.000180000000000069e+00 2.182000000000000000e+04 9.803509999999999991e+02 3.318439999999999657e+01 1.389510000000000000e+05 6.589060000000000582e+04 2.746150000000000000e+04 1.461029999999999927e+04 -1.056939999999999964e+04 1.030870000000000073e+04 1.620900000000000000e+04 6.118960000000000399e+00 1.013689999999999980e+00 1.059200000000000000e+07 1.060360000000000000e+07 8.126919999999999789e+01
            v2_turb_23.0_31026.dat 2.467089999999999961e+01 9.928829999999999600e-01 2.019059999999999854e+04 9.260410000000000537e+02 2.999830000000000041e+01 1.354200000000000000e+05 6.294340000000000146e+04 2.981979999999999927e+04 1.442539999999999964e+04 -1.073470000000000073e+04 1.185100000000000000e+04 1.492079999999999927e+04 5.544500000000000206e+00 9.521969999999999601e-01 1.059200000000000000e+07 1.054540000000000000e+07 8.110899999999999466e+01
            v2_turb_23.0_36127.dat 2.515619999999999834e+01 9.989339999999999886e-01 2.073750000000000000e+04 1.008970000000000027e+03 3.180559999999999832e+01 1.559300000000000000e+05 6.955730000000000291e+04 2.603140000000000146e+04 1.482860000000000036e+04 -1.044970000000000073e+04 1.453879999999999927e+04 1.620529999999999927e+04 6.100920000000000343e+00 1.038110000000000088e+00 1.059200000000000000e+07 1.059360000000000000e+07 8.114690000000000225e+01
            v2_turb_23.0_49683.dat 2.577509999999999835e+01 9.925260000000000193e-01 2.244190000000000146e+04 9.488039999999999736e+02 3.175840000000000174e+01 1.441880000000000000e+05 7.047250000000000000e+04 3.488250000000000000e+04 1.438250000000000000e+04 -1.062320000000000073e+04 1.449489999999999964e+04 1.431400000000000000e+04 7.048869999999999969e+00 1.124109999999999943e+00 1.059200000000000000e+07 1.054600000000000000e+07 8.116809999999999548e+01
            v2_turb_23.0_49834.dat 2.550280000000000058e+01 9.899900000000000366e-01 2.140940000000000146e+04 9.974059999999999491e+02 3.157979999999999876e+01 1.355980000000000000e+05 6.692710000000000582e+04 2.793090000000000146e+04 1.424050000000000000e+04 -1.069189999999999964e+04 1.253689999999999964e+04 1.410520000000000073e+04 5.514660000000000117e+00 9.709579999999999878e-01 1.059200000000000000e+07 1.052400000000000000e+07 8.105039999999999623e+01
            v2_turb_23.0_57680.dat 2.482079999999999842e+01 9.994079999999999631e-01 2.015390000000000146e+04 8.979829999999999472e+02 3.172409999999999997e+01 1.354800000000000000e+05 5.304730000000000291e+04 2.058379999999999927e+04 1.410850000000000000e+04 -1.079220000000000073e+04 7.964979999999999563e+03 1.375050000000000000e+04 5.330000000000000071e+00 9.364719999999999711e-01 1.059200000000000000e+07 1.060280000000000000e+07 8.108480000000000132e+01
            v2_turb_24.0_11244.dat 2.563250000000000028e+01 1.004839999999999955e+00 2.145259999999999854e+04 9.739729999999999563e+02 3.403179999999999694e+01 1.554620000000000000e+05 6.112359999999999854e+04 3.092579999999999927e+04 1.426810000000000036e+04 -1.057339999999999964e+04 9.934030000000000655e+03 1.393550000000000000e+04 5.457699999999999996e+00 9.420060000000000100e-01 1.059200000000000000e+07 1.065940000000000000e+07 8.116719999999999402e+01
            v2_turb_24.0_11250.dat 2.727710000000000079e+01 1.010669999999999957e+00 2.420650000000000000e+04 1.019909999999999968e+03 3.389779999999999660e+01 1.498570000000000000e+05 5.516969999999999709e+04 3.127209999999999854e+04 1.411839999999999964e+04 -1.058929999999999927e+04 1.146060000000000036e+04 1.631589999999999964e+04 6.631269999999999776e+00 1.064889999999999892e+00 1.059200000000000000e+07 1.074840000000000000e+07 8.114230000000000587e+01
              v2_turb_24.0_377.dat 2.754370000000000118e+01 1.013700000000000045e+00 2.198279999999999927e+04 1.003059999999999945e+03 3.255910000000000082e+01 1.386190000000000000e+05 5.943140000000000146e+04 2.744279999999999927e+04 1.397129999999999927e+04 -1.050310000000000036e+04 1.224220000000000073e+04 1.535229999999999927e+04 5.491799999999999571e+00 9.236240000000000006e-01 1.059200000000000000e+07 1.077150000000000000e+07 8.120900000000000318e+01
            v2_turb_24.0_44891.dat 2.683220000000000027e+01 9.967340000000000089e-01 2.285670000000000073e+04 1.003110000000000014e+03 3.434490000000000265e+01 1.448540000000000000e+05 5.931830000000000291e+04 2.938579999999999927e+04 1.503389999999999964e+04 -1.068279999999999927e+04 1.544100000000000000e+04 1.620329999999999927e+04 7.377500000000000391e+00 1.141440000000000010e+00 1.059200000000000000e+07 1.061390000000000000e+07 8.127160000000000650e+01
            v2_turb_24.0_50518.dat 2.852060000000000173e+01 9.932029999999999470e-01 2.193940000000000146e+04 9.925230000000000246e+02 3.521110000000000184e+01 1.354300000000000000e+05 5.975759999999999854e+04 2.417309999999999854e+04 1.403470000000000073e+04 -1.045300000000000000e+04 9.850500000000000000e+03 1.447889999999999964e+04 4.669529999999999959e+00 8.722450000000000481e-01 1.059200000000000000e+07 1.056360000000000000e+07 8.097360000000000468e+01
            v2_turb_24.0_60394.dat 2.653829999999999956e+01 9.916430000000000522e-01 2.121879999999999927e+04 9.956929999999999836e+02 3.424689999999999657e+01 1.535400000000000000e+05 6.067359999999999854e+04 3.654159999999999854e+04 1.464620000000000073e+04 -1.042379999999999927e+04 1.139210000000000036e+04 1.498689999999999964e+04 5.603950000000000209e+00 9.495869999999999589e-01 1.059200000000000000e+07 1.055100000000000000e+07 8.126210000000000377e+01
