Statistics: min. Generated: 02/12/2021 09:15:51. No. files: 120.
                              File                       4                      10                      11                      13                      15                      17                      18                      20                      21                      25                      26                      27                      61                      64                      70                     100                     108
            v2_turb_05.0_21716.dat -3.913169999999999669e-03 5.802100000000000035e-01 -3.780330000000000155e+02 1.225379999999999967e+02 1.275120000000000031e+00 -2.162600000000000000e+04 -2.631579999999999927e+04 -1.501200000000000000e+04 -4.152540000000000191e+02 -3.300230000000000018e+03 -1.849140000000000146e+04 -1.280289999999999964e+04 -2.717649999999999899e+00 1.017630000000000062e-01 0.000000000000000000e+00 -3.908980000000000246e+02 1.562459999999999916e+01
            v2_turb_05.0_40322.dat -1.985470000000000030e-03 5.827369999999999495e-01 2.446080000000000041e+02 2.141100000000000136e+02 1.884940000000000060e+00 -1.322100000000000000e+04 -1.321689999999999964e+04 -1.330070000000000073e+04 3.517819999999999823e+02 -3.069820000000000164e+03 -1.547920000000000073e+04 -1.253829999999999927e+04 -3.584709999999999841e-01 3.267490000000000117e-01 3.573970000000000000e+05 2.098460000000000000e+05 1.566559999999999953e+01
            v2_turb_05.0_43619.dat -3.055949999999999986e-03 5.816569999999999796e-01 2.305320000000000107e+02 2.158439999999999941e+02 1.976269999999999971e+00 -3.758680000000000291e+04 -1.868309999999999854e+04 -1.684870000000000073e+04 2.118799999999999955e+02 -4.292850000000000364e+03 -1.952820000000000073e+04 -1.282579999999999927e+04 -1.904600000000000071e+00 1.503120000000000012e-01 4.204850000000000000e+05 2.467050000000000000e+05 1.521400000000000041e+01
            v2_turb_05.0_47165.dat -2.856379999999999943e-03 5.829720000000000457e-01 1.167300000000000040e+02 2.027949999999999875e+02 1.988459999999999894e+00 -3.560669999999999709e+04 -1.645870000000000073e+04 -1.475650000000000000e+04 1.589919999999999902e+02 -2.512210000000000036e+03 -1.651900000000000000e+04 -1.262710000000000036e+04 -2.700369999999999937e+00 2.888189999999999855e-02 3.139620000000000000e+05 1.841180000000000000e+05 1.578069999999999951e+01
            v2_turb_05.0_47952.dat -4.694059999999999899e-03 5.810959999999999459e-01 8.156889999999999930e+01 1.894600000000000080e+02 1.896349999999999980e+00 -4.037100000000000000e+04 -1.693220000000000073e+04 -1.579320000000000073e+04 6.388969999999999771e+01 -4.820949999999999818e+03 -1.807500000000000000e+04 -1.265629999999999927e+04 -1.769099999999999895e+00 2.210840000000000027e-01 3.102310000000000000e+05 1.819760000000000000e+05 1.578090000000000082e+01
            v2_turb_05.0_50292.dat -1.930000000000000075e-03 5.829600000000000337e-01 -7.301860000000000639e+01 1.858400000000000034e+02 1.655990000000000073e+00 -2.249650000000000000e+04 -1.792520000000000073e+04 -1.454439999999999964e+04 -4.980369999999999919e+01 -2.798690000000000055e+03 -1.667540000000000146e+04 -1.250229999999999927e+04 -2.765410000000000146e+00 2.549999999999999836e-02 1.670380000000000000e+05 9.808480000000000291e+04 1.506509999999999927e+01
            v2_turb_06.0_14324.dat -4.170890000000000014e-03 5.795789999999999553e-01 6.235389999999999873e+02 2.368580000000000041e+02 2.179289999999999949e+00 -3.565500000000000000e+03 -2.102009999999999854e+04 -1.547789999999999964e+04 9.281770000000000209e+02 -5.351750000000000000e+03 -1.972650000000000000e+04 -1.230589999999999964e+04 -4.849979999999999938e-04 4.172770000000000090e-01 8.807460000000000000e+05 5.162550000000000000e+05 1.534740000000000038e+01
            v2_turb_06.0_26862.dat -4.248939999999999662e-03 5.818640000000000478e-01 4.631909999999999741e+02 2.450639999999999930e+02 2.856450000000000156e+00 -5.589289999999999964e+03 -1.891250000000000000e+04 -1.422379999999999927e+04 1.625289999999999964e+02 -5.356010000000000218e+03 -1.874529999999999927e+04 -1.230920000000000073e+04 -5.989200000000000079e-01 3.098589999999999955e-01 5.047740000000000000e+05 2.966350000000000000e+05 1.471990000000000087e+01
            v2_turb_06.0_47824.dat -4.332090000000000246e-03 5.816109999999999891e-01 -8.080159999999999343e+01 1.711800000000000068e+02 1.897620000000000084e+00 -4.620630000000000291e+04 -2.334529999999999927e+04 -1.328200000000000000e+04 2.119590000000000032e+02 -4.132510000000000218e+03 -1.654729999999999927e+04 -1.261739999999999964e+04 -2.924760000000000026e+00 2.343290000000000043e-03 2.089620000000000000e+05 1.226130000000000000e+05 1.546419999999999995e+01
            v2_turb_06.0_51321.dat -3.216720000000000169e-03 5.814259999999999984e-01 6.522759999999999536e+02 2.666059999999999945e+02 2.290700000000000180e+00 -4.354169999999999709e+04 -2.785209999999999854e+04 -1.494720000000000073e+04 1.163890000000000100e+03 -5.484100000000000364e+03 -2.002729999999999927e+04 -1.260510000000000036e+04 -1.210490000000000066e+00 2.378639999999999921e-01 1.068730000000000000e+06 6.251840000000000000e+05 1.495120000000000005e+01
            v2_turb_06.0_52263.dat -3.322569999999999951e-03 5.816419999999999924e-01 1.040440000000000055e+03 2.967309999999999945e+02 2.150199999999999889e+00 -1.449410000000000036e+04 -1.361039999999999964e+04 -1.287050000000000000e+04 1.328309999999999945e+03 -5.132840000000000146e+03 -1.813929999999999927e+04 -1.219010000000000036e+04 1.262829999999999897e+00 5.401219999999999910e-01 1.243720000000000000e+06 7.291960000000000000e+05 1.533370000000000033e+01
            v2_turb_06.0_55769.dat -3.904219999999999913e-03 5.799079999999999790e-01 3.217610000000000241e+02 2.867649999999999864e+02 2.504119999999999902e+00 -4.035459999999999854e+04 -2.286850000000000000e+04 -1.484920000000000073e+04 6.427870000000000061e+01 -5.369930000000000291e+03 -1.942490000000000146e+04 -1.277350000000000000e+04 -8.766270000000000451e-01 2.938370000000000148e-01 7.386220000000000000e+05 4.328940000000000000e+05 1.493079999999999963e+01
             v2_turb_07.0_2336.dat -5.858859999999999589e-03 5.784799999999999942e-01 9.679500000000000455e+02 3.672080000000000268e+02 2.659209999999999852e+00 -4.962840000000000146e+04 -2.927370000000000073e+04 -1.903809999999999854e+04 1.634609999999999900e+03 -9.501430000000000291e+03 -3.382369999999999709e+04 -1.309039999999999964e+04 -1.476110000000000033e+00 2.467439999999999911e-01 1.099560000000000000e+06 6.442330000000000000e+05 1.278599999999999959e+01
            v2_turb_07.0_40743.dat -6.647010000000000071e-03 5.811899999999999844e-01 1.928589999999999918e+03 4.187500000000000000e+02 2.466870000000000118e+00 -2.629150000000000000e+04 -1.887490000000000146e+04 -1.487089999999999964e+04 2.630639999999999873e+03 -7.431199999999999818e+03 -2.510079999999999927e+04 -1.197879999999999927e+04 1.045630000000000059e+00 5.051419999999999799e-01 2.482110000000000000e+06 1.454390000000000000e+06 1.361149999999999949e+01
            v2_turb_07.0_45626.dat -4.646380000000000302e-03 5.808320000000000149e-01 1.644089999999999918e+03 3.963009999999999877e+02 2.964459999999999873e+00 -1.814540000000000146e+04 -1.702450000000000000e+04 -1.213539999999999964e+04 1.879589999999999918e+03 -6.539960000000000036e+03 -2.349900000000000000e+04 -1.196000000000000000e+04 1.999689999999999968e+00 6.343250000000000277e-01 1.582790000000000000e+06 9.262450000000000000e+05 1.415000000000000036e+01
            v2_turb_07.0_52870.dat -5.492770000000000118e-03 5.813129999999999686e-01 2.144440000000000055e+03 4.432769999999999868e+02 2.953230000000000022e+00 1.514089999999999964e+04 -2.728890000000000146e+04 -1.619210000000000036e+04 2.385260000000000218e+03 -6.893460000000000036e+03 -2.576829999999999927e+04 -1.186600000000000000e+04 -8.788559999999999706e-01 2.932170000000000054e-01 2.453730000000000000e+06 1.433430000000000000e+06 1.449430000000000085e+01
            v2_turb_07.0_52899.dat -3.193420000000000199e-03 5.795559999999999601e-01 1.337109999999999900e+03 3.369590000000000032e+02 2.435369999999999813e+00 1.225689999999999964e+04 -2.271300000000000000e+04 -1.258200000000000000e+04 1.882349999999999909e+03 -6.691460000000000036e+03 -2.305050000000000000e+04 -1.276850000000000000e+04 -7.550630000000000397e-01 2.888430000000000164e-01 1.418770000000000000e+06 8.343550000000000000e+05 1.420139999999999958e+01
             v2_turb_07.0_8564.dat -5.102520000000000146e-03 5.816210000000000546e-01 4.971250000000000000e+02 2.517429999999999950e+02 2.760299999999999976e+00 -2.243490000000000146e+04 -3.211350000000000000e+04 -1.431010000000000036e+04 5.152880000000000109e+02 -7.036989999999999782e+03 -2.581159999999999854e+04 -1.245010000000000036e+04 7.244660000000000544e-01 4.730440000000000200e-01 5.346920000000000000e+05 3.132610000000000000e+05 1.422400000000000020e+01
            v2_turb_08.0_15536.dat -4.077179999999999693e-03 5.824319999999999498e-01 2.373440000000000055e+03 4.495860000000000127e+02 3.862389999999999990e+00 -8.760430000000000291e+03 -2.351720000000000073e+04 -1.462520000000000073e+04 2.250789999999999964e+03 -9.291600000000000364e+03 -3.207220000000000073e+04 -1.260050000000000000e+04 1.358100000000000085e+00 5.504569999999999741e-01 2.586140000000000000e+06 1.516720000000000000e+06 1.294630000000000081e+01
            v2_turb_08.0_22441.dat -1.656429999999999968e-03 5.831910000000000149e-01 2.387460000000000036e+03 4.806499999999999773e+02 3.855529999999999902e+00 2.414009999999999854e+04 -1.666479999999999927e+04 -1.389329999999999927e+04 3.817480000000000018e+03 -8.778459999999999127e+03 -2.996190000000000146e+04 -1.252600000000000000e+04 1.826750000000000096e+00 6.275899999999999812e-01 3.270500000000000000e+06 1.919610000000000000e+06 1.299670000000000059e+01
            v2_turb_08.0_32293.dat -2.633089999999999823e-03 5.812129999999999797e-01 1.544109999999999900e+03 3.863059999999999832e+02 2.063470000000000137e+00 8.802870000000000346e+02 -2.434220000000000073e+04 -1.596689999999999964e+04 1.998319999999999936e+03 -8.396459999999999127e+03 -2.730929999999999927e+04 -1.240870000000000073e+04 8.535819999999999519e-01 4.892920000000000047e-01 2.033220000000000000e+06 1.188520000000000000e+06 1.340670000000000073e+01
            v2_turb_08.0_41120.dat -2.179669999999999871e-03 5.817170000000000396e-01 2.634920000000000073e+03 5.152730000000000246e+02 3.957170000000000076e+00 1.346920000000000073e+04 -2.622909999999999854e+04 -1.319600000000000000e+04 3.511420000000000073e+03 -1.003450000000000000e+04 -3.205900000000000000e+04 -1.222320000000000073e+04 2.184019999999999850e+00 6.727039999999999687e-01 3.147050000000000000e+06 1.844200000000000000e+06 1.303279999999999994e+01
            v2_turb_08.0_46290.dat -3.862490000000000107e-03 5.817750000000000421e-01 1.659980000000000018e+03 4.596650000000000205e+02 3.829689999999999817e+00 -1.401989999999999964e+04 -3.664850000000000000e+04 -1.530150000000000000e+04 2.154739999999999782e+03 -8.540969999999999345e+03 -2.927709999999999854e+04 -1.345660000000000036e+04 1.111229999999999940e+00 5.221249999999999503e-01 2.635620000000000000e+06 1.543280000000000000e+06 1.273949999999999960e+01
            v2_turb_08.0_60415.dat -2.418720000000000071e-03 5.826599999999999557e-01 2.705559999999999945e+03 5.079370000000000118e+02 3.967319999999999958e+00 1.555539999999999964e+04 -1.359879999999999927e+04 -1.276189999999999964e+04 2.777019999999999982e+03 -7.936649999999999636e+03 -2.595550000000000000e+04 -1.249060000000000036e+04 1.561909999999999910e+00 5.695219999999999727e-01 2.978270000000000000e+06 1.747190000000000000e+06 1.316450000000000031e+01
            v2_turb_09.0_26343.dat -2.456900000000000143e-03 5.982269999999999532e-01 2.748960000000000036e+03 5.448369999999999891e+02 5.352970000000000006e+00 4.212209999999999854e+04 -1.351450000000000000e+04 -1.398739999999999964e+04 5.087020000000000437e+03 -1.120060000000000036e+04 -3.552900000000000000e+04 -1.193710000000000036e+04 2.083969999999999878e+00 6.598110000000000364e-01 4.473170000000000000e+06 2.700230000000000000e+06 1.165499999999999936e+01
            v2_turb_09.0_34715.dat -3.983279999999999633e-03 6.203260000000000440e-01 3.450789999999999964e+03 6.138659999999999854e+02 3.518899999999999917e+00 3.936980000000000291e+04 -1.528039999999999964e+04 -1.470620000000000073e+04 4.899079999999999927e+03 -9.656680000000000291e+03 -3.147759999999999854e+04 -1.240979999999999927e+04 2.224019999999999886e+00 6.396749999999999936e-01 5.001330000000000000e+06 3.108530000000000000e+06 1.282310000000000016e+01
             v2_turb_09.0_5751.dat -2.617910000000000202e-03 5.826750000000000540e-01 2.832239999999999782e+03 5.364710000000000036e+02 4.668350000000000222e+00 2.913979999999999927e+04 -3.138159999999999854e+04 -1.356220000000000073e+04 3.886519999999999982e+03 -1.023879999999999927e+04 -3.514009999999999854e+04 -1.265339999999999964e+04 2.073119999999999852e+00 6.656710000000000127e-01 3.755900000000000000e+06 2.202780000000000000e+06 1.154570000000000007e+01
            v2_turb_09.0_59920.dat -2.449339999999999937e-03 6.205570000000000253e-01 4.119329999999999927e+03 6.624790000000000418e+02 5.318469999999999587e+00 4.134690000000000146e+04 -1.075329999999999927e+04 -1.287100000000000000e+04 4.978949999999999818e+03 -1.121470000000000073e+04 -3.448600000000000000e+04 -1.159939999999999964e+04 1.660300000000000109e+00 5.960919999999999552e-01 4.993330000000000000e+06 3.104740000000000000e+06 1.141469999999999985e+01
             v2_turb_09.0_8821.dat -2.999009999999999870e-03 5.826480000000000548e-01 2.969929999999999836e+03 5.126090000000000373e+02 3.903579999999999828e+00 -4.716260000000000218e+03 -1.291360000000000036e+04 -1.476850000000000000e+04 3.266599999999999909e+03 -9.757260000000000218e+03 -3.169590000000000146e+04 -1.304779999999999927e+04 8.531210000000000182e-01 5.008960000000000079e-01 3.542170000000000000e+06 2.077210000000000000e+06 1.259490000000000087e+01
             v2_turb_09.0_9468.dat -3.163480000000000198e-03 5.823639999999999928e-01 3.430050000000000182e+03 5.538239999999999554e+02 4.763899999999999579e+00 1.995100000000000000e+04 -1.960109999999999854e+04 -1.481600000000000000e+04 3.947050000000000182e+03 -1.014739999999999964e+04 -3.349180000000000291e+04 -1.311720000000000073e+04 1.068040000000000100e+00 5.225090000000000012e-01 3.492620000000000000e+06 2.040820000000000000e+06 1.193040000000000056e+01
            v2_turb_10.0_13708.dat -1.003219999999999980e-02 7.093209999999999793e-01 4.265630000000000109e+03 7.697910000000000537e+02 5.295230000000000103e+00 5.760480000000000291e+04 -8.802579999999999927e+03 -1.883500000000000000e+04 6.524090000000000146e+03 -1.155529999999999927e+04 -4.085069999999999709e+04 -1.290839999999999964e+04 1.350160000000000027e+00 5.317370000000000152e-01 6.584880000000000000e+06 4.684800000000000000e+06 1.100009999999999977e+01
             v2_turb_10.0_2246.dat -2.973219999999999943e-03 6.505999999999999561e-01 4.046880000000000109e+03 6.868799999999999955e+02 4.709889999999999688e+00 5.497300000000000000e+04 -5.703770000000000437e+03 -1.770070000000000073e+04 5.644039999999999964e+03 -1.156379999999999927e+04 -4.046500000000000000e+04 -1.303289999999999964e+04 7.219510000000000094e-01 4.677850000000000064e-01 5.491790000000000000e+06 3.575470000000000000e+06 1.221059999999999945e+01
            v2_turb_10.0_25797.dat -3.461919999999999841e-03 6.456060000000000132e-01 4.104220000000000255e+03 6.219629999999999654e+02 4.014230000000000409e+00 3.574230000000000291e+04 -1.732759999999999854e+04 -1.724120000000000073e+04 5.370890000000000327e+03 -1.145920000000000073e+04 -3.889550000000000000e+04 -1.284970000000000073e+04 6.006679999999999797e-01 4.649429999999999952e-01 5.415780000000000000e+06 3.504920000000000000e+06 1.086669999999999980e+01
            v2_turb_10.0_25824.dat -4.609430000000000298e-03 6.749279999999999724e-01 3.580039999999999964e+03 6.900230000000000246e+02 5.072350000000000136e+00 5.171680000000000291e+04 -6.789909999999999854e+03 -1.324910000000000036e+04 5.711229999999999563e+03 -1.152179999999999927e+04 -3.659640000000000146e+04 -1.359129999999999927e+04 -2.460930000000000062e-01 3.409289999999999821e-01 5.913910000000000000e+06 4.007110000000000000e+06 1.244340000000000046e+01
            v2_turb_10.0_53407.dat -8.159190000000000192e-03 6.328939999999999566e-01 3.203469999999999800e+03 5.686749999999999545e+02 4.790949999999999598e+00 4.585769999999999709e+04 -3.397750000000000000e+03 -1.720450000000000000e+04 5.419569999999999709e+03 -1.157400000000000000e+04 -4.052250000000000000e+04 -1.316289999999999964e+04 7.523410000000000375e-01 4.738640000000000074e-01 5.283620000000000000e+06 3.368660000000000000e+06 1.030289999999999928e+01
             v2_turb_10.0_7055.dat -2.581250000000000211e-03 6.372689999999999744e-01 3.725099999999999909e+03 5.885309999999999491e+02 4.749749999999999694e+00 2.344559999999999854e+04 -1.156750000000000000e+04 -2.108429999999999927e+04 5.387180000000000291e+03 -1.166100000000000000e+04 -4.006480000000000291e+04 -1.442039999999999964e+04 -1.827870000000000050e-01 4.385859999999999759e-01 5.359020000000000000e+06 3.439900000000000000e+06 9.657310000000000727e+00
             v2_turb_11.0_1633.dat -2.223140000000000185e-03 7.457380000000000120e-01 4.481010000000000218e+03 7.760199999999999818e+02 5.289550000000000196e+00 7.622400000000000000e+04 -1.198329999999999927e+03 -1.845620000000000073e+04 7.240810000000000400e+03 -1.159010000000000036e+04 -4.085869999999999709e+04 -1.342929999999999927e+04 -1.758219999999999894e+00 1.587220000000000020e-01 7.212690000000000000e+06 5.388280000000000000e+06 1.062620000000000076e+01
            v2_turb_11.0_25765.dat -2.610499999999999973e-03 7.353460000000000552e-01 5.731979999999999563e+03 8.427630000000000337e+02 5.421160000000000423e+00 8.608800000000000000e+04 -1.390539999999999964e+03 -1.405450000000000000e+04 7.010109999999999673e+03 -1.159210000000000036e+04 -3.863690000000000146e+04 -1.252450000000000000e+04 -2.288179999999999936e-01 3.494120000000000004e-01 7.020610000000000000e+06 5.168810000000000000e+06 1.125880000000000081e+01
            v2_turb_11.0_37345.dat -1.953369999999999846e-03 7.630109999999999948e-01 5.792939999999999600e+03 8.206509999999999536e+02 6.174900000000000055e+00 9.191630000000000291e+04 -3.809980000000000018e+03 -1.880970000000000073e+04 7.422789999999999964e+03 -1.159939999999999964e+04 -4.097530000000000291e+04 -1.392650000000000000e+04 -4.050719999999999876e-01 3.232019999999999893e-01 7.579160000000000000e+06 5.802700000000000000e+06 1.146990000000000087e+01
            v2_turb_11.0_41193.dat -2.092249999999999926e-03 7.231800000000000450e-01 5.011010000000000218e+03 8.287649999999999864e+02 5.733089999999999797e+00 8.189430000000000291e+04 -7.004649999999999636e+03 -1.302729999999999927e+04 6.795960000000000036e+03 -1.154789999999999964e+04 -3.660890000000000146e+04 -1.302150000000000000e+04 9.455609999999999848e-01 4.925829999999999931e-01 6.801560000000000000e+06 4.928590000000000000e+06 1.110759999999999970e+01
            v2_turb_11.0_43724.dat -5.088189999999999814e-04 7.815490000000000492e-01 5.879170000000000073e+03 8.840320000000000391e+02 5.787580000000000169e+00 9.747839999999999418e+04 3.061000000000000227e+02 -1.586420000000000073e+04 8.205799999999999272e+03 -1.154379999999999927e+04 -3.770840000000000146e+04 -1.254729999999999927e+04 8.076170000000000293e-01 4.692790000000000017e-01 7.934320000000000000e+06 6.213990000000000000e+06 1.116169999999999973e+01
            v2_turb_11.0_59287.dat -3.176979999999999821e-03 7.223199999999999621e-01 4.642859999999999673e+03 8.402569999999999482e+02 5.359210000000000029e+00 7.628150000000000000e+04 -3.959010000000000218e+03 -1.854009999999999854e+04 6.232250000000000000e+03 -1.159950000000000000e+04 -3.760159999999999854e+04 -1.276670000000000073e+04 3.723799999999999888e-01 4.371760000000000090e-01 6.804880000000000000e+06 4.927330000000000000e+06 1.137219999999999942e+01
            v2_turb_12.0_23697.dat 7.402910000000000046e-02 8.292620000000000546e-01 6.605449999999999818e+03 8.547459999999999809e+02 6.929479999999999862e+00 8.826560000000000582e+04 -2.699090000000000146e+03 -1.678350000000000000e+04 9.059530000000000655e+03 -1.155550000000000000e+04 -3.905340000000000146e+04 -1.332600000000000000e+04 -1.532370000000000010e+00 1.697970000000000035e-01 8.926580000000000000e+06 7.408310000000000000e+06 1.163299999999999912e+01
            v2_turb_12.0_28003.dat 5.115709999999999980e-01 8.356419999999999959e-01 6.248039999999999964e+03 7.482179999999999609e+02 6.570179999999999687e+00 7.041650000000000000e+04 -7.362260000000000218e+03 -1.735479999999999927e+04 8.366309999999999491e+03 -1.162110000000000036e+04 -3.887319999999999709e+04 -1.333910000000000036e+04 -2.029869999999999841e+00 1.504409999999999914e-01 9.094980000000000000e+06 7.616190000000000000e+06 1.117929999999999957e+01
            v2_turb_12.0_29989.dat 4.459629999999999983e-01 8.103350000000000275e-01 6.451579999999999927e+03 7.877229999999999563e+02 6.708160000000000345e+00 8.089689999999999418e+04 -4.843149999999999636e+03 -1.577039999999999964e+04 8.663700000000000728e+03 -1.159510000000000036e+04 -3.923340000000000146e+04 -1.394120000000000073e+04 -6.019830000000000458e-01 2.955169999999999741e-01 8.522000000000000000e+06 6.920460000000000000e+06 1.086190000000000033e+01
            v2_turb_12.0_40278.dat -2.659110000000000228e-04 8.386310000000000153e-01 6.978220000000000255e+03 7.640470000000000255e+02 6.936180000000000234e+00 7.493500000000000000e+04 -7.849119999999999891e+03 -1.662759999999999854e+04 8.888350000000000364e+03 -1.160720000000000073e+04 -4.035230000000000291e+04 -1.333520000000000073e+04 -6.909999999999999476e-01 2.961949999999999861e-01 9.159930000000000000e+06 7.713240000000000000e+06 1.188819999999999943e+01
            v2_turb_12.0_56645.dat 2.173549999999999927e-01 8.787169999999999703e-01 6.534260000000000218e+03 7.251319999999999482e+02 5.591639999999999944e+00 7.974489999999999418e+04 2.234639999999999873e+03 -1.270960000000000036e+04 9.412610000000000582e+03 -1.157610000000000036e+04 -3.750050000000000000e+04 -1.351550000000000000e+04 -9.822619999999999685e-01 2.596539999999999959e-01 9.344290000000000000e+06 8.206050000000000000e+06 1.191310000000000002e+01
             v2_turb_12.0_6007.dat -3.851170000000000114e-03 7.396970000000000489e-01 5.092029999999999745e+03 7.703619999999999663e+02 4.917690000000000339e+00 7.022550000000000000e+04 -2.513230000000000018e+03 -1.500460000000000036e+04 7.636439999999999600e+03 -1.159229999999999927e+04 -3.874509999999999854e+04 -1.353129999999999927e+04 -6.370379999999999932e-01 2.745020000000000238e-01 7.089140000000000000e+06 5.245320000000000000e+06 1.185459999999999958e+01
            v2_turb_13.0_24246.dat -6.160210000000000165e-04 8.291629999999999834e-01 5.975779999999999745e+03 6.104389999999999645e+02 6.330650000000000333e+00 6.188290000000000146e+04 -5.939130000000000109e+03 -1.706240000000000146e+04 8.676069999999999709e+03 -1.166789999999999964e+04 -3.898219999999999709e+04 -1.384929999999999927e+04 -2.385429999999999939e+00 7.061850000000000072e-02 8.919960000000000000e+06 7.412970000000000000e+06 1.219560000000000066e+01
             v2_turb_13.0_3219.dat 4.454250000000000043e+00 9.180199999999999472e-01 7.721390000000000327e+03 6.787490000000000236e+02 6.768849999999999589e+00 7.179960000000000582e+04 -1.131320000000000073e+04 -1.648720000000000073e+04 9.724819999999999709e+03 -1.162229999999999927e+04 -3.448940000000000146e+04 -1.445929999999999927e+04 -1.676509999999999945e+00 1.745530000000000137e-01 1.059200000000000000e+07 9.720900000000000000e+06 1.275029999999999930e+01
            v2_turb_13.0_59662.dat 2.277350000000000207e+00 9.168190000000000506e-01 7.456739999999999782e+03 5.797549999999999955e+02 6.300910000000000011e+00 5.493009999999999854e+04 -1.295770000000000073e+04 -1.840129999999999927e+04 9.434590000000000146e+03 -1.168950000000000000e+04 -3.727969999999999709e+04 -1.430439999999999964e+04 -4.286539999999999573e+00 -8.024679999999999314e-02 9.344290000000000000e+06 8.781970000000000000e+06 1.210169999999999924e+01
            v2_turb_13.0_63909.dat 1.730199999999999960e+00 9.128950000000000120e-01 7.654560000000000400e+03 6.284990000000000236e+02 5.775079999999999991e+00 6.394030000000000291e+04 -2.390400000000000091e+03 -2.133690000000000146e+04 8.910579999999999927e+03 -1.167120000000000073e+04 -4.131159999999999854e+04 -1.452250000000000000e+04 -2.494299999999999962e+00 6.996049999999999491e-02 9.344290000000000000e+06 8.597190000000000000e+06 1.176549999999999940e+01
            v2_turb_13.0_64836.dat 1.643729999999999913e+00 9.219270000000000520e-01 7.360189999999999600e+03 6.708329999999999700e+02 7.316659999999999719e+00 7.406200000000000000e+04 -7.943520000000000437e+03 -1.387510000000000036e+04 9.466969999999999345e+03 -1.158329999999999927e+04 -3.706509999999999854e+04 -1.316339999999999964e+04 -1.874260000000000037e+00 1.270260000000000000e-01 9.344290000000000000e+06 8.656820000000000000e+06 1.127069999999999972e+01
             v2_turb_13.0_6610.dat 3.305930000000000035e+00 9.214440000000000408e-01 6.399460000000000036e+03 6.337780000000000200e+02 6.696240000000000414e+00 5.697609999999999854e+04 -1.463810000000000036e+04 -2.222709999999999854e+04 9.391489999999999782e+03 -1.162329999999999927e+04 -3.581890000000000146e+04 -1.376810000000000036e+04 -2.676260000000000083e+00 4.941489999999999772e-02 1.059200000000000000e+07 9.737700000000000000e+06 1.267590000000000039e+01
            v2_turb_14.0_17103.dat 2.052270000000000039e+00 8.183550000000000546e-01 5.336500000000000000e+03 4.805509999999999877e+02 7.802480000000000082e+00 5.273219999999999709e+04 -1.113289999999999964e+04 -1.764240000000000146e+04 9.073729999999999563e+03 -1.177220000000000073e+04 -4.045669999999999709e+04 -1.475360000000000036e+04 -4.796590000000000131e+00 -1.919669999999999987e-01 8.684070000000000000e+06 7.098190000000000000e+06 1.216249999999999964e+01
            v2_turb_14.0_33723.dat 1.975249999999999950e+00 9.257379999999999498e-01 7.906039999999999964e+03 6.798619999999999663e+02 6.779899999999999594e+00 6.607380000000000291e+04 -3.535900000000000091e+03 -1.355829999999999927e+04 1.009189999999999964e+04 -1.163300000000000000e+04 -3.921769999999999709e+04 -1.350360000000000036e+04 -2.069560000000000066e+00 1.084600000000000009e-01 1.008240000000000000e+07 9.469570000000000000e+06 1.258259999999999934e+01
            v2_turb_14.0_34311.dat 3.940440000000000165e+00 9.192059999999999675e-01 7.610369999999999891e+03 6.101730000000000018e+02 7.190789999999999793e+00 6.111340000000000146e+04 -7.071800000000000182e+03 -1.593829999999999927e+04 9.489729999999999563e+03 -1.165079999999999927e+04 -3.426659999999999854e+04 -1.404150000000000000e+04 -3.893740000000000201e+00 -1.025329999999999991e-01 1.059200000000000000e+07 9.735230000000000000e+06 1.317459999999999987e+01
            v2_turb_14.0_46217.dat 4.485179999999999723e+00 9.204090000000000327e-01 8.031189999999999600e+03 6.804629999999999654e+02 8.625270000000000437e+00 7.001760000000000582e+04 1.537349999999999909e+03 -1.313770000000000073e+04 1.021760000000000036e+04 -1.159820000000000073e+04 -3.426750000000000000e+04 -1.438800000000000000e+04 -2.576150000000000162e+00 3.107199999999999893e-02 1.059200000000000000e+07 9.745000000000000000e+06 1.276270000000000060e+01
             v2_turb_14.0_7720.dat 4.413280000000000314e+00 9.190260000000000096e-01 6.878720000000000255e+03 5.130249999999999773e+02 8.445000000000000284e+00 6.062119999999999709e+04 -6.867979999999999563e+03 -1.776559999999999854e+04 9.980569999999999709e+03 -1.170800000000000000e+04 -3.792609999999999854e+04 -1.448220000000000073e+04 -4.181630000000000180e+00 -1.620489999999999986e-01 1.059200000000000000e+07 9.724910000000000000e+06 1.321069999999999922e+01
             v2_turb_14.0_8754.dat 2.370789999999999953e+00 9.183989999999999654e-01 7.149119999999999891e+03 5.102210000000000036e+02 7.903870000000000395e+00 3.916909999999999854e+04 -1.315510000000000036e+04 -1.630400000000000000e+04 9.961229999999999563e+03 -1.171789999999999964e+04 -3.587000000000000000e+04 -1.475779999999999927e+04 -3.515919999999999934e+00 -8.030800000000000438e-02 1.017000000000000000e+07 9.493290000000000000e+06 1.167050000000000054e+01
            v2_turb_15.0_10279.dat 7.564339999999999620e+00 9.064309999999999867e-01 5.158579999999999927e+03 4.297959999999999923e+02 7.388080000000000425e+00 4.919609999999999854e+04 -5.261800000000000182e+03 -1.755850000000000000e+04 9.193250000000000000e+03 -1.174660000000000036e+04 -3.509490000000000146e+04 -1.479260000000000036e+04 -4.222550000000000026e+00 -1.325560000000000072e-01 1.059200000000000000e+07 9.608340000000000000e+06 1.401459999999999972e+01
            v2_turb_15.0_22297.dat 5.585510000000000197e+00 9.075990000000000446e-01 6.986989999999999782e+03 4.744889999999999759e+02 7.894330000000000069e+00 3.464130000000000291e+04 -6.435819999999999709e+03 -2.322559999999999854e+04 9.452280000000000655e+03 -1.172600000000000000e+04 -3.512319999999999709e+04 -1.650640000000000146e+04 -4.838390000000000413e+00 -1.978999999999999926e-01 1.059200000000000000e+07 9.599580000000000000e+06 1.136139999999999972e+01
            v2_turb_15.0_25148.dat 4.558370000000000033e+00 9.209810000000000496e-01 7.094470000000000255e+03 5.100860000000000127e+02 7.477179999999999715e+00 6.057809999999999854e+04 -6.689270000000000437e+03 -1.850070000000000073e+04 1.000389999999999964e+04 -1.173460000000000036e+04 -3.233470000000000073e+04 -1.484570000000000073e+04 -3.206370000000000164e+00 -4.542890000000000122e-02 1.059200000000000000e+07 9.740850000000000000e+06 1.389409999999999989e+01
            v2_turb_15.0_33167.dat 7.798169999999999824e+00 9.036159999999999748e-01 6.704829999999999927e+03 4.925939999999999941e+02 8.596679999999999211e+00 4.510719999999999709e+04 -8.751899999999999636e+03 -2.184790000000000146e+04 9.392049999999999272e+03 -1.178000000000000000e+04 -3.554830000000000291e+04 -1.480470000000000073e+04 -4.833730000000000082e+00 -2.329029999999999989e-01 1.059200000000000000e+07 9.557450000000000000e+06 1.364559999999999995e+01
            v2_turb_15.0_41424.dat 5.110800000000000232e+00 9.184510000000000174e-01 6.330149999999999636e+03 5.077269999999999754e+02 8.030440000000000467e+00 4.206690000000000146e+04 -1.716909999999999854e+04 -2.589800000000000000e+04 9.428389999999999418e+03 -1.180029999999999927e+04 -3.595809999999999854e+04 -1.541510000000000036e+04 -4.580269999999999619e+00 -2.235070000000000112e-01 1.059200000000000000e+07 9.709630000000000000e+06 1.293590000000000018e+01
            v2_turb_15.0_57600.dat 5.468969999999999665e+00 9.168730000000000491e-01 5.584960000000000036e+03 5.085869999999999891e+02 7.496940000000000381e+00 5.295450000000000000e+04 -1.182739999999999964e+04 -1.914320000000000073e+04 9.920520000000000437e+03 -1.167639999999999964e+04 -3.610980000000000291e+04 -1.488070000000000073e+04 -3.451600000000000001e+00 -6.378150000000000486e-02 1.059200000000000000e+07 9.710460000000000000e+06 1.416310000000000002e+01
            v2_turb_16.0_19655.dat 7.957620000000000360e+00 9.066130000000000022e-01 6.578600000000000364e+03 5.279729999999999563e+02 8.308609999999999829e+00 4.795319999999999709e+04 -1.449270000000000073e+04 -2.101079999999999927e+04 9.517989999999999782e+03 -1.176170000000000073e+04 -3.137990000000000146e+04 -1.480589999999999964e+04 -4.256990000000000052e+00 -1.335079999999999878e-01 1.059200000000000000e+07 9.582900000000000000e+06 1.367520000000000024e+01
            v2_turb_16.0_45772.dat 9.108090000000000686e+00 9.054969999999999963e-01 3.943150000000000091e+03 3.246940000000000168e+02 9.292450000000000543e+00 4.262250000000000000e+04 -6.928550000000000182e+03 -1.813529999999999927e+04 9.333389999999999418e+03 -1.181310000000000036e+04 -3.585730000000000291e+04 -1.529679999999999927e+04 -4.742309999999999803e+00 -2.105049999999999977e-01 1.059200000000000000e+07 9.576080000000000000e+06 1.414109999999999978e+01
            v2_turb_16.0_55975.dat 6.129879999999999995e+00 9.010749999999999593e-01 6.632699999999999818e+03 4.769100000000000250e+02 9.488870000000000360e+00 3.898530000000000291e+04 -6.457930000000000291e+03 -2.099390000000000146e+04 9.230819999999999709e+03 -1.177350000000000000e+04 -3.203520000000000073e+04 -1.484170000000000073e+04 -4.987280000000000157e+00 -2.114340000000000108e-01 1.059200000000000000e+07 9.537200000000000000e+06 1.349450000000000038e+01
             v2_turb_16.0_5616.dat 8.459400000000000475e+00 9.209929999999999506e-01 6.923729999999999563e+03 5.515829999999999700e+02 9.143800000000000594e+00 5.179300000000000000e+04 -7.923069999999999709e+03 -1.747400000000000000e+04 9.585530000000000655e+03 -1.173229999999999927e+04 -3.091229999999999927e+04 -1.460679999999999927e+04 -3.793660000000000032e+00 -7.417769999999999919e-02 1.059200000000000000e+07 9.749550000000000000e+06 1.453340000000000032e+01
            v2_turb_16.0_56353.dat 8.731009999999999494e+00 9.091510000000000424e-01 6.204840000000000146e+03 4.878860000000000241e+02 1.021749999999999936e+01 4.674409999999999854e+04 -1.075039999999999964e+04 -1.671129999999999927e+04 9.631930000000000291e+03 -1.173689999999999964e+04 -3.081520000000000073e+04 -1.481770000000000073e+04 -4.473019999999999996e+00 -2.049880000000000035e-01 1.059200000000000000e+07 9.620510000000000000e+06 1.342179999999999929e+01
             v2_turb_16.0_7031.dat 8.718669999999999476e+00 9.204440000000000399e-01 6.551279999999999745e+03 4.850989999999999895e+02 9.828150000000000830e+00 5.358519999999999709e+04 -1.032600000000000000e+04 -1.655009999999999854e+04 9.396860000000000582e+03 -1.173039999999999964e+04 -3.269870000000000073e+04 -1.520310000000000036e+04 -4.681180000000000341e+00 -2.264200000000000101e-01 1.059200000000000000e+07 9.738450000000000000e+06 1.445059999999999967e+01
            v2_turb_17.0_20390.dat 7.458779999999999966e+00 9.088079999999999492e-01 5.708630000000000109e+03 4.239970000000000141e+02 6.924240000000000173e+00 3.544730000000000291e+04 -1.386260000000000036e+04 -2.099420000000000073e+04 9.155100000000000364e+03 -1.184339999999999964e+04 -3.468419999999999709e+04 -1.687279999999999927e+04 -5.607549999999999812e+00 -3.485909999999999842e-01 1.059200000000000000e+07 9.599860000000000000e+06 1.349540000000000006e+01
            v2_turb_17.0_37683.dat 7.863920000000000243e+00 9.142160000000000286e-01 6.284710000000000036e+03 4.159379999999999882e+02 1.034079999999999977e+01 3.889619999999999709e+04 -5.499060000000000400e+03 -1.738159999999999854e+04 9.468329999999999927e+03 -1.186979999999999927e+04 -3.282080000000000291e+04 -1.566850000000000000e+04 -4.825689999999999813e+00 -2.443510000000000126e-01 1.059200000000000000e+07 9.659730000000000000e+06 1.432670000000000066e+01
            v2_turb_17.0_45521.dat 1.033099999999999952e+01 8.963790000000000369e-01 5.376789999999999964e+03 3.841200000000000045e+02 9.765829999999999345e+00 3.557059999999999854e+04 -5.067130000000000109e+03 -2.139020000000000073e+04 9.407370000000000800e+03 -1.184520000000000073e+04 -3.195059999999999854e+04 -1.573179999999999927e+04 -5.734759999999999636e+00 -3.375949999999999784e-01 1.059200000000000000e+07 9.487220000000000000e+06 1.469180000000000064e+01
            v2_turb_17.0_49865.dat 9.298650000000000304e+00 9.096429999999999794e-01 6.342489999999999782e+03 4.473469999999999800e+02 1.001720000000000077e+01 3.832209999999999854e+04 -1.590310000000000036e+04 -1.592310000000000036e+04 9.707000000000000000e+03 -1.186820000000000073e+04 -3.192920000000000073e+04 -1.541710000000000036e+04 -6.364230000000000054e+00 -4.015690000000000093e-01 1.059200000000000000e+07 9.623420000000000000e+06 1.458249999999999957e+01
            v2_turb_17.0_60465.dat 8.042799999999999727e+00 9.197030000000000483e-01 7.536979999999999563e+03 5.379900000000000091e+02 1.113310000000000066e+01 5.327790000000000146e+04 -3.618630000000000109e+03 -1.421679999999999927e+04 9.587979999999999563e+03 -1.167970000000000073e+04 -2.994659999999999854e+04 -1.453660000000000036e+04 -3.831560000000000077e+00 -1.119249999999999967e-01 1.059200000000000000e+07 9.729650000000000000e+06 1.524080000000000013e+01
             v2_turb_17.0_7334.dat 7.891820000000000057e+00 9.122820000000000373e-01 5.934859999999999673e+03 4.324920000000000186e+02 9.528019999999999712e+00 3.776290000000000146e+04 -1.430350000000000000e+04 -2.404900000000000000e+04 9.412159999999999854e+03 -1.176539999999999964e+04 -3.154390000000000146e+04 -1.577660000000000036e+04 -5.878770000000000273e+00 -3.265440000000000009e-01 1.059200000000000000e+07 9.647620000000000000e+06 1.379809999999999981e+01
            v2_turb_18.0_25103.dat 1.229390000000000072e+01 9.030019999999999714e-01 3.586869999999999891e+03 3.077440000000000282e+02 1.048479999999999990e+01 3.789240000000000146e+04 -1.185450000000000000e+04 -1.864470000000000073e+04 9.588459999999999127e+03 -1.186089999999999964e+04 -3.574490000000000146e+04 -1.580010000000000036e+04 -5.824869999999999770e+00 -3.490500000000000269e-01 1.059200000000000000e+07 9.560650000000000000e+06 1.515440000000000076e+01
            v2_turb_18.0_27317.dat 9.050679999999999836e+00 9.001869999999999594e-01 5.302869999999999891e+03 4.049470000000000027e+02 8.607229999999999492e+00 2.889679999999999927e+04 -6.021659999999999854e+03 -2.128659999999999854e+04 9.744750000000000000e+03 -1.186170000000000073e+04 -3.338640000000000146e+04 -1.637429999999999927e+04 -5.683790000000000120e+00 -3.156390000000000029e-01 1.059200000000000000e+07 9.525150000000000000e+06 1.448949999999999960e+01
            v2_turb_18.0_28016.dat 5.820490000000000386e+00 9.018920000000000270e-01 5.672199999999999818e+03 4.150210000000000150e+02 9.781290000000000262e+00 3.911830000000000291e+04 -1.025029999999999927e+04 -1.520289999999999964e+04 9.995790000000000873e+03 -1.180670000000000073e+04 -3.108900000000000000e+04 -1.551189999999999964e+04 -5.598419999999999952e+00 -3.200649999999999884e-01 1.059200000000000000e+07 9.546140000000000000e+06 1.281160000000000032e+01
            v2_turb_18.0_34558.dat 1.051200000000000045e+01 9.084130000000000260e-01 5.736770000000000437e+03 3.586299999999999955e+02 1.005450000000000088e+01 3.068020000000000073e+04 -2.351290000000000146e+04 -2.344370000000000073e+04 8.707510000000000218e+03 -1.188629999999999927e+04 -3.473630000000000291e+04 -1.708200000000000000e+04 -6.223629999999999995e+00 -3.959460000000000202e-01 1.059200000000000000e+07 9.609690000000000000e+06 1.370420000000000016e+01
            v2_turb_18.0_46192.dat 1.104470000000000063e+01 9.050730000000000164e-01 5.758619999999999891e+03 4.016850000000000023e+02 1.011759999999999948e+01 2.518820000000000073e+04 -7.313130000000000109e+03 -1.774759999999999854e+04 9.973069999999999709e+03 -1.178489999999999964e+04 -3.176879999999999927e+04 -1.609729999999999927e+04 -6.646329999999999849e+00 -4.350510000000000210e-01 1.059200000000000000e+07 9.599270000000000000e+06 1.506969999999999921e+01
             v2_turb_18.0_8966.dat 9.808650000000000091e+00 8.943149999999999711e-01 5.604770000000000437e+03 3.787970000000000255e+02 1.117689999999999984e+01 3.745209999999999854e+04 -9.477909999999999854e+03 -1.952429999999999927e+04 9.696569999999999709e+03 -1.189850000000000000e+04 -3.313480000000000291e+04 -1.548660000000000036e+04 -5.229499999999999815e+00 -2.629750000000000143e-01 1.059200000000000000e+07 9.449140000000000000e+06 1.534590000000000032e+01
            v2_turb_19.0_17843.dat 1.144219999999999970e+01 8.957659999999999512e-01 5.252119999999999891e+03 3.918580000000000041e+02 1.102100000000000080e+01 3.574490000000000146e+04 -1.469560000000000036e+04 -1.783070000000000073e+04 9.428700000000000728e+03 -1.185120000000000073e+04 -2.990540000000000146e+04 -1.577370000000000073e+04 -6.264750000000000263e+00 -4.159260000000000179e-01 1.059200000000000000e+07 9.451690000000000000e+06 1.541360000000000063e+01
            v2_turb_19.0_20935.dat 9.642849999999999255e+00 8.921759999999999691e-01 4.043329999999999927e+03 2.908570000000000277e+02 1.038829999999999920e+01 2.114150000000000000e+04 -1.988500000000000000e+04 -2.628190000000000146e+04 9.466450000000000728e+03 -1.190120000000000073e+04 -3.915559999999999854e+04 -1.673079999999999927e+04 -7.202650000000000219e+00 -5.053769999999999651e-01 1.059200000000000000e+07 9.456580000000000000e+06 1.473690000000000033e+01
            v2_turb_19.0_33144.dat 1.334660000000000046e+01 8.990540000000000198e-01 4.112479999999999563e+03 3.157950000000000159e+02 1.008360000000000056e+01 2.816220000000000073e+04 -1.446479999999999927e+04 -2.133700000000000000e+04 9.272979999999999563e+03 -1.193300000000000000e+04 -3.231690000000000146e+04 -1.687579999999999927e+04 -6.467159999999999798e+00 -4.487430000000000030e-01 1.059200000000000000e+07 9.496350000000000000e+06 1.494580000000000020e+01
            v2_turb_19.0_51363.dat 1.152030000000000065e+01 8.977969999999999562e-01 5.589430000000000291e+03 3.997749999999999773e+02 1.122830000000000084e+01 3.929050000000000000e+04 -8.591750000000000000e+03 -1.873190000000000146e+04 9.203510000000000218e+03 -1.184039999999999964e+04 -3.432640000000000146e+04 -1.575379999999999927e+04 -7.210069999999999979e+00 -5.196159999999999668e-01 1.059200000000000000e+07 9.500570000000000000e+06 1.440659999999999918e+01
            v2_turb_19.0_56307.dat 9.966359999999999886e+00 9.102019999999999555e-01 5.534539999999999964e+03 3.499780000000000086e+02 1.018800000000000061e+01 3.433530000000000291e+04 -1.218300000000000000e+04 -2.057829999999999927e+04 9.620639999999999418e+03 -1.176750000000000000e+04 -3.454269999999999709e+04 -1.567679999999999927e+04 -6.595250000000000057e+00 -4.557140000000000080e-01 1.059200000000000000e+07 9.632660000000000000e+06 1.388010000000000055e+01
            v2_turb_19.0_63447.dat 1.217890000000000050e+01 9.102749999999999453e-01 6.066659999999999854e+03 3.594250000000000114e+02 1.212669999999999959e+01 4.320369999999999709e+04 -5.752359999999999673e+03 -1.561089999999999964e+04 1.004370000000000073e+04 -1.178320000000000073e+04 -3.045829999999999927e+04 -1.578150000000000000e+04 -7.418520000000000003e+00 -5.583430000000000337e-01 1.059200000000000000e+07 9.632200000000000000e+06 1.509950000000000081e+01
            v2_turb_20.0_20852.dat 1.241370000000000040e+01 8.970559999999999645e-01 4.131000000000000000e+03 3.126150000000000091e+02 1.182779999999999987e+01 3.792680000000000291e+04 -1.305539999999999964e+04 -1.883059999999999854e+04 9.416360000000000582e+03 -1.192610000000000036e+04 -3.305280000000000291e+04 -1.562610000000000036e+04 -7.243520000000000181e+00 -5.352080000000000171e-01 1.059200000000000000e+07 9.505720000000000000e+06 1.530560000000000009e+01
            v2_turb_20.0_25497.dat 1.307799999999999940e+01 9.008340000000000236e-01 4.822989999999999782e+03 3.496220000000000141e+02 1.182670000000000066e+01 3.158040000000000146e+04 -1.120710000000000036e+04 -1.668370000000000073e+04 9.850270000000000437e+03 -1.188150000000000000e+04 -2.959650000000000000e+04 -1.637750000000000000e+04 -7.191259999999999764e+00 -5.143459999999999699e-01 1.059200000000000000e+07 9.511360000000000000e+06 1.466409999999999947e+01
            v2_turb_20.0_29025.dat 1.126570000000000071e+01 8.910150000000000015e-01 2.786000000000000000e+03 2.318660000000000139e+02 1.151590000000000025e+01 2.696520000000000073e+04 -1.570410000000000036e+04 -2.308609999999999854e+04 9.639719999999999345e+03 -1.193989999999999964e+04 -3.123459999999999854e+04 -1.616389999999999964e+04 -6.740099999999999980e+00 -4.720699999999999896e-01 1.059200000000000000e+07 9.426960000000000000e+06 1.547450000000000081e+01
            v2_turb_20.0_43745.dat 1.156390000000000029e+01 9.064360000000000195e-01 3.548210000000000036e+03 2.605740000000000123e+02 9.516389999999999461e+00 2.841550000000000000e+04 -1.861009999999999854e+04 -1.923370000000000073e+04 9.820989999999999782e+03 -1.192310000000000036e+04 -2.871779999999999927e+04 -1.644079999999999927e+04 -7.135900000000000354e+00 -5.102259999999999573e-01 1.059200000000000000e+07 9.594240000000000000e+06 1.541280000000000072e+01
            v2_turb_20.0_51504.dat 1.400459999999999994e+01 8.919559999999999711e-01 3.477849999999999909e+03 2.357139999999999986e+02 1.001909999999999989e+01 1.565110000000000036e+04 -2.632709999999999854e+04 -2.554829999999999927e+04 9.443290000000000873e+03 -1.206210000000000036e+04 -3.247809999999999854e+04 -1.811140000000000146e+04 -9.780590000000000117e+00 -7.721240000000000325e-01 1.059200000000000000e+07 9.413770000000000000e+06 1.558130000000000059e+01
            v2_turb_20.0_54726.dat 1.184839999999999982e+01 8.972799999999999665e-01 4.647619999999999891e+03 3.234549999999999841e+02 1.272119999999999962e+01 2.757970000000000073e+04 -9.672709999999999127e+03 -1.837640000000000146e+04 9.114860000000000582e+03 -1.186289999999999964e+04 -2.938509999999999854e+04 -1.565210000000000036e+04 -6.401139999999999830e+00 -4.110289999999999777e-01 1.059200000000000000e+07 9.507690000000000000e+06 1.499619999999999997e+01
            v2_turb_21.0_25181.dat 1.486650000000000027e+01 8.914570000000000549e-01 3.453250000000000000e+03 2.536179999999999950e+02 1.257900000000000063e+01 1.933909999999999854e+04 -1.363010000000000036e+04 -2.164240000000000146e+04 9.487139999999999418e+03 -1.199139999999999964e+04 -3.358659999999999854e+04 -1.739520000000000073e+04 -8.648089999999999833e+00 -6.819269999999999499e-01 1.059200000000000000e+07 9.423850000000000000e+06 1.566489999999999938e+01
             v2_turb_21.0_3963.dat 1.472719999999999985e+01 8.796890000000000542e-01 1.958950000000000045e+03 1.874230000000000018e+02 1.027679999999999971e+01 -1.277939999999999964e+04 -3.453069999999999709e+04 -2.376479999999999927e+04 8.607739999999999782e+03 -1.217479999999999927e+04 -3.848290000000000146e+04 -1.781359999999999854e+04 -1.208869999999999933e+01 -9.690170000000000172e-01 1.059200000000000000e+07 9.305120000000000000e+06 1.475769999999999982e+01
            v2_turb_21.0_42162.dat 1.526539999999999964e+01 9.037709999999999910e-01 3.369920000000000073e+03 2.124989999999999952e+02 1.408670000000000044e+01 2.408100000000000000e+04 -1.705070000000000073e+04 -1.718309999999999854e+04 9.484420000000000073e+03 -1.198829999999999927e+04 -2.957959999999999854e+04 -1.663920000000000073e+04 -7.557979999999999698e+00 -5.762930000000000552e-01 1.059200000000000000e+07 9.562910000000000000e+06 1.607570000000000121e+01
             v2_turb_21.0_5160.dat 1.635229999999999961e+01 8.918479999999999741e-01 4.155600000000000364e+03 2.414199999999999875e+02 1.125009999999999977e+01 -3.567519999999999982e+03 -1.405470000000000073e+04 -2.670590000000000146e+04 8.575920000000000073e+03 -1.216570000000000073e+04 -3.509509999999999854e+04 -1.658500000000000000e+04 -8.229169999999999874e+00 -6.092729999999999535e-01 1.059200000000000000e+07 9.435370000000000000e+06 1.510449999999999982e+01
            v2_turb_21.0_57341.dat 1.418650000000000055e+01 8.877429999999999488e-01 3.744739999999999782e+03 2.463940000000000055e+02 1.184960000000000058e+01 1.646709999999999854e+04 -1.320589999999999964e+04 -2.255200000000000000e+04 8.936639999999999418e+03 -1.201400000000000000e+04 -3.259800000000000000e+04 -1.768020000000000073e+04 -8.808320000000000149e+00 -7.098989999999999467e-01 1.059200000000000000e+07 9.416890000000000000e+06 1.579139999999999944e+01
            v2_turb_21.0_61500.dat 1.401319999999999943e+01 8.965490000000000403e-01 2.390349999999999909e+03 2.235269999999999868e+02 9.513889999999999958e+00 4.812609999999999673e+03 -1.675790000000000146e+04 -2.635190000000000146e+04 9.008559999999999491e+03 -1.200770000000000073e+04 -3.326830000000000291e+04 -1.663609999999999854e+04 -8.210760000000000502e+00 -6.188529999999999864e-01 1.059200000000000000e+07 9.485740000000000000e+06 1.506540000000000035e+01
            v2_turb_22.0_29503.dat 1.347799999999999976e+01 8.970580000000000220e-01 4.124420000000000073e+03 2.742950000000000159e+02 1.224709999999999965e+01 1.673890000000000146e+04 -1.524200000000000000e+04 -1.635110000000000036e+04 9.433819999999999709e+03 -1.209189999999999964e+04 -2.932570000000000073e+04 -1.729029999999999927e+04 -8.999040000000000816e+00 -7.301100000000000367e-01 1.059200000000000000e+07 9.509430000000000000e+06 1.542350000000000065e+01
            v2_turb_22.0_40013.dat 1.505659999999999954e+01 8.864410000000000345e-01 3.844980000000000018e+03 2.579230000000000018e+02 1.252979999999999983e+01 -1.070120000000000005e+02 -1.699579999999999927e+04 -2.104390000000000146e+04 9.478579999999999927e+03 -1.205139999999999964e+04 -3.254240000000000146e+04 -1.725200000000000000e+04 -8.148490000000000677e+00 -6.303699999999999859e-01 1.059200000000000000e+07 9.341930000000000000e+06 1.573160000000000025e+01
            v2_turb_22.0_40231.dat 1.742739999999999867e+01 9.048450000000000104e-01 4.002570000000000164e+03 2.758149999999999977e+02 1.186619999999999919e+01 1.686009999999999854e+04 -2.268540000000000146e+04 -2.323029999999999927e+04 8.958629999999999200e+03 -1.213289999999999964e+04 -3.181859999999999854e+04 -1.669140000000000146e+04 -7.806899999999999729e+00 -5.810870000000000202e-01 1.059200000000000000e+07 9.580620000000000000e+06 1.657140000000000057e+01
            v2_turb_22.0_41304.dat 1.592309999999999981e+01 8.946730000000000516e-01 3.805949999999999818e+03 2.674119999999999777e+02 1.295490000000000030e+01 2.477200000000000000e+04 -1.849120000000000073e+04 -1.793159999999999854e+04 9.259329999999999927e+03 -1.193270000000000073e+04 -2.941929999999999927e+04 -1.600100000000000000e+04 -7.922469999999999679e+00 -5.875200000000000422e-01 1.059200000000000000e+07 9.458640000000000000e+06 1.528810000000000002e+01
            v2_turb_22.0_47014.dat 1.569190000000000040e+01 8.879890000000000283e-01 2.723989999999999782e+03 2.253069999999999879e+02 1.328930000000000078e+01 1.330210000000000036e+04 -2.689529999999999927e+04 -1.973970000000000073e+04 9.439719999999999345e+03 -1.202700000000000000e+04 -3.427090000000000146e+04 -1.659709999999999854e+04 -8.053010000000000446e+00 -6.628349999999999520e-01 1.059200000000000000e+07 9.357240000000000000e+06 1.571840000000000082e+01
            v2_turb_22.0_52742.dat 1.510079999999999956e+01 8.866979999999999862e-01 4.238800000000000182e+03 2.783290000000000077e+02 1.462490000000000023e+01 1.935279999999999927e+04 -2.255790000000000146e+04 -2.511550000000000000e+04 9.178280000000000655e+03 -1.211839999999999964e+04 -3.475509999999999854e+04 -1.819790000000000146e+04 -8.600659999999999528e+00 -6.786929999999999907e-01 1.059200000000000000e+07 9.374710000000000000e+06 1.620889999999999986e+01
            v2_turb_23.0_18883.dat 1.694109999999999872e+01 8.883900000000000130e-01 1.011340000000000032e+03 1.143349999999999937e+02 1.276350000000000051e+01 3.644699999999999818e+03 -3.015459999999999854e+04 -1.973750000000000000e+04 9.042090000000000146e+03 -1.210400000000000000e+04 -3.360280000000000291e+04 -1.854940000000000146e+04 -9.873989999999999156e+00 -8.286529999999999729e-01 1.059200000000000000e+07 9.396580000000000000e+06 1.610650000000000048e+01
            v2_turb_23.0_31026.dat 1.539760000000000062e+01 8.899749999999999606e-01 3.338599999999999909e+03 2.573179999999999836e+02 1.208590000000000053e+01 -2.173289999999999964e+03 -2.437790000000000146e+04 -2.080279999999999927e+04 9.334610000000000582e+03 -1.209850000000000000e+04 -3.053000000000000000e+04 -1.616720000000000073e+04 -8.889829999999999899e+00 -7.295449999999999990e-01 1.059200000000000000e+07 9.404280000000000000e+06 1.604309999999999903e+01
            v2_turb_23.0_36127.dat 1.457549999999999990e+01 8.648139999999999716e-01 2.512300000000000182e+03 1.401490000000000009e+02 1.258370000000000033e+01 -1.178500000000000000e+04 -2.243479999999999927e+04 -2.429650000000000000e+04 9.009450000000000728e+03 -1.224310000000000036e+04 -3.712350000000000000e+04 -1.870720000000000073e+04 -9.628819999999999268e+00 -7.935219999999999496e-01 1.059200000000000000e+07 9.136050000000000000e+06 1.581559999999999988e+01
            v2_turb_23.0_49683.dat 1.731129999999999924e+01 8.771579999999999933e-01 4.628159999999999741e+02 1.479509999999999934e+02 1.446540000000000070e+01 1.314229999999999927e+04 -2.822909999999999854e+04 -2.729620000000000073e+04 8.375120000000000800e+03 -1.212200000000000000e+04 -3.541440000000000146e+04 -1.707059999999999854e+04 -9.988989999999999370e+00 -8.156250000000000444e-01 1.059200000000000000e+07 9.261540000000000000e+06 1.460389999999999944e+01
            v2_turb_23.0_49834.dat 1.642810000000000059e+01 8.879939999999999500e-01 3.474829999999999927e+03 2.565930000000000177e+02 1.510130000000000017e+01 6.867109999999999673e+03 -2.521940000000000146e+04 -1.959429999999999927e+04 9.355309999999999491e+03 -1.214900000000000000e+04 -3.440359999999999854e+04 -1.730809999999999854e+04 -9.680160000000000764e+00 -7.985139999999999461e-01 1.059200000000000000e+07 9.388070000000000000e+06 1.596979999999999933e+01
            v2_turb_23.0_57680.dat 1.585399999999999920e+01 8.900169999999999471e-01 2.903190000000000055e+03 1.998629999999999995e+02 1.312829999999999941e+01 2.311909999999999854e+04 -1.934120000000000073e+04 -2.002250000000000000e+04 9.475329999999999927e+03 -1.210400000000000000e+04 -2.900229999999999927e+04 -1.601270000000000073e+04 -7.774600000000000399e+00 -6.090959999999999708e-01 1.059200000000000000e+07 9.414020000000000000e+06 1.629139999999999944e+01
            v2_turb_24.0_11244.dat 1.825540000000000163e+01 8.783320000000000016e-01 3.033899999999999864e+02 1.015570000000000022e+02 1.552660000000000018e+01 1.490050000000000000e+04 -2.603570000000000073e+04 -1.935720000000000073e+04 8.861250000000000000e+03 -1.218410000000000036e+04 -3.089370000000000073e+04 -1.813290000000000146e+04 -9.103740000000000165e+00 -7.267390000000000239e-01 1.059200000000000000e+07 9.289780000000000000e+06 1.620299999999999940e+01
            v2_turb_24.0_11250.dat 1.577399999999999913e+01 8.712100000000000399e-01 1.772309999999999945e+03 1.675049999999999955e+02 1.475459999999999994e+01 4.207109999999999673e+03 -3.393750000000000000e+04 -2.769450000000000000e+04 9.155459999999999127e+03 -1.228050000000000000e+04 -3.193029999999999927e+04 -2.008750000000000000e+04 -1.004749999999999943e+01 -8.409630000000000161e-01 1.059200000000000000e+07 9.188450000000000000e+06 1.515509999999999913e+01
              v2_turb_24.0_377.dat 1.743649999999999878e+01 8.804490000000000371e-01 9.430919999999999845e+02 1.413590000000000089e+02 1.508140000000000036e+01 1.084879999999999927e+04 -2.969220000000000073e+04 -3.322359999999999854e+04 9.292579999999999927e+03 -1.239629999999999927e+04 -3.003109999999999854e+04 -1.803850000000000000e+04 -1.057770000000000010e+01 -8.834159999999999791e-01 1.059200000000000000e+07 9.316140000000000000e+06 1.598520000000000074e+01
            v2_turb_24.0_44891.dat 1.825339999999999918e+01 8.601459999999999662e-01 -4.466349999999999909e+02 1.206069999999999993e+02 1.334590000000000032e+01 -1.148950000000000000e+04 -2.454500000000000000e+04 -3.303109999999999854e+04 7.756010000000000218e+03 -1.215379999999999927e+04 -3.246150000000000000e+04 -1.725340000000000146e+04 -1.228880000000000017e+01 -9.833640000000000159e-01 1.059200000000000000e+07 9.056550000000000000e+06 1.432179999999999964e+01
            v2_turb_24.0_50518.dat 1.686260000000000048e+01 8.876469999999999638e-01 2.782440000000000055e+03 1.971179999999999950e+02 1.349339999999999939e+01 1.376900000000000000e+04 -2.630209999999999854e+04 -2.148640000000000146e+04 9.085360000000000582e+03 -1.224029999999999927e+04 -3.172929999999999927e+04 -1.831450000000000000e+04 -9.566629999999999967e+00 -7.853310000000000013e-01 1.059200000000000000e+07 9.392780000000000000e+06 1.650590000000000046e+01
            v2_turb_24.0_60394.dat 1.697200000000000131e+01 8.867450000000000054e-01 1.151490000000000009e+03 1.593340000000000032e+02 1.322409999999999997e+01 3.233869999999999891e+03 -1.856659999999999854e+04 -2.463900000000000000e+04 8.241510000000000218e+03 -1.212400000000000000e+04 -3.577640000000000146e+04 -1.840779999999999927e+04 -1.121700000000000053e+01 -9.281160000000000521e-01 1.059200000000000000e+07 9.356660000000000000e+06 1.506499999999999950e+01
