Statistics: std. Generated: 30/11/2021 10:42:25. No. files: 120.
                              File                       4                      10                      11                      13                      15                      17                      18                      20                      21                      25                      26                      27                      61                      64                      70                     100                     108
            v2_turb_05.0_21716.dat 0.000000000000000000e+00 3.067389536775801551e-03 9.466271060582801056e+02 7.757516855085705743e+01 1.228099886935607898e+00 2.342783742854160300e+04 8.508538995568596874e+03 2.780489839098288940e+03 9.506303406579963848e+02 8.959278060376287840e+02 2.163594917042491033e+03 8.442478629576575258e+03 2.161871757261356386e+00 2.405176293697775525e-01 8.343315190280481474e+05 4.905398452403508127e+05 2.043857643678887115e+01
            v2_turb_05.0_40322.dat 0.000000000000000000e+00 1.224030259782961936e-03 6.972474875782074832e+02 5.702032028294013344e+01 1.302127281893774358e+00 1.623935646258487941e+04 5.369880810507748720e+03 2.310227509464579271e+03 6.918868512966133721e+02 6.527145327945304416e+02 1.635182842451616125e+03 8.398721718745149701e+03 1.734328325264671511e+00 1.932687814811393234e-01 6.082401490407160018e+05 3.575660794933778234e+05 2.046942388413329894e+01
            v2_turb_05.0_43619.dat 0.000000000000000000e+00 1.921146770907730542e-03 9.902556161926663663e+02 7.269366822959271701e+01 1.388249396225246679e+00 2.671987700110674632e+04 8.261465956120968258e+03 3.218551353230556288e+03 9.595727054994843002e+02 9.024309261899305739e+02 2.540055348352888359e+03 8.490764618550736486e+03 2.665933268522415300e+00 2.920064257749397929e-01 8.408472494757540990e+05 4.945217238416030305e+05 2.042031034781055610e+01
            v2_turb_05.0_47165.dat 0.000000000000000000e+00 1.575104456041365609e-03 5.674444601043430794e+02 4.618833870165077116e+01 1.280247048768717422e+00 2.667538452589810549e+04 7.514375368686875845e+03 2.937941965340499337e+03 5.327092578003463359e+02 4.604992533277939515e+02 1.998851889293760451e+03 8.370902135086131238e+03 2.089999006117857494e+00 2.327940530717335643e-01 4.305450705989665003e+05 2.533566255638283037e+05 2.048864727111376638e+01
            v2_turb_05.0_47952.dat 0.000000000000000000e+00 1.657372335247489113e-03 9.906370564266346719e+02 7.174054880237025600e+01 1.368422419064423412e+00 2.353803419541941548e+04 6.887005293145434734e+03 2.878854689254176265e+03 8.525584572078690826e+02 9.284523707489454409e+02 2.187973773830000937e+03 8.354980096931907610e+03 2.205964318029109972e+00 2.425766277677581240e-01 8.643215178229464218e+05 5.080972163637740887e+05 2.040537986174246399e+01
            v2_turb_05.0_50292.dat 0.000000000000000000e+00 1.380191153698448079e-03 6.798856222152385271e+02 6.134785765546022418e+01 1.354331719597722694e+00 2.044097955079452731e+04 5.904485400742312777e+03 2.363437033522661750e+03 6.855652154414610777e+02 6.078747872642477432e+02 2.043544923060921747e+03 8.437223837581390399e+03 2.032549047096342765e+00 2.300766061515625571e-01 5.666064211766492808e+05 3.331225731049856986e+05 2.048092521885298822e+01
            v2_turb_06.0_14324.dat 0.000000000000000000e+00 2.210152846665925253e-03 8.175931384863142739e+02 5.430010467733283974e+01 1.329087172109114867e+00 2.199581340356561122e+04 8.649269941854714489e+03 3.000138848627498191e+03 6.697488432057572254e+02 6.772307594084765014e+02 1.925565822917475089e+03 8.339351685543015265e+03 2.047965286486005176e+00 2.168535022836698134e-01 6.332715490239978535e+05 3.734691951037236140e+05 2.044046791558318787e+01
            v2_turb_06.0_26862.dat 0.000000000000000000e+00 1.842783034330585865e-03 1.260236126281409952e+03 8.552508331919544560e+01 1.431255094070612577e+00 2.004070133617000101e+04 8.178004653397857510e+03 2.535786637504819282e+03 1.243292393104559324e+03 1.222589617523377456e+03 2.103137779854469954e+03 8.363461816765815456e+03 2.216683388976239844e+00 2.382914700631776073e-01 1.137896204573526047e+06 6.691172890085416147e+05 2.046541331346835690e+01
            v2_turb_06.0_47824.dat 0.000000000000000000e+00 1.691743988013007021e-03 9.365285001473754392e+02 7.498289636297995742e+01 1.403061937586992380e+00 2.280824623101567340e+04 9.293939040632973047e+03 2.477989107012796467e+03 8.390802149575490603e+02 8.721396404055725498e+02 2.088901132987593883e+03 8.434849943397584866e+03 2.259447347810535245e+00 2.528884229493841285e-01 8.122616542770738015e+05 4.777613139887151192e+05 2.048507153324303331e+01
            v2_turb_06.0_51321.dat 0.000000000000000000e+00 6.195460395883824710e-03 1.017790548579723691e+03 7.193034847430290313e+01 1.473011408021841273e+00 2.206927703060270505e+04 9.461213182297775347e+03 3.079194013784103845e+03 8.861898405097191471e+02 9.198438074415502115e+02 2.383106498045998251e+03 8.278546269740712887e+03 2.414653980105369246e+00 2.585277592542791214e-01 8.568698956631335896e+05 5.219557150980744627e+05 2.053048924565514000e+01
            v2_turb_06.0_52263.dat 0.000000000000000000e+00 1.876302984336556973e-03 9.868557248959548360e+02 6.042757504872749763e+01 1.412937893775463305e+00 1.967107646638562801e+04 6.828624795011679453e+03 1.996141808275685889e+03 8.769889476515735396e+02 9.074046616957574543e+02 1.930207896726141371e+03 8.441457739827807018e+03 2.065462926184129522e+00 2.204596631720617816e-01 8.453544381456167903e+05 4.973802152291713865e+05 2.051941581105501200e+01
            v2_turb_06.0_55769.dat 0.000000000000000000e+00 2.390263658845937552e-03 1.106486231393732169e+03 7.280331406545971618e+01 1.458541713399945428e+00 2.776551613287211512e+04 9.480472651777306965e+03 2.871180464016202222e+03 1.104894888216825848e+03 9.971897803872985833e+02 2.466596733882020544e+03 8.478591910455856123e+03 2.582637848969668415e+00 2.734690482291746161e-01 9.295482587247748161e+05 5.478624120160528691e+05 2.054299086256812501e+01
             v2_turb_07.0_2336.dat 0.000000000000000000e+00 7.058795993931055168e-02 2.087057866690475748e+03 2.023885053869574620e+02 1.599962028781017231e+00 3.650021421968010691e+04 1.344095719550743706e+04 4.109584194479355574e+03 1.806156863576173237e+03 1.782727599970776055e+03 4.645906358020039988e+03 8.382715165977033394e+03 2.566124228709603994e+00 2.604855682092986902e-01 1.658479866300339345e+06 1.484766480272379704e+06 2.075285561079121877e+01
            v2_turb_07.0_40743.dat 0.000000000000000000e+00 4.210239640621979418e-02 1.207673782916681148e+03 1.217173777751413581e+02 1.486364375272486660e+00 2.093577920848133726e+04 7.076826186593020793e+03 3.015217757910705132e+03 1.078124363592663940e+03 1.026311024557286373e+03 2.957638067389390471e+03 8.414538726421540559e+03 1.926688458630286815e+00 1.962597707859833340e-01 9.550657647749858443e+05 8.096606918008039938e+05 2.068973461581278883e+01
            v2_turb_07.0_45626.dat 0.000000000000000000e+00 3.440013902260638523e-02 1.208861456195055325e+03 1.105902724995446391e+02 1.453022345690963446e+00 2.158143351761796657e+04 6.760622636249119751e+03 2.540179605015070138e+03 1.020427157767874746e+03 1.031922587690833097e+03 2.533944975432393221e+03 8.333953045489852229e+03 1.681167285474336692e+00 1.677733584956609958e-01 9.597687199482904980e+05 7.441762181932157837e+05 2.077397425859940583e+01
            v2_turb_07.0_52870.dat 0.000000000000000000e+00 3.519971505666640021e-02 1.249140963575811838e+03 1.050545385067065070e+02 1.501236073139972760e+00 2.250111644251975667e+04 9.884146683874470909e+03 3.806570709987084228e+03 1.044532017868272078e+03 9.604403185517534212e+02 3.051177502764222481e+03 8.297282104891337440e+03 2.394441751430512078e+00 2.420243647133113740e-01 8.934380927668404765e+05 7.132076034065055428e+05 2.056541577875898952e+01
            v2_turb_07.0_52899.dat 0.000000000000000000e+00 3.476682807470277831e-02 1.517084268489013084e+03 1.284535739997930932e+02 1.491969613349893642e+00 2.243973341466177590e+04 1.046950888212763857e+04 2.625826183974349078e+03 1.282307663733902700e+03 1.338109988838773006e+03 3.009829733324162589e+03 8.445824053027750779e+03 2.100155092161210657e+00 2.158089391922528022e-01 1.244811884162869770e+06 9.091383837837785250e+05 2.062553490617155560e+01
             v2_turb_07.0_8564.dat 0.000000000000000000e+00 4.147798457848800302e-02 1.640015598962010699e+03 1.454152525675125105e+02 1.563142611371716395e+00 2.548665849972456272e+04 1.212553613656063317e+04 2.655234300224049093e+03 1.532001630749050037e+03 1.536591782263353252e+03 3.193543156073173122e+03 8.348972037679210189e+03 2.045450631267305308e+00 2.111616496626626815e-01 1.429643958454864565e+06 1.052118421094887424e+06 2.059067386442675840e+01
            v2_turb_08.0_15536.dat 0.000000000000000000e+00 6.337121722798445822e-02 1.774611186101352587e+03 1.862027245536478972e+02 1.676032862313576288e+00 2.899705333670651453e+04 9.567482378670378239e+03 4.154641584945572504e+03 1.499371092848104126e+03 1.487699949327172817e+03 4.161485630071721971e+03 8.324555428646801374e+03 2.026215711623180482e+00 2.035056623526980968e-01 1.383434546425871784e+06 1.311238485314280959e+06 2.087205133278563807e+01
            v2_turb_08.0_22441.dat 0.000000000000000000e+00 6.340199889701968183e-02 1.500226418913987118e+03 1.722986316570785732e+02 1.586935934279008142e+00 2.609468817154949647e+04 8.587879205484407066e+03 3.465032560596302119e+03 1.314050936075130494e+03 1.228477626591039780e+03 3.761466321786528624e+03 8.484822108835089239e+03 1.744098477798039504e+00 1.745440614030376314e-01 1.142675246111591579e+06 1.161075106782955816e+06 2.085668059257225693e+01
            v2_turb_08.0_32293.dat 0.000000000000000000e+00 5.037171482809221779e-02 1.533916289898186278e+03 1.489711593466005581e+02 1.583596965570564397e+00 2.450224071827226362e+04 7.734407456333888149e+03 3.083428094830879672e+03 1.227146155159138743e+03 1.233731922243012150e+03 3.417777438688226084e+03 8.499794282773147643e+03 1.958616232650862932e+00 1.960417343965408232e-01 1.147289102863460546e+06 1.015813598185427254e+06 2.085826433167969896e+01
            v2_turb_08.0_41120.dat 0.000000000000000000e+00 7.664141648967115472e-02 1.829232771881594317e+03 2.124278800667025848e+02 1.703964934767130179e+00 3.043396297384555510e+04 7.660143836018499314e+03 3.268757662928575428e+03 1.663166769817903969e+03 1.580357455519201949e+03 4.671544874664185954e+03 8.732046327955562447e+03 2.013061448371101125e+00 2.015022562266180761e-01 1.469885282032496296e+06 1.554696188854641048e+06 2.072871866332194202e+01
            v2_turb_08.0_46290.dat 0.000000000000000000e+00 5.074491865583290878e-02 1.422295919179861357e+03 1.444615566718488253e+02 1.648317792568138485e+00 2.430063256092551455e+04 1.293232724418186081e+04 3.359841237001056925e+03 1.190484404258210589e+03 1.079978264092113022e+03 3.601429025978653954e+03 8.521752773467631414e+03 2.146138310712068176e+00 2.146057191351947724e-01 1.004451667204767116e+06 9.451051490376743022e+05 2.080605716297114327e+01
            v2_turb_08.0_60415.dat 0.000000000000000000e+00 5.528937844063214202e-02 1.284514732097988372e+03 1.488145004017561348e+02 1.627586472233680359e+00 2.190315713517405675e+04 5.820902802234121737e+03 2.664630739835823078e+03 1.174333305172309565e+03 1.094532956154008389e+03 3.327170194854636065e+03 8.481608705468797780e+03 1.728116365610381289e+00 1.749673067777594571e-01 1.018131481898375903e+06 9.756870131504784804e+05 2.074936282136669519e+01
            v2_turb_09.0_26343.dat 1.603441553787343932e-01 8.733799525572429057e-02 1.846735461363257627e+03 2.358385223969842741e+02 1.702277487711594928e+00 3.063958406587280479e+04 7.746616582626917079e+03 3.750889246923098199e+03 1.720518210241533552e+03 1.529392664037398845e+03 5.084928625260040462e+03 8.598524858657532604e+03 1.823670405430394048e+00 1.834573081350474033e-01 1.422575259130689083e+06 1.796126183735025814e+06 2.107292162109676070e+01
            v2_turb_09.0_34715.dat 0.000000000000000000e+00 5.938563208430096274e-02 1.580614008043188960e+03 1.726810787467264277e+02 1.802625574372206829e+00 2.359050790701078586e+04 7.197226831405497251e+03 3.381864964412915015e+03 1.268775707589091553e+03 1.204653680408031505e+03 4.059848205147022782e+03 8.623367609122455178e+03 1.876292604711617296e+00 1.894186034308036892e-01 1.120168312252542004e+06 1.231808408833866939e+06 2.092701480181820983e+01
             v2_turb_09.0_5751.dat 1.216101003886457810e-03 8.359752031309712617e-02 1.817227810036056781e+03 2.259254848310876014e+02 1.694950208220612931e+00 2.959756281258529634e+04 8.235064634836277037e+03 4.045584120538723255e+03 1.630214369780470406e+03 1.550277517186982777e+03 5.115617034445272111e+03 8.432298738091491032e+03 1.905027996313714223e+00 1.927754949623858016e-01 1.441564132911586436e+06 1.676641896991786314e+06 2.096974214525884506e+01
            v2_turb_09.0_59920.dat 9.118092353974692477e-02 7.721088564652707487e-02 1.718737786856306229e+03 2.140511652836038365e+02 1.741721830429303841e+00 2.756255113946546044e+04 6.558102144348032198e+03 3.675000570807418171e+03 1.497022675988340325e+03 1.435222496369518922e+03 4.614507786631440467e+03 8.439737116285032243e+03 1.734702298757468064e+00 1.762129506820767355e-01 1.334636176897738362e+06 1.589057642030091258e+06 2.092210514933564269e+01
             v2_turb_09.0_8821.dat 0.000000000000000000e+00 6.768511174929081609e-02 1.747452492049314060e+03 1.974677970687596655e+02 1.812827307249718745e+00 2.725954510576239045e+04 6.228631205041393514e+03 3.723672102307944442e+03 1.501526972423422649e+03 1.385958479273921284e+03 4.480798003281272941e+03 8.611391621742010102e+03 1.942511573850860929e+00 1.960189707163463024e-01 1.288929866561128991e+06 1.394204197609705152e+06 2.099001872030743243e+01
             v2_turb_09.0_9468.dat 0.000000000000000000e+00 7.488570802241928392e-02 1.835953923482075652e+03 2.151380625867893457e+02 1.802200262219076032e+00 2.853493901625709987e+04 7.258498420882447135e+03 4.066397316463738207e+03 1.585143979466816063e+03 1.481711944008761975e+03 4.875097323708174372e+03 8.573714944528059277e+03 2.033507729899503680e+00 2.073069229739824826e-01 1.378008193469564896e+06 1.529667182212904794e+06 2.090341047137782837e+01
            v2_turb_10.0_13708.dat 1.246428437354561547e+00 7.109059655637840758e-02 1.773010969633478680e+03 1.758957657082568176e+02 1.900707845277690655e+00 2.312626482935131571e+04 3.717553031801928682e+03 4.814519119794377730e+03 1.364003383443204257e+03 1.175465252215274404e+03 4.622797460012784541e+03 8.824014784465121920e+03 1.890270909083612283e+00 1.965596231341464051e-01 1.092624264650324592e+06 1.537852221746901050e+06 2.127106423834691995e+01
             v2_turb_10.0_2246.dat 1.013760217922539120e+00 9.757989514075499082e-02 2.114703969199970743e+03 2.430256766647169400e+02 1.886908405125800492e+00 3.187168692665912022e+04 6.011184299666430888e+03 4.900908394294829122e+03 1.810746056595571417e+03 1.762628406516591440e+03 5.398629797211742698e+03 8.663462223996830289e+03 1.977931941006525696e+00 2.053597361572824798e-01 1.638718145200719591e+06 2.127548026466798503e+06 2.103607284824011003e+01
            v2_turb_10.0_25797.dat 4.824175855188049811e-01 9.071035064317993502e-02 2.092818359280132881e+03 2.417354565971578495e+02 1.815251861981360681e+00 3.073426359745545778e+04 8.624862859245977234e+03 5.140973908882061551e+03 1.595646955270529361e+03 1.500095679809389821e+03 5.660012559561256239e+03 8.573512133258473114e+03 1.979534461163261261e+00 2.030629810368907717e-01 1.394083588563055266e+06 1.833681041283713887e+06 2.121743812215955316e+01
            v2_turb_10.0_25824.dat 1.308537429352151005e+00 8.137461552267752363e-02 1.870364431935008724e+03 1.889631112570693290e+02 1.872466496849430895e+00 2.477498087277290324e+04 4.901106848803600769e+03 3.955990360064034576e+03 1.542532992588602156e+03 1.494368898386904675e+03 4.642271913572085396e+03 8.538872104749056234e+03 2.079417242364780094e+00 2.183823068641486120e-01 1.389274034200588008e+06 1.834048825443210779e+06 2.110610823965118854e+01
            v2_turb_10.0_53407.dat 7.889174760098205397e-01 8.128921045287873515e-02 1.876907087282412704e+03 2.087871482832060224e+02 1.863854091930361001e+00 2.684918290914200406e+04 4.249283451942882493e+03 4.664195289488388880e+03 1.336589587020205727e+03 1.341566728283577277e+03 5.056067101643902788e+03 8.459325279231763488e+03 1.889331606122264473e+00 1.957846497932954899e-01 1.246608018717727857e+06 1.677614729590734467e+06 2.131557454084937930e+01
             v2_turb_10.0_7055.dat 7.386229373696566736e-01 9.298522731949382392e-02 2.219994200611113229e+03 2.477115354282088049e+02 1.846919609022329878e+00 3.184639755841051374e+04 6.639898073312717315e+03 5.112432663926223540e+03 1.621820250223447601e+03 1.633265631215372878e+03 5.683809570399936092e+03 8.658559377753872468e+03 2.189660515836229671e+00 2.212616302364164844e-01 1.517846518162569730e+06 1.971394455700012622e+06 2.116784571837176188e+01
             v2_turb_11.0_1633.dat 1.959852882156095211e+00 6.895084414852274690e-02 1.830374955274447302e+03 1.807956274221777164e+02 1.826748283224318259e+00 2.324558342539031219e+04 4.423327458653515350e+03 5.439794005683486830e+03 1.271756070574248042e+03 1.173173251539382818e+03 5.124769661270921461e+03 8.687312345631571588e+03 2.236157313763031507e+00 2.404052590211117613e-01 1.089999410638687667e+06 1.553592287412763806e+06 2.113901331163960862e+01
            v2_turb_11.0_25765.dat 2.373188751942678199e+00 6.702635666629809530e-02 1.617045170985147934e+03 1.784673470932745829e+02 2.017712926245367910e+00 2.262695024703698800e+04 3.968320580245487690e+03 4.451725222115194811e+03 1.224141443311606508e+03 1.163676867070847265e+03 4.809868863168785538e+03 8.773126230078712979e+03 2.204877641275586164e+00 2.405170710256404887e-01 1.081452848760716850e+06 1.530793202530951938e+06 2.119882305764923558e+01
            v2_turb_11.0_37345.dat 2.685502255528230631e+00 4.692647325913747169e-02 1.374814035206415610e+03 1.806035249078196898e+02 1.914003791754404826e+00 2.346620867126408848e+04 5.734958079902689860e+03 5.577591251755062331e+03 1.017058094507523833e+03 8.398882672188965444e+02 5.214298339741890231e+03 8.683499155312887524e+03 2.369216161482588401e+00 2.631619792281425507e-01 7.793531973617654294e+05 1.098287212744626682e+06 2.114232889705898444e+01
            v2_turb_11.0_41193.dat 2.062124793730085948e+00 7.622190652469473804e-02 1.655783152893913439e+03 1.748001807874186113e+02 1.805517125252472876e+00 2.194898275353456847e+04 6.324963532977046270e+03 4.093134164194248115e+03 1.349309846650239933e+03 1.314146092406357184e+03 4.276777516212740920e+03 8.577227778509481141e+03 2.058563808377650073e+00 2.213209286174950274e-01 1.221792887718089856e+06 1.725516501863879384e+06 2.114968946683383066e+01
            v2_turb_11.0_43724.dat 2.740426379345042296e+00 4.745222100375977303e-02 1.290032392144454434e+03 1.448247672461195634e+02 1.932215490062855201e+00 1.866933706615502160e+04 3.692001424157508609e+03 4.328441036717198585e+03 9.356137727587389463e+02 7.768457850292589910e+02 4.125925678592086115e+03 8.526782756190945292e+03 2.253466775652241960e+00 2.466850264824434757e-01 7.213817129385030130e+05 1.080602426662461134e+06 2.117384695228284741e+01
            v2_turb_11.0_59287.dat 1.959401047198473744e+00 6.405769898354699010e-02 1.752994531083885477e+03 1.739036981677382414e+02 1.974229035343402883e+00 2.284437590747391368e+04 5.336146661413939910e+03 5.485271907994964749e+03 1.201270400088784754e+03 1.073070236297669453e+03 4.922167134717893532e+03 8.595972348440520364e+03 2.247581026557969430e+00 2.387904481967910719e-01 9.967537301578210900e+05 1.424269593390858732e+06 2.120741206891403863e+01
            v2_turb_12.0_23697.dat 2.617626909099952215e+00 2.031141095888315540e-02 1.106785264698048422e+03 1.632960975571485278e+02 2.034883498755433173e+00 2.050208988015046998e+04 7.140352841384776184e+03 4.573042942132838107e+03 6.788083164305924129e+02 4.472404810949525427e+02 4.770009500321474661e+03 8.545040868233978472e+03 2.119678493357989968e+00 2.402275345263603645e-01 4.141005296100919368e+05 5.452787305092607858e+05 2.104114013532894134e+01
            v2_turb_12.0_28003.dat 3.259009232365522202e+00 1.463038481503177099e-02 1.213282662733539837e+03 2.244571865877855146e+02 2.062827378174806103e+00 2.657056265214717132e+04 8.041088232554814567e+03 5.838624149291023059e+03 7.528150441289087667e+02 5.038984352355041096e+02 5.614244318888045200e+03 8.686300414972121871e+03 2.336790272938584323e+00 2.640836983478511701e-01 4.652790444028177299e+05 5.389497492998465896e+05 2.118735111118361658e+01
            v2_turb_12.0_29989.dat 2.978215491573581009e+00 1.965758852226342362e-02 1.179269188125804021e+03 1.840140107711659141e+02 2.095581721893092553e+00 2.250022999878949486e+04 5.732513411847816315e+03 5.064882229460692542e+03 6.284958845327957988e+02 4.264364880383573677e+02 5.107803890870714895e+03 8.664496162995486884e+03 2.147354799898324007e+00 2.436062056212750238e-01 3.932973760520528303e+05 5.247517020673629595e+05 2.096347185361483412e+01
            v2_turb_12.0_40278.dat 3.538561822682327662e+00 1.937873168858089343e-02 1.195758348044196964e+03 2.260092678136835787e+02 2.098022721599692275e+00 2.874397633086514543e+04 6.646850794906629744e+03 5.169506244069055356e+03 7.264909626810579084e+02 4.742640357428078346e+02 5.574635924461048489e+03 8.638908024837368430e+03 2.441860637674243328e+00 2.761153518986535493e-01 4.386471517303901492e+05 5.387897176123542013e+05 2.111026183703879866e+01
            v2_turb_12.0_56645.dat 2.853822734504442238e+00 9.707197170791267288e-03 1.092438566834463245e+03 1.804670346920077293e+02 1.994950803559041530e+00 2.265800559052256358e+04 4.117302338830683766e+03 4.736185532637307915e+03 5.473613177805642636e+02 3.573355953758455144e+02 5.238065804643613774e+03 8.621909560634401714e+03 2.115857046466294022e+00 2.411322216555019660e-01 3.291644199022451648e+05 3.700261566968922853e+05 2.094745359759094328e+01
             v2_turb_12.0_6007.dat 3.358136975483266617e+00 4.652018601351083638e-02 1.587790946502272163e+03 2.081126980524924477e+02 2.119156285258869676e+00 2.644608073759002946e+04 5.541893274290357112e+03 5.052366112939806044e+03 8.772644075430225712e+02 8.262943602946053261e+02 5.412255758311117461e+03 8.559280838586973914e+03 2.553967579147123690e+00 2.870856946075557303e-01 7.666685873506963253e+05 1.085737416272439994e+06 2.100616069237072381e+01
            v2_turb_13.0_24246.dat 3.519148837384609152e+00 1.912081169872218572e-02 1.317231907147125185e+03 2.126003691443048353e+02 2.169867746358697058e+00 2.558451501104166528e+04 6.714382078963110871e+03 5.032925422952504960e+03 7.281338978608295065e+02 3.726017675789628356e+02 5.790792762754156684e+03 8.575442696477102800e+03 2.540247028141275010e+00 2.924295510166302070e-01 3.423590691941740224e+05 4.788166944362752256e+05 2.087953270225817803e+01
             v2_turb_13.0_3219.dat 1.842110440190122045e+00 7.126785487476358823e-03 1.138469052309618291e+03 1.206370353957365751e+02 2.090635723832062531e+00 1.588209674622485909e+04 7.140012506817629401e+03 4.484798284945453815e+03 4.669393910105853251e+02 5.796230657632575145e+01 4.371189700647167228e+03 8.450071170574678035e+03 1.649919895841298834e+00 1.926495930916651000e-01 0.000000000000000000e+00 7.620312900866000564e+04 2.080941378647862905e+01
            v2_turb_13.0_59662.dat 2.329370347835645561e+00 8.722642862745799350e-03 1.314187154818476529e+03 1.632861394266824391e+02 2.047591465702728097e+00 2.057180208661396682e+04 8.433098938330836972e+03 6.025994182455331611e+03 5.472892148116122826e+02 7.358277717628583048e+01 5.157419966242682676e+03 8.377813102080353929e+03 1.940130337065550270e+00 2.255988672326043332e-01 0.000000000000000000e+00 9.361012634143224568e+04 2.077781542929356462e+01
            v2_turb_13.0_63909.dat 2.986127695984813535e+00 9.741879162372695314e-03 1.239658234292130373e+03 1.987439388567547098e+02 2.189420632464207372e+00 2.462453082799201366e+04 5.790312770727906354e+03 5.620950023736935691e+03 6.295880596441846819e+02 1.726313242791931941e+02 5.920042710171866020e+03 8.482993262083447917e+03 2.412419700670448641e+00 2.783377802213324315e-01 1.484242323087733821e+05 1.821271765143544762e+05 2.087683617396216107e+01
            v2_turb_13.0_64836.dat 2.845551092812825367e+00 8.010235845789869663e-03 1.085003460697574837e+03 1.884050106579475141e+02 2.184857796803907792e+00 2.301484248390613720e+04 6.530271337418945222e+03 4.624561780566870766e+03 4.964010162299503008e+02 1.617427170011904991e+02 5.267582167637093335e+03 8.573071781101894885e+03 2.131981432758284889e+00 2.468339222327937676e-01 1.428242527127679496e+05 1.654926138212493097e+05 2.086587373904027842e+01
             v2_turb_13.0_6610.dat 1.419126853196163385e+00 7.361269931212102366e-03 1.222654656623145229e+03 1.086184350950882305e+02 2.183480345776882103e+00 1.669007458024456355e+04 9.500749242643098114e+03 5.693542242306123626e+03 6.852584961927979066e+02 6.405553214706385745e+01 4.989206949808908576e+03 8.456392130998099674e+03 1.790682059472024967e+00 2.063487851769568726e-01 0.000000000000000000e+00 7.917962945698788099e+04 2.082317055161784936e+01
            v2_turb_14.0_17103.dat 3.747316561824614034e+00 1.891313835038248986e-02 1.477228964119372449e+03 2.186626634667499331e+02 2.331805807665362718e+00 2.641281782410052620e+04 8.889809278141732648e+03 5.963086467081090632e+03 6.922408733180332092e+02 3.619920426641150470e+02 6.362515781300719027e+03 8.549756704719051413e+03 2.660349442284144494e+00 3.097359699024976321e-01 3.266749722040895140e+05 4.559755659296655795e+05 2.067312120117317065e+01
            v2_turb_14.0_33723.dat 2.727396008425475582e+00 6.660972705250622905e-03 1.021342273177218090e+03 1.608298379132884008e+02 2.284923032090302897e+00 2.015705383424225511e+04 5.786303969598997355e+03 4.188147903781061359e+03 4.819593361679799841e+02 5.486478549796875370e+01 5.090573046151075687e+03 8.473400886351091685e+03 2.008994322074817873e+00 2.364816454776980936e-01 0.000000000000000000e+00 7.131535364318033680e+04 2.078160446545388496e+01
            v2_turb_14.0_34311.dat 1.952220022848500269e+00 8.645388604780198522e-03 1.087263500641319752e+03 1.236560417512566943e+02 2.296558623243910358e+00 1.648580362100916682e+04 7.606094364087102804e+03 4.817283983681145401e+03 6.483832226976893480e+02 6.035683975425477144e+01 5.187620963334629778e+03 8.431415782629021123e+03 1.876312815875448514e+00 2.213179059001018911e-01 0.000000000000000000e+00 9.235747940701764310e+04 2.069318001779264193e+01
            v2_turb_14.0_46217.dat 2.399623707167274134e+00 7.019252135308723557e-03 9.551508667253302747e+02 1.335051036749222249e+02 2.230702699682364898e+00 1.652440326821494455e+04 4.771674915378072001e+03 4.135844424948137203e+03 4.225288434720796999e+02 5.564586319057169561e+01 4.808671560434730054e+03 8.485670652460386918e+03 1.767103102532743941e+00 2.101256069888181588e-01 0.000000000000000000e+00 7.487186803277526633e+04 2.072157454822889733e+01
             v2_turb_14.0_7720.dat 1.890126930729802979e+00 9.111106111545584293e-03 1.189652504143538181e+03 1.134344414629124174e+02 2.251372198479061559e+00 1.657946770512134026e+04 6.729657336530756766e+03 5.691276573562772683e+03 5.339720451619764390e+02 6.847751379651228376e+01 4.959460443642183236e+03 8.417295532027927038e+03 1.807927961703028608e+00 2.128990595524168639e-01 0.000000000000000000e+00 9.718387786680115096e+04 2.062498619236734143e+01
             v2_turb_14.0_8754.dat 2.852034947109256979e+00 9.503577734531339430e-03 1.158812525921928454e+03 1.635190927556681970e+02 2.292778025844752765e+00 2.127141022873521797e+04 8.455070253876348943e+03 5.205688817211856986e+03 5.031396348705437731e+02 6.626667338360933002e+01 5.529107725352118905e+03 8.572804769451562606e+03 2.058091176183307169e+00 2.437341134518287711e-01 0.000000000000000000e+00 1.014950738449427445e+05 2.075026394917515304e+01
            v2_turb_15.0_10279.dat 1.677923454044609075e+00 1.027558966665630645e-02 1.479201036787398152e+03 1.092386914518662024e+02 2.448007420602600792e+00 1.594266616678135506e+04 7.151814697425953455e+03 5.623917621591388524e+03 6.045197270790011999e+02 8.227987309881302735e+01 5.726712914221533538e+03 8.471966711283048426e+03 1.960683784963226595e+00 2.327392049849435762e-01 0.000000000000000000e+00 1.095790817410615709e+05 2.049443809012009510e+01
            v2_turb_15.0_22297.dat 2.388505043937449557e+00 1.032124021607136455e-02 1.494087514636746391e+03 1.449886220546538027e+02 2.318420606386634830e+00 1.862134345551667502e+04 6.252936777143499057e+03 6.666224918036292365e+03 6.686970486780837746e+02 9.146302191697458284e+01 5.988758477287991809e+03 8.424154220799140603e+03 2.102668145552593515e+00 2.488386144890629703e-01 0.000000000000000000e+00 1.102547553914997115e+05 2.056343880468103791e+01
            v2_turb_15.0_25148.dat 2.394620328672115050e+00 9.441739776238895418e-03 1.137121179122669446e+03 1.258307536879971025e+02 2.355458256419846741e+00 1.652188951293411810e+04 7.858247156457789060e+03 4.430440072888788563e+03 4.752453300111162093e+02 7.541260888656860573e+01 4.980678904838242488e+03 8.356844607139142681e+03 1.818778452802848333e+00 2.174137634883249182e-01 0.000000000000000000e+00 1.008821938891533791e+05 2.050223470858989572e+01
            v2_turb_15.0_33167.dat 1.969572910274709043e+00 1.000606364198590448e-02 1.511895674800082816e+03 1.154695158583537022e+02 2.426873374570353903e+00 1.761639184873569320e+04 7.425008152474055350e+03 6.319358083769809127e+03 7.436165716048620880e+02 9.608172203660797095e+01 5.625237284104697210e+03 8.394007617277316967e+03 1.915776566896954414e+00 2.267170429679448151e-01 0.000000000000000000e+00 1.070568484604316327e+05 2.053544394600296386e+01
            v2_turb_15.0_41424.dat 2.061619617972957119e+00 1.002058964515551570e-02 1.472797006051553353e+03 1.309628472589461694e+02 2.447703352299581248e+00 1.875892953420141566e+04 1.038549524871750873e+04 5.609444260425869288e+03 7.171861640043697435e+02 8.369957334758636591e+01 5.596381525013509417e+03 8.381750855695117934e+03 1.981520478558712606e+00 2.347741284476226042e-01 0.000000000000000000e+00 1.074614270497042016e+05 2.058822403182756844e+01
            v2_turb_15.0_57600.dat 1.800091872355531919e+00 8.274340461714570910e-03 1.198650546107797709e+03 1.006967157094808272e+02 2.306136922680845025e+00 1.469425365320132005e+04 8.644900190665197442e+03 5.135250772621423494e+03 5.065405736714376985e+02 7.527241830712340231e+01 4.909491231567789328e+03 8.382975938762116130e+03 1.680977833255913545e+00 1.996854720735966315e-01 0.000000000000000000e+00 8.876156521518940281e+04 2.048733519285218918e+01
            v2_turb_16.0_19655.dat 1.537806964238797480e+00 1.018261461430003401e-02 1.381179130555334950e+03 9.879601264806406391e+01 2.502160184604327764e+00 1.522063974065617003e+04 1.077478528876285600e+04 4.886848447027167822e+03 5.792931713365770747e+02 8.881310234190523545e+01 4.953507501975321247e+03 8.345172995526094383e+03 1.706566667962541528e+00 2.022518789890219992e-01 0.000000000000000000e+00 1.092784585685117199e+05 2.050384638631150480e+01
            v2_turb_16.0_45772.dat 1.739941056774845007e+00 1.170072449012884465e-02 1.641745915884211172e+03 1.097968144980526262e+02 2.568267772654061254e+00 1.619192113994976717e+04 8.638610039130799123e+03 6.092947139506783969e+03 6.288809627225547274e+02 1.073225969400641020e+02 5.786114878804278305e+03 8.334601222831592167e+03 1.945925326696381852e+00 2.317367395787044426e-01 0.000000000000000000e+00 1.250318830290392798e+05 2.037633930018410311e+01
            v2_turb_16.0_55975.dat 2.305640328613766776e+00 1.095222907540344820e-02 1.491281547084189697e+03 1.298554594007248681e+02 2.409079174599886297e+00 1.779775789571497444e+04 7.290579006951339579e+03 5.966420912230923022e+03 6.074062708423267622e+02 9.463094532053865748e+01 5.525224390981512443e+03 8.345396151189355805e+03 1.989024267851025929e+00 2.363124825829023834e-01 0.000000000000000000e+00 1.170363719301342353e+05 2.048985509828403906e+01
             v2_turb_16.0_5616.dat 1.588193706861858123e+00 8.902743887802560055e-03 1.282544457325631356e+03 9.219983734770906381e+01 2.433755765311288233e+00 1.366920987816720481e+04 8.642110831177989894e+03 4.743219992286428351e+03 5.522141660831796344e+02 8.448250958494622864e+01 5.049828994602307830e+03 8.336270760370387507e+03 1.633060384130585518e+00 1.948861534906000670e-01 0.000000000000000000e+00 9.545579995239578420e+04 2.042558159942027274e+01
            v2_turb_16.0_56353.dat 1.788011957170174249e+00 1.034932623897764567e-02 1.381524775181833547e+03 1.038351896606702098e+02 2.467789769271732325e+00 1.484955116286021621e+04 9.543763629875726110e+03 5.150214945503372292e+03 5.940613049943674469e+02 8.603539019641929997e+01 5.332423214937352896e+03 8.340091603565841069e+03 1.829451234899386991e+00 2.193341813405075835e-01 0.000000000000000000e+00 1.107695095889752265e+05 2.047393551055861494e+01
             v2_turb_16.0_7031.dat 1.990305128689835001e+00 8.177738265209566482e-03 1.345071555609141114e+03 1.027035869629144429e+02 2.461018838646419127e+00 1.547346027533664710e+04 1.016131608826696174e+04 4.911655029502810976e+03 5.848807079042015857e+02 8.247655834749626536e+01 5.199475484995943589e+03 8.320754453090217794e+03 1.766479776904795518e+00 2.119393953884782522e-01 0.000000000000000000e+00 8.805325255829603702e+04 2.039676445298357876e+01
            v2_turb_17.0_20390.dat 1.747113942759176641e+00 1.141337595546347040e-02 1.701965238124604639e+03 1.114284194801908114e+02 2.585161071314926673e+00 1.705336817752204661e+04 1.023227400820704679e+04 6.280498178283464767e+03 7.116899032075885998e+02 1.167231245113093365e+02 6.044752294672314747e+03 8.317553610920567735e+03 1.956959912718321482e+00 2.330767093285724401e-01 0.000000000000000000e+00 1.225220715250250360e+05 2.036219597436195983e+01
            v2_turb_17.0_37683.dat 2.113894532181915142e+00 1.035967347044613671e-02 1.468572459618771745e+03 1.083479747854752731e+02 2.599727418891731201e+00 1.498534553005243652e+04 7.072527068123486060e+03 5.537192298758740435e+03 6.372436582840455230e+02 1.018399824703401890e+02 5.833277553695577808e+03 8.293813084407713177e+03 1.889500265058141171e+00 2.277476784311769642e-01 0.000000000000000000e+00 1.109242981885312765e+05 2.028636306099151554e+01
            v2_turb_17.0_45521.dat 1.608199668033051033e+00 1.234122610240027951e-02 1.595250538129665529e+03 1.023308037942131961e+02 2.632915983225943890e+00 1.545983435291746719e+04 7.720238214579743726e+03 5.864722855255845388e+03 6.011217899082555505e+02 1.123403855238248639e+02 5.695934624176946272e+03 8.243781564584784064e+03 1.928317408797199706e+00 2.306301208428426786e-01 0.000000000000000000e+00 1.319632720116383862e+05 2.025374041907605260e+01
            v2_turb_17.0_49865.dat 2.066887844313975542e+00 1.055012617112405064e-02 1.615803013899417692e+03 1.111240652861012848e+02 2.638257458529047028e+00 1.624640370328378049e+04 9.540939672651535147e+03 5.500834226119726736e+03 6.432730874850641385e+02 1.034005504801529440e+02 5.614864272105952296e+03 8.388070668249223672e+03 1.858779526920015135e+00 2.225513511418795443e-01 0.000000000000000000e+00 1.131067933883155783e+05 2.039344102581717522e+01
            v2_turb_17.0_60465.dat 1.875074554882735223e+00 9.450023772869558386e-03 1.137958693639493504e+03 8.958058917060134263e+01 2.403919297606286420e+00 1.330020755403991097e+04 5.875485986646129277e+03 4.374976157388682623e+03 5.027713097262276847e+02 7.124334484413816426e+01 4.950284411416223520e+03 8.213443590675680753e+03 1.664321309558323136e+00 2.008007788774671953e-01 0.000000000000000000e+00 1.007887533035811066e+05 2.035987149823754905e+01
             v2_turb_17.0_7334.dat 2.186210360906031269e+00 1.117410653568607151e-02 1.572198327587156882e+03 1.164844911428255756e+02 2.567555771137182141e+00 1.712402703253057916e+04 7.536405289881562567e+03 6.026525208812788151e+03 5.857649131774535363e+02 9.788769190739785131e+01 5.471829515412040564e+03 8.244827354131082757e+03 1.895678128197965329e+00 2.270372996334062143e-01 0.000000000000000000e+00 1.193237376654179825e+05 2.037824626297346597e+01
            v2_turb_18.0_25103.dat 1.473708044221532898e+00 1.290912578650008601e-02 1.792471808029044723e+03 9.791263572429312489e+01 2.638385709903054543e+00 1.483525709633804399e+04 7.535916035859423573e+03 5.685610230572038745e+03 6.555328458218310743e+02 1.185922302130168902e+02 5.895685907225608389e+03 8.250628652175029856e+03 1.870976969172107429e+00 2.252730037258472429e-01 0.000000000000000000e+00 1.378278944995034835e+05 2.017527440797358551e+01
            v2_turb_18.0_27317.dat 2.251601513044759084e+00 1.369394615581870714e-02 1.861851052267897330e+03 1.184460675479351011e+02 2.815426588336323199e+00 1.709514717454561833e+04 7.105014331930143271e+03 5.962825797163605785e+03 6.179519413837261936e+02 1.193896570305008424e+02 6.167634180175861729e+03 8.306558615968016966e+03 1.920691756969073571e+00 2.311773414387002790e-01 0.000000000000000000e+00 1.461621464504439209e+05 2.022911711094376841e+01
            v2_turb_18.0_28016.dat 2.578647591620647272e+00 1.279014719292163003e-02 1.481085856833914931e+03 1.234164631097643792e+02 2.735615590253277940e+00 1.619854082450668466e+04 8.414095096124405245e+03 5.276185102873711003e+03 5.118457016738366860e+02 9.805915236327224704e+01 5.580497594073800428e+03 8.195529500246595489e+03 1.959581277047329095e+00 2.371479680096553744e-01 0.000000000000000000e+00 1.364687223278670863e+05 2.021481929790479626e+01
            v2_turb_18.0_34558.dat 1.494816708403945649e+00 1.224024543163401355e-02 1.923570875428679756e+03 1.075122966551717667e+02 2.680593107531114239e+00 1.725925547118068789e+04 1.452714952348260158e+04 6.974327095923869820e+03 7.689371545243986930e+02 1.316362890110632407e+02 6.360597805679233716e+03 8.307751701285198578e+03 2.022716424858402195e+00 2.419384564654824543e-01 0.000000000000000000e+00 1.317632849481898011e+05 2.019646014201385498e+01
            v2_turb_18.0_46192.dat 1.968015032579823576e+00 1.176467055713074222e-02 1.604515614795283909e+03 1.008840040762625136e+02 2.631014934243314674e+00 1.558611784814466409e+04 8.316710464454123212e+03 5.537391075329162049e+03 6.251608229062735518e+02 1.085449030494977478e+02 5.950053902477948213e+03 8.300147397168833777e+03 1.804881792395465423e+00 2.174058894122966046e-01 0.000000000000000000e+00 1.258361086323507043e+05 2.021495123215536083e+01
             v2_turb_18.0_8966.dat 2.298078446129431907e+00 1.277119927287389579e-02 1.668671074607421360e+03 1.105798062565642539e+02 2.738812077298216519e+00 1.693010105353062318e+04 8.337024091023620713e+03 6.072534369176853943e+03 5.629071841245610130e+02 1.113499679638549793e+02 5.709566515158199763e+03 8.238672457891469094e+03 1.869572807906371814e+00 2.246084006763198471e-01 0.000000000000000000e+00 1.364774681837640237e+05 2.024087373968220405e+01
            v2_turb_19.0_17843.dat 1.816885471826210408e+00 1.307312416633369875e-02 1.748219220002400561e+03 9.747932314890366001e+01 2.788817791299318394e+00 1.603475588592195345e+04 9.938239040782806114e+03 6.106484517086379128e+03 6.128045497872942633e+02 1.178137188633366321e+02 6.093684679203413907e+03 8.167831458078318974e+03 1.921228867055783551e+00 2.328355211162083938e-01 0.000000000000000000e+00 1.399005651040746015e+05 2.009454556733818364e+01
            v2_turb_19.0_20935.dat 2.020517939151273090e+00 1.361693488179870418e-02 2.058869006964935124e+03 1.141920547616179107e+02 2.740760362141141382e+00 1.841769430264780021e+04 1.033447503878881798e+04 6.877207436447006330e+03 7.428953232226160708e+02 1.401584916879991738e+02 6.945489978064247225e+03 8.273469348640977842e+03 2.111593678266189489e+00 2.552204205067380438e-01 0.000000000000000000e+00 1.458199415999475459e+05 2.010061299254932266e+01
            v2_turb_19.0_33144.dat 1.540063456566629574e+00 1.264060514680135153e-02 1.960487332304087204e+03 1.025431402834378218e+02 2.713208045275681268e+00 1.669918005661084680e+04 9.810425027465693347e+03 6.677691150796759757e+03 7.368871235746370303e+02 1.369119491967826718e+02 6.524731421791626417e+03 8.235325874926717006e+03 2.019622418445072398e+00 2.432651954603437805e-01 0.000000000000000000e+00 1.354385741092580720e+05 2.011467149622845696e+01
            v2_turb_19.0_51363.dat 1.731903058476816470e+00 1.296974002140630078e-02 1.758872145896084021e+03 1.019705444519303086e+02 2.800158261263615334e+00 1.548024618329113582e+04 9.846909868079346779e+03 6.114856016892936168e+03 7.068719692912488881e+02 1.148874944798614592e+02 6.245216172391390501e+03 8.198894969424096416e+03 2.001524776760698288e+00 2.427303378472067952e-01 0.000000000000000000e+00 1.387070338389553945e+05 2.014183178118969408e+01
            v2_turb_19.0_56307.dat 1.998079264175077530e+00 1.164191530511871769e-02 1.715453712221087471e+03 1.026371698907325936e+02 2.822634091768871034e+00 1.589344617924508202e+04 9.291308862487985607e+03 5.659456726966664974e+03 7.196898207351200654e+02 1.126565651584862735e+02 6.237927745843791854e+03 8.222148272989841644e+03 1.935435192994821252e+00 2.343378797246984113e-01 0.000000000000000000e+00 1.246804553618506470e+05 2.015292470904195454e+01
            v2_turb_19.0_63447.dat 2.057468314290880063e+00 1.201212261894726158e-02 1.486689852414190227e+03 9.083988573738753303e+01 2.653315220721590428e+00 1.369637665737096358e+04 7.031972581318036646e+03 5.133848189538774932e+03 5.076951267724740546e+02 9.877694278591299337e+01 5.843282511340510609e+03 8.179315873282745088e+03 1.805792006757855228e+00 2.205734413782597936e-01 0.000000000000000000e+00 1.280698539445821953e+05 2.014696548059104586e+01
            v2_turb_20.0_20852.dat 2.144640183996436633e+00 1.415763049723122065e-02 1.929922474733055878e+03 1.067803794601587128e+02 2.989104294122642891e+00 1.669652691460635833e+04 1.018080731490810285e+04 6.598515940133132062e+03 6.418820976339776507e+02 1.340594665267312280e+02 6.435755720339374420e+03 8.160502922003955064e+03 2.094812518090750864e+00 2.543805700294049510e-01 0.000000000000000000e+00 1.513469607056547247e+05 2.008554452203683027e+01
            v2_turb_20.0_25497.dat 1.469535185336972249e+00 1.413894857812082913e-02 1.770897557651023817e+03 9.341384287665596275e+01 2.822440667930073310e+00 1.505913521892546487e+04 9.679641491840082381e+03 6.063664144558902990e+03 6.264989794454234016e+02 1.257945788676227750e+02 6.108354989575318541e+03 8.179008023288351069e+03 1.881422430573536975e+00 2.279562231911111403e-01 0.000000000000000000e+00 1.511002397671821236e+05 2.005880150647455906e+01
            v2_turb_20.0_29025.dat 1.951183579193193740e+00 1.514078263250769746e-02 1.942958254070622388e+03 1.043541766934539083e+02 2.849651934920950147e+00 1.597094348244794128e+04 9.565821784461522839e+03 6.621578636384477250e+03 6.608075846667910582e+02 1.349886633329223855e+02 6.570791695452471686e+03 8.182050009066115308e+03 2.027416480129303977e+00 2.469499899796632758e-01 0.000000000000000000e+00 1.616043921797323273e+05 1.997797994528274756e+01
            v2_turb_20.0_43745.dat 2.598535495871267198e+00 1.311408250289081666e-02 1.855841791977712319e+03 1.082970097562117928e+02 3.019204602279705441e+00 1.582829200936711641e+04 9.593618880407602774e+03 5.477123351154703414e+03 5.833108040213058985e+02 1.191563922156563677e+02 5.842762221636765389e+03 8.134318240173856793e+03 1.848903315367480760e+00 2.254682449926902477e-01 0.000000000000000000e+00 1.403512910615830042e+05 2.010170962196145794e+01
            v2_turb_20.0_51504.dat 1.813284040685257281e+00 1.614593551317671308e-02 2.402666434527424826e+03 1.137493736000497933e+02 2.935164784791945980e+00 1.902614942826479455e+04 1.144886417975123368e+04 6.675136407532428166e+03 7.622120915374390506e+02 1.656668636968016415e+02 6.824015278390644198e+03 8.256481933560413381e+03 2.034365666694538000e+00 2.443581217806632955e-01 0.000000000000000000e+00 1.728474204921672062e+05 2.001709004152313653e+01
            v2_turb_20.0_54726.dat 1.719614015240158444e+00 1.406865657843889110e-02 1.760789125682771555e+03 9.318488392724205482e+01 2.818326530948536135e+00 1.514674139924560222e+04 9.499184038761137344e+03 4.940444766150409123e+03 5.930002425134808846e+02 1.184276753965319102e+02 5.716489168521463398e+03 8.148815991769830362e+03 1.800661963510411745e+00 2.185217433600342984e-01 0.000000000000000000e+00 1.501120148100713850e+05 2.012387163958531389e+01
            v2_turb_21.0_25181.dat 1.729570943703878649e+00 1.640762108366197736e-02 2.258508300477445118e+03 1.041889750127612473e+02 2.948682820240462465e+00 1.702501744383669575e+04 1.164064265986494502e+04 6.499151597653575664e+03 7.197996046231352238e+02 1.520366156143234093e+02 6.670204183125690179e+03 8.180695975235370497e+03 2.007397985577257682e+00 2.439917267926692557e-01 0.000000000000000000e+00 1.752688857670729340e+05 1.997192465950342921e+01
             v2_turb_21.0_3963.dat 1.616760701575435721e+00 1.755005285853221755e-02 2.858495379206442976e+03 1.309207391277090551e+02 3.016368812144234912e+00 2.296919477284740060e+04 1.786752420274237738e+04 8.317864774709869380e+03 9.607667562146722275e+02 2.007637129251498607e+02 7.504952564751407408e+03 8.308138747023103861e+03 2.434538774035839293e+00 2.914308050426913654e-01 0.000000000000000000e+00 1.888124881691789196e+05 1.998760440568117858e+01
            v2_turb_21.0_42162.dat 1.608794617730325172e+00 1.458993252199324887e-02 1.936540575725050076e+03 9.186563406167346102e+01 3.128098402360710129e+00 1.568459328051231751e+04 1.210317891088633223e+04 6.125417903268840746e+03 6.629704577991609540e+02 1.377652961472880406e+02 6.294934587661186015e+03 8.121900736646092810e+03 1.904832870074442575e+00 2.318424522345484684e-01 0.000000000000000000e+00 1.561876478658479464e+05 1.996663752486396959e+01
             v2_turb_21.0_5160.dat 1.499941536805727837e+00 1.579357028387352174e-02 2.459802861435685372e+03 1.090428306588141822e+02 3.052609668581626856e+00 1.919017628840704856e+04 1.157204756085531335e+04 7.261348227788159420e+03 7.867610579067439858e+02 1.730860999893502026e+02 6.888668192467079280e+03 8.176957305104838269e+03 2.059246338043102309e+00 2.473375663074060260e-01 0.000000000000000000e+00 1.691492627564383438e+05 1.997122442333121839e+01
            v2_turb_21.0_57341.dat 1.937027343608741514e+00 1.754755902613161153e-02 2.531617983053584339e+03 1.189289465687748617e+02 3.057709030621950763e+00 1.943055209154000840e+04 1.087608169986875509e+04 7.149905161162258992e+03 8.151868612385650295e+02 1.654021723277847400e+02 7.378815447572981611e+03 8.155177459821841694e+03 2.292413776452712604e+00 2.778677684027637262e-01 0.000000000000000000e+00 1.873423336373406928e+05 1.992124687386884219e+01
            v2_turb_21.0_61500.dat 1.774079359162165526e+00 1.638917310196922814e-02 2.501769393225230488e+03 1.154650240592420545e+02 3.049217851549467895e+00 1.912314585989872648e+04 1.109922915278654546e+04 7.337314695676662268e+03 8.362965923840024516e+02 1.709621775001388926e+02 6.944694679843925769e+03 8.125818919761974939e+03 2.078347469691556704e+00 2.504827034145047371e-01 0.000000000000000000e+00 1.754761852537122613e+05 1.995879683686287365e+01
            v2_turb_22.0_29503.dat 2.312258270764942836e+00 1.488987656869539961e-02 2.319785498891746101e+03 1.078992096949296666e+02 3.144658246813062163e+00 1.827943312891336973e+04 1.275831587482321811e+04 6.574189950653682899e+03 7.718320932501073912e+02 1.639063620877670360e+02 7.021193790491390246e+03 8.058245399847362023e+03 2.226159951800823933e+00 2.713500877693508229e-01 0.000000000000000000e+00 1.598510994983179262e+05 1.986130142956746525e+01
            v2_turb_22.0_40013.dat 2.099718614119031379e+00 1.702625891524096532e-02 2.360959574830091242e+03 1.080734345621975052e+02 3.234239224618760566e+00 1.767726520689132303e+04 1.161190690631194047e+04 7.132727180652419520e+03 6.908665331227367687e+02 1.600854924485135768e+02 6.762046036036931582e+03 8.115185407180902985e+03 2.112628439715410256e+00 2.568212173684250033e-01 0.000000000000000000e+00 1.818502950058423157e+05 1.991010709751184038e+01
            v2_turb_22.0_40231.dat 1.430514399463547859e+00 1.461785761366246258e-02 2.352960132234692082e+03 9.855424296796424244e+01 3.029156063362969054e+00 1.852982439721070841e+04 1.513960509667029874e+04 6.322311756828277794e+03 7.746811151052202149e+02 1.642652431093865459e+02 6.710820588100436908e+03 7.994055088360418267e+03 1.980648925800256199e+00 2.398104485777366179e-01 0.000000000000000000e+00 1.574183827763401496e+05 1.984785721555049420e+01
            v2_turb_22.0_41304.dat 1.939278347268265312e+00 1.485626609022079082e-02 2.108014279950366472e+03 9.514332476371522773e+01 3.101789850737016963e+00 1.607714926256240688e+04 1.138792600899681565e+04 6.092771821026997713e+03 6.794896020875218028e+02 1.469093030225506311e+02 6.645955408894302309e+03 8.012993432505749297e+03 2.003737875485814168e+00 2.445503547609055306e-01 0.000000000000000000e+00 1.591621870811104891e+05 1.988614983160395866e+01
            v2_turb_22.0_47014.dat 1.875408296189875923e+00 1.639802097034109146e-02 2.510445152318807686e+03 1.095032317935204844e+02 3.099478184372190803e+00 1.736136788014659396e+04 1.626483108115692266e+04 6.497231963500375059e+03 7.963430812361929156e+02 1.741590420970261732e+02 7.144901343433792135e+03 8.184480210044569503e+03 2.078838558009265203e+00 2.520131936679382845e-01 0.000000000000000000e+00 1.762107233775462373e+05 1.989217121871612193e+01
            v2_turb_22.0_52742.dat 1.894048599372006203e+00 1.703923968724092852e-02 2.297383422744912423e+03 1.015764737897875136e+02 3.116282946032576273e+00 1.778730782514082966e+04 1.275089825918061433e+04 6.317162421774041832e+03 8.559024346853176439e+02 1.587377664801346668e+02 7.455679712800226298e+03 8.168330593999141456e+03 2.188138277183380609e+00 2.671607712778190091e-01 0.000000000000000000e+00 1.820501396104045270e+05 1.981501278107649000e+01
            v2_turb_23.0_18883.dat 1.956467476831626140e+00 1.897816350189627035e-02 2.649355503080335893e+03 1.104463007050544263e+02 3.219178579113043170e+00 1.973344037785521141e+04 1.429052110644107051e+04 6.974791966655115175e+03 8.527831987704703351e+02 1.881338161499946295e+02 7.315150241556248147e+03 8.054142948388251170e+03 2.224733550836200280e+00 2.701362390473384112e-01 0.000000000000000000e+00 2.028685208605562802e+05 1.980310183072606733e+01
            v2_turb_23.0_31026.dat 2.108691152198601593e+00 1.649448138606806821e-02 2.407025380606346062e+03 1.038953130813746100e+02 3.023474301230534067e+00 1.845179532579754232e+04 1.435109318766391698e+04 7.085130990126778670e+03 7.656082997487184230e+02 1.711595350489574230e+02 6.797488080611136866e+03 8.001855388797162050e+03 2.052094416256521558e+00 2.496322256990550492e-01 0.000000000000000000e+00 1.768596874256892479e+05 1.984208267447341711e+01
            v2_turb_23.0_36127.dat 1.927748599488804615e+00 1.952208427707873006e-02 2.732942288271179223e+03 1.192989283901085429e+02 3.317758535606458725e+00 2.182988145653176252e+04 1.556563327593389840e+04 7.856770965103525668e+03 8.503462555417695512e+02 1.899473065861638474e+02 7.618369872949742785e+03 8.181860364140506135e+03 2.302265605941385296e+00 2.791687320634342884e-01 0.000000000000000000e+00 2.089466964860459266e+05 1.981276436305712707e+01
            v2_turb_23.0_49683.dat 1.812720906123299613e+00 1.869526178183991000e-02 2.695061123281476284e+03 1.112094861643437724e+02 3.272789433027564865e+00 2.035577344919192910e+04 1.893280488148709992e+04 7.951452859075268861e+03 9.820981313585351700e+02 1.921502224071520004e+02 7.650968404305908734e+03 8.018593872875354464e+03 2.318030047838819829e+00 2.816794734640006848e-01 0.000000000000000000e+00 2.005128514977264567e+05 1.977960585913269753e+01
            v2_turb_23.0_49834.dat 1.897368229162188946e+00 1.860754700994532440e-02 2.393203469780150044e+03 1.056353894797729964e+02 3.109360681666673454e+00 1.760612509996728477e+04 1.392839121522079404e+04 6.770934416787935334e+03 7.232899063033244147e+02 1.708328808665544614e+02 7.099608618488992761e+03 8.090464764884522992e+03 2.132241406293733377e+00 2.602862554905102099e-01 0.000000000000000000e+00 1.989802151985769160e+05 1.980274404037331237e+01
            v2_turb_23.0_57680.dat 1.776728734434936952e+00 1.429201307744135639e-02 2.268694395350180002e+03 9.462036930299292692e+01 3.114541809914104675e+00 1.642782385598634937e+04 1.073775418627988984e+04 6.324346241942748748e+03 6.789579068325912203e+02 1.557855491629865696e+02 6.540403240150190868e+03 7.942513504210214705e+03 1.956357031615890696e+00 2.383723437246036136e-01 0.000000000000000000e+00 1.532481510193530412e+05 1.984010572022681274e+01
            v2_turb_24.0_11244.dat 1.597284607939858159e+00 2.073980673454049392e-02 2.762304596099905666e+03 1.120135947892984518e+02 3.326453943480334186e+00 1.980342676646895416e+04 1.377955544861683120e+04 7.010626946530787791e+03 7.796768660284872112e+02 1.888676607156153295e+02 7.171901999207370864e+03 7.987650151971768537e+03 2.181627602876142547e+00 2.660794904303743214e-01 0.000000000000000000e+00 2.215317753099119873e+05 1.976240993513605204e+01
            v2_turb_24.0_11250.dat 1.973489486120667546e+00 2.151791777921530091e-02 3.069203475529885964e+03 1.236080660202159578e+02 3.358924285315993075e+00 2.089786029462189617e+04 1.370887501242335384e+04 8.328885870734007767e+03 7.870213196849567794e+02 2.158285576933291168e+02 7.596015125639992220e+03 8.122465090837731623e+03 2.305785237501976059e+00 2.791137686536036555e-01 0.000000000000000000e+00 2.302264791547197965e+05 1.977318653539668247e+01
              v2_turb_24.0_377.dat 2.004820115326336527e+00 1.925167733201153114e-02 2.887420156419535033e+03 1.166281338605831053e+02 3.305626452378405578e+00 1.948954615088463834e+04 1.203116708031625785e+04 7.655200775120902108e+03 7.371717026343610542e+02 1.905272902130192278e+02 7.321018472070293683e+03 8.130501879890283817e+03 2.241177056383723443e+00 2.722826165121678410e-01 0.000000000000000000e+00 2.057787719386703102e+05 1.975031457743956764e+01
            v2_turb_24.0_44891.dat 1.879794013114682194e+00 2.218311457536354184e-02 3.065426010136937748e+03 1.210870257973904103e+02 3.327212059172201641e+00 2.263362968373547483e+04 1.361060165303225949e+04 8.602957475261522632e+03 8.484856570899368080e+02 2.087795889499330428e+02 7.600147713810017194e+03 8.007361498685416336e+03 2.423467377840058390e+00 2.931464543336697592e-01 0.000000000000000000e+00 2.368978138804917107e+05 1.970761189929967472e+01
            v2_turb_24.0_50518.dat 2.287624425154207053e+00 1.807522626550958286e-02 2.689641179198103600e+03 1.068337311527763944e+02 3.440299693014126081e+00 1.852580810180451590e+04 1.477177317549388135e+04 6.602337062620913457e+03 7.425926616693675442e+02 1.844927096916298410e+02 6.820681000186199526e+03 7.957692329367575439e+03 2.077425138000876803e+00 2.531723782772239972e-01 0.000000000000000000e+00 1.934916734334844805e+05 1.973712746504199345e+01
            v2_turb_24.0_60394.dat 1.833538076984965626e+00 2.047698343309228147e-02 2.809558829598237025e+03 1.155263898721878491e+02 3.383197723737144891e+00 1.998647390283116692e+04 1.248546534417856310e+04 7.967959196778492696e+03 9.905202335406573866e+02 1.970976143219435244e+02 8.122472373081016485e+03 8.103821196097940629e+03 2.465713399839729814e+00 3.001750229789626467e-01 0.000000000000000000e+00 2.186024738883975369e+05 1.970737119008148497e+01
