Statistics: del4. Generated: 30/11/2021 10:42:25. No. files: 120.
                              File                       4                      10                      11                      13                      15                      17                      18                      20                      21                      25                      26                      27                      61                      64                      70                     100                     108
            v2_turb_05.0_21716.dat nan 4.649474906518200577e-03 1.168251872207765246e+03 9.302277995804769262e+01 1.490235162799558255e+00 5.300265395983876806e+04 2.092051369710010840e+04 6.158141665156255840e+03 9.526838991530178191e+02 7.654989246811112480e+02 4.543687702326120416e+03 1.349468711525729123e+04 4.867729667055588294e+00 5.090403573162798345e-01 6.940473431875306414e+05 4.089217523610871285e+05 4.642261555030007258e+01
            v2_turb_05.0_40322.dat nan 3.135085871059620395e-03 8.541367381570238422e+02 6.618366800455603993e+01 1.419708262645480890e+00 3.640234751807653083e+04 1.297337030039029196e+04 4.945418644238896377e+03 6.621680691097782301e+02 5.782101025252209183e+02 3.489169588381739686e+03 1.327081274864873194e+04 3.841778002894786326e+00 4.077064437160893839e-01 5.349995446858443320e+05 3.154627308365787612e+05 4.647080963413085186e+01
            v2_turb_05.0_43619.dat nan 4.730151095408661154e-03 1.419912840043467895e+03 9.579897479922493631e+01 1.651625176422926167e+00 6.278550230901212490e+04 1.878325933273535338e+04 6.840471999556416449e+03 1.104400863702051993e+03 8.464102102550394875e+02 5.486835469226255555e+03 1.365547628572981012e+04 5.801646972155594995e+00 6.059814482194070262e-01 7.857824853041046299e+05 4.628746981223172625e+05 4.635121573744131496e+01
            v2_turb_05.0_47165.dat nan 3.891574544474610872e-03 1.110072447191079164e+03 8.669662554362464846e+01 1.489344382932463740e+00 6.243811209894534841e+04 1.710952457389061237e+04 6.159876940177990036e+03 8.099877053386622947e+02 5.885628464780756985e+02 4.741722186392641561e+03 1.332707604943834303e+04 5.223665215360809633e+00 5.561992165854660053e-01 5.366980691794707673e+05 3.179022432959051803e+05 4.653876345673943860e+01
            v2_turb_05.0_47952.dat nan 4.072930711296997644e-03 1.237346171589213554e+03 9.038455353611439591e+01 1.551429990755111232e+00 5.303092992595524993e+04 1.591519387255325091e+04 6.309363120150382201e+03 9.122729887251399532e+02 8.371006716756377273e+02 4.783529259037078191e+03 1.333368286353286567e+04 5.006072759565521224e+00 5.226622752038668773e-01 7.689745615735462634e+05 4.523769626188862603e+05 4.632073751582050392e+01
            v2_turb_05.0_50292.dat nan 3.431591969044938805e-03 9.609129113207335422e+02 7.217149484143409666e+01 1.279688843850430580e+00 4.554336477664790436e+04 1.469554877819286776e+04 4.790529297990850864e+03 7.628422772674157386e+02 5.516343300009309587e+02 4.263185286427834399e+03 1.333215701849109792e+04 4.531731022565610445e+00 4.915992826750638645e-01 5.022620616763629369e+05 2.958550946448391769e+05 4.656994598132803986e+01
            v2_turb_06.0_14324.dat nan 5.388518374230730733e-03 1.532475738773857074e+03 9.264907225745180597e+01 1.491002393930918490e+00 4.920358703304209484e+04 2.065122041225985231e+04 6.457016652462501042e+03 9.156953795957151669e+02 8.958972226125138150e+02 4.686907336918274268e+03 1.331639021944402703e+04 5.085399750790569051e+00 5.137200364432252808e-01 8.267167593681400176e+05 4.917441824575507781e+05 4.639317314087753630e+01
            v2_turb_06.0_26862.dat nan 4.003049016328692582e-03 1.301218679748143586e+03 8.566264396541592419e+01 1.698207207504943916e+00 4.287787981994058646e+04 1.858001776596349009e+04 5.475760745479051366e+03 1.136915498435660993e+03 1.017472119346580598e+03 4.359345608447501945e+03 1.337958455695488010e+04 4.788649853799995526e+00 4.866068357170164616e-01 9.436202555383456638e+05 5.538076334494824987e+05 4.653501685627158935e+01
            v2_turb_06.0_47824.dat nan 4.083874359702015060e-03 1.238124719572497725e+03 8.788486954430021569e+01 1.628810668277705043e+00 5.120935656896789442e+04 2.227147719843339291e+04 5.098957563782015313e+03 8.363614469922241597e+02 7.988342368252202732e+02 4.265136411113754548e+03 1.340664010497990057e+04 4.844644715152615078e+00 5.152972084512597029e-01 7.313615722598555731e+05 4.332504596822706517e+05 4.652680005670148944e+01
            v2_turb_06.0_51321.dat nan 8.643947602229159685e-03 1.492750101745104075e+03 9.541493983061232598e+01 1.799013172524157378e+00 5.313861409898493730e+04 2.286938910763672902e+04 6.642600653488326316e+03 9.615888609287335385e+02 8.869265232146414064e+02 5.163543662402553309e+03 1.334374022841749502e+04 5.483288180827744718e+00 5.598751352614065313e-01 8.116661527858910849e+05 5.086755180240249028e+05 4.664153210228980839e+01
            v2_turb_06.0_52263.dat nan 4.440106575186010887e-03 1.325137760341365492e+03 8.019526883576381238e+01 1.589343867133162558e+00 4.743282808129079058e+04 1.580947335127765837e+04 5.089626218868634169e+03 9.361699801499862588e+02 8.269981262525502643e+02 4.081595934796596794e+03 1.348925596871749076e+04 4.450390399627886850e+00 4.538575293099084140e-01 7.667133436074079946e+05 4.532338330295491032e+05 4.665719567197682949e+01
            v2_turb_06.0_55769.dat nan 5.375824212019752850e-03 1.691194970924862901e+03 1.032454495758490935e+02 1.741754476023851694e+00 6.363667470163256803e+04 2.221224330677322359e+04 6.808022591227576413e+03 1.261259330174917068e+03 1.047694949100025497e+03 5.439500623087947133e+03 1.375006962600081170e+04 6.105001530535539622e+00 6.081637304363080032e-01 9.632686990344300866e+05 5.757207209606093820e+05 4.664330627808600127e+01
             v2_turb_07.0_2336.dat nan 4.563206966852794561e-02 2.964011655322854040e+03 2.023066720618016916e+02 2.262494069320523327e+00 7.449361386964531266e+04 3.057570935372168242e+04 1.100267244845815367e+04 1.723307513015000950e+03 1.586443971526511859e+03 7.750922823224704189e+03 1.435574028908516084e+04 6.472947331026931650e+00 6.275182957348832691e-01 1.454721489621920045e+06 1.215240941177304834e+06 4.840677799423568928e+01
            v2_turb_07.0_40743.dat nan 3.064926736029755655e-02 1.713819184321256216e+03 1.260009828008065966e+02 1.849593729605784054e+00 4.591764090864665923e+04 1.740692543940217729e+04 6.875019789381779447e+03 1.099674839887083635e+03 9.029528676315209168e+02 5.100209890653947696e+03 1.390978616892035461e+04 4.841592056652316955e+00 4.726895375915156627e-01 8.254394701003498631e+05 6.581889824616118567e+05 4.792265934440397501e+01
            v2_turb_07.0_45626.dat nan 2.238812255584576860e-02 1.736526148391278639e+03 1.152632229211945258e+02 1.913568818198850163e+00 4.642090642237725115e+04 1.585938440869275291e+04 5.636000738687534977e+03 1.086127424961971883e+03 9.223397609387299099e+02 4.604700940370509670e+03 1.365155609414774517e+04 4.021899150602590289e+00 3.858271964326253634e-01 8.384340758235092508e+05 6.137607722284892807e+05 4.810843478861869471e+01
            v2_turb_07.0_52870.dat nan 2.675199251900396355e-02 2.178278589914036729e+03 1.381042816962232394e+02 1.920002665494743521e+00 4.558955709012482839e+04 2.314359439569654933e+04 8.465511865761043737e+03 1.278110574550958972e+03 9.457960844540759808e+02 6.464991807273764607e+03 1.377651393716590610e+04 5.865807050037847858e+00 5.697051230575356229e-01 8.619703917747075902e+05 6.597836580106533365e+05 4.738723478835400016e+01
            v2_turb_07.0_52899.dat nan 2.463534620692364036e-02 2.024147953429312111e+03 1.299387136595439927e+02 1.809742021002417767e+00 4.212482244753267150e+04 2.516377419486259532e+04 6.527606955308697252e+03 1.200981834804486425e+03 1.004721393128703880e+03 5.145389520856131639e+03 1.384197761666186670e+04 5.106581825748448544e+00 5.015332819102482631e-01 9.177565527599513298e+05 6.468406008825944737e+05 4.751862530748973512e+01
             v2_turb_07.0_8564.dat nan 2.311485087377082928e-02 1.871504491363285979e+03 1.250990175077988340e+02 1.518746935842631540e+00 4.642464656756785553e+04 2.900282913599515814e+04 6.351749465229738234e+03 1.296270393932891920e+03 1.197489051039836568e+03 4.978497018700195440e+03 1.364000289023736696e+04 4.754393590461996055e+00 4.656975555736639349e-01 1.109614983242611168e+06 7.798749740356745897e+05 4.723636214052605453e+01
            v2_turb_08.0_15536.dat nan 5.240658709128999393e-02 2.640579730300548363e+03 1.987307713093515531e+02 1.936652997749552796e+00 5.190258561638375249e+04 2.307395007860637634e+04 9.573527436130623755e+03 1.658970665380707715e+03 1.407461148297087902e+03 7.532675098170033380e+03 1.440697262059291461e+04 5.316749661931065241e+00 5.085618324644960442e-01 1.299270368453670526e+06 1.210157761469034245e+06 4.930011395643706607e+01
            v2_turb_08.0_22441.dat nan 4.634295005778166221e-02 2.175475581842252268e+03 1.653227009716219413e+02 1.836104751967350346e+00 4.218525776460218913e+04 2.000268157447589329e+04 7.774583641366978554e+03 1.240712253106797107e+03 1.080742891296653625e+03 6.064856086562021119e+03 1.441092218764207792e+04 4.537751177027463001e+00 4.350036617281458073e-01 9.910581430995350238e+05 9.485596509902084945e+05 4.910049210051886348e+01
            v2_turb_08.0_32293.dat nan 3.782858691103106047e-02 2.417630878256836240e+03 1.674580804110667600e+02 2.122027204123724253e+00 4.552362761738800327e+04 2.014072281193182425e+04 8.040350951588805401e+03 1.349094332486061603e+03 1.153076259487471816e+03 5.874605108625213688e+03 1.430670051739447263e+04 4.935102531164709205e+00 4.719277273845217113e-01 1.056396329925972503e+06 8.836380866406293353e+05 4.899501814234412223e+01
            v2_turb_08.0_41120.dat nan 5.300704070538392321e-02 2.435091528135673798e+03 1.824858199131029721e+02 2.110191143821589232e+00 4.548054176720926625e+04 1.960682434416906472e+04 8.344755007199019019e+03 1.426173143549572842e+03 1.251692068145309804e+03 6.952610103165447981e+03 1.499589178173328401e+04 5.100993702492915283e+00 4.853374365475769392e-01 1.134554684667622671e+06 1.153314388752325671e+06 4.917551104399883855e+01
            v2_turb_08.0_46290.dat nan 4.564475160898689987e-02 2.383493300590567742e+03 1.791366219934399737e+02 2.160355031695066597e+00 4.920894226369816897e+04 2.987379783324181335e+04 8.247179313660884873e+03 1.575809343340476744e+03 1.249313811882787377e+03 6.699208960064591338e+03 1.458377984256898890e+04 5.450196475360158388e+00 5.200167540227336183e-01 1.145674516685012262e+06 1.009681819954497390e+06 4.874061300877001912e+01
            v2_turb_08.0_60415.dat nan 3.465199239014012111e-02 1.788836062042149251e+03 1.371524882671976684e+02 1.845009384483127013e+00 3.504471479867627204e+04 1.425006380325726241e+04 6.004673740165259005e+03 1.162444260556337213e+03 9.656327847429303119e+02 5.439983224967147180e+03 1.413076454438185829e+04 4.092964990811442938e+00 3.989174029719635417e-01 8.951552416287258966e+05 7.680371867779325694e+05 4.843759321045042299e+01
            v2_turb_09.0_26343.dat 2.667368612401252448e-01 6.283668660318079968e-02 2.545806349505121943e+03 2.132035711232574045e+02 2.304171365387283732e+00 3.784263926022734086e+04 1.890813732891358450e+04 8.874824951946216970e+03 1.419726933633020280e+03 1.227443596242146668e+03 7.447264779389704017e+03 1.522574922284259264e+04 4.503375447591109193e+00 4.291731979700060262e-01 1.105562756217312999e+06 1.324209249726923183e+06 5.128860696793451979e+01
            v2_turb_09.0_34715.dat nan 5.183601137885963939e-02 2.571995093632039243e+03 1.954879908991782997e+02 2.547129898948311766e+00 3.518163960146631143e+04 1.768837109750706804e+04 8.386035635494656162e+03 1.369281949919788985e+03 1.073494733539144363e+03 7.067313187900196681e+03 1.517087290418217526e+04 4.683576371459325927e+00 4.531932884005852591e-01 9.706420417233204935e+05 1.069334990033287555e+06 5.042068237818286747e+01
             v2_turb_09.0_5751.dat 8.912524815666849828e-03 6.690013400710377589e-02 2.471269674810483593e+03 2.127808027727746207e+02 2.160468221130272592e+00 3.867994527553275839e+04 2.149521740675131514e+04 8.188207322960975944e+03 1.448474880774367648e+03 1.278597218846859505e+03 7.523810406474629417e+03 1.474855554222923274e+04 4.806139880501540951e+00 4.654808731208409101e-01 1.178644647529545473e+06 1.316479217483273474e+06 5.081043947401971650e+01
            v2_turb_09.0_59920.dat 2.124299348051276737e-01 6.091273047872641094e-02 2.327695614303336242e+03 2.086033352416984883e+02 2.052260904741775693e+00 3.480848511843041342e+04 1.548410010277269976e+04 8.313044351280323099e+03 1.373335404421535941e+03 1.168113121525287852e+03 7.223676644725761435e+03 1.475600939844007189e+04 4.365598250809230585e+00 4.238440165555861228e-01 1.053758613288737135e+06 1.309446728299971437e+06 5.072938703766399726e+01
             v2_turb_09.0_8821.dat nan 5.807210437029720895e-02 2.744224278297440833e+03 2.179181921148518484e+02 2.352280605670056701e+00 4.650140145544564439e+04 1.534951917861671791e+04 9.138564352464076364e+03 1.684429000633615033e+03 1.318727219673083937e+03 7.989741002623472923e+03 1.527988565220343662e+04 5.016109446218475654e+00 4.844520314013649465e-01 1.193842752681457670e+06 1.236673135572903324e+06 5.054187821211760223e+01
             v2_turb_09.0_9468.dat nan 6.214731003056402081e-02 2.709151701701110142e+03 2.141428928080311209e+02 2.363902897726477992e+00 4.011343901771030505e+04 1.782052091716941868e+04 9.159752556381574323e+03 1.547763586900857035e+03 1.312092442375002065e+03 8.181062161898240447e+03 1.509666728799395969e+04 5.107655873950033509e+00 4.998306514465137851e-01 1.184153216451954329e+06 1.281224742200606503e+06 5.039917110374467057e+01
            v2_turb_10.0_13708.dat 1.277488635071384548e+00 5.722759250454803603e-02 3.318877050163844160e+03 2.390278827466870553e+02 2.470662284116393881e+00 3.692487154995560559e+04 8.494140370348641227e+03 1.074637151486353832e+04 1.570774587386665644e+03 1.083469709849856827e+03 9.221461566523801594e+03 1.601094139115194412e+04 4.517255570330171111e+00 4.391289483771992352e-01 9.527660393811098766e+05 1.300551544271117542e+06 5.320487509321637987e+01
             v2_turb_10.0_2246.dat 1.193073222348459028e+00 6.280824135601427438e-02 3.006286699284553833e+03 2.283994970992567346e+02 2.650736416136761253e+00 3.793912135221491189e+04 1.318892761630625864e+04 1.062918110193623579e+04 1.524602880759034406e+03 1.191004145166066792e+03 9.102558604882115105e+03 1.578712763328561596e+04 4.739031016263172802e+00 4.687116431044165421e-01 1.050419861285686260e+06 1.354226036028668983e+06 5.193583449434438393e+01
            v2_turb_10.0_25797.dat 6.341602253745545204e-01 6.698363502508479506e-02 3.529874482187021840e+03 2.585889807608734827e+02 2.704159500506185587e+00 4.135755314013973839e+04 2.068328315689011652e+04 1.167474229694079258e+04 1.750847076319791995e+03 1.264901160807680981e+03 9.833765198927676465e+03 1.563476369852455537e+04 5.309245250067860411e+00 5.174782814947185283e-01 1.120358730707486859e+06 1.459030675754988100e+06 5.299088347517359665e+01
            v2_turb_10.0_25824.dat 1.183827170315168598e+00 5.772222518343820413e-02 2.894694966147362265e+03 2.228477990643329179e+02 2.655139183295934124e+00 3.606756189875565906e+04 1.157821065733184150e+04 9.505263912966822318e+03 1.425244781825721930e+03 1.075782936977915369e+03 8.499446765565595342e+03 1.533009107793940711e+04 4.737140338749829205e+00 4.675110667868573322e-01 9.489618329740692861e+05 1.249029920865743188e+06 5.204938655093169331e+01
            v2_turb_10.0_53407.dat 9.735322398647553443e-01 6.157161971079583296e-02 3.317662676320076116e+03 2.325465433048022135e+02 2.675117934960616672e+00 4.022474761451710947e+04 9.845793949210905339e+03 1.129979953203319565e+04 1.544375557970745831e+03 1.115241652179570565e+03 9.210338233573595062e+03 1.541738342333444962e+04 4.709807189566173946e+00 4.666381803033714526e-01 9.812816238818855491e+05 1.273276799309090013e+06 5.344755570034545400e+01
             v2_turb_10.0_7055.dat 1.016158629098238064e+00 7.133732358800783102e-02 3.846546892967818621e+03 2.841890482500204484e+02 2.460432445922904332e+00 4.831692322197128669e+04 1.570702810297544602e+04 1.277541184490888372e+04 1.761971255046884835e+03 1.342299140083547172e+03 1.001747421478871547e+04 1.571581639364677903e+04 5.751126957930317474e+00 5.482995355267903381e-01 1.176935293654624838e+06 1.533431764037834248e+06 5.206509883936616490e+01
             v2_turb_11.0_1633.dat 1.574672399189716021e+00 5.420448559460054605e-02 3.637235810060936728e+03 2.533768633265598282e+02 2.606336283103542595e+00 3.858569917338507366e+04 1.019959228517556767e+04 1.315032771111399052e+04 1.508655974498134810e+03 1.017978050790855150e+03 1.107064902818262090e+04 1.593479330635916449e+04 5.094971752116147279e+00 5.170145486625417064e-01 8.606780395441795699e+05 1.218259388002822176e+06 5.355323750405174366e+01
            v2_turb_11.0_25765.dat 2.012487967401560773e+00 4.878037868232332902e-02 2.865417337568893345e+03 2.246202024314649748e+02 2.577215032595128630e+00 3.298029900571455801e+04 9.116385103004031407e+03 1.070874953584680770e+04 1.318920889805167462e+03 9.079745274939456294e+02 9.400773893507866887e+03 1.580241074503204800e+04 4.293953523652912274e+00 4.324535233666823575e-01 7.782777057418560144e+05 1.094923956013562158e+06 5.369707385380438325e+01
            v2_turb_11.0_37345.dat 2.071857794171716449e+00 4.011922691206823433e-02 3.129806945375003579e+03 2.429464565881791032e+02 2.492446176942165970e+00 3.498660860526989563e+04 1.304163118655460858e+04 1.158912244829110205e+04 1.409478012378354606e+03 7.640550926964677956e+02 1.096411993147029170e+04 1.583407495330673919e+04 4.671658987978795530e+00 4.829101870524725726e-01 6.298865523058633553e+05 8.958660457296575187e+05 5.397375507210441725e+01
            v2_turb_11.0_41193.dat 1.458836527222263868e+00 5.011479480600387199e-02 2.647416379636792954e+03 2.035216027815112625e+02 2.315860304401560210e+00 3.286850103586116165e+04 1.413506691484771727e+04 9.423991201904022091e+03 1.400364406225133052e+03 9.360841847065709089e+02 7.815501787504352251e+03 1.544550937552323921e+04 4.146649960087537501e+00 4.091538544171267056e-01 8.291503195680414792e+05 1.123895742399746552e+06 5.297042477246241532e+01
            v2_turb_11.0_43724.dat 1.930355955115839572e+00 3.965770838978530805e-02 2.776045014900516890e+03 2.149473112294892587e+02 2.282275233816885240e+00 3.061521584485087806e+04 9.243488082566269441e+03 1.077957987812426654e+04 1.150486957150226999e+03 6.892165819291192292e+02 8.408270715897304399e+03 1.536964609128087432e+04 3.936232179730021041e+00 3.949484118966999913e-01 5.874329001286643324e+05 8.786662663650541799e+05 5.387399182625622274e+01
            v2_turb_11.0_59287.dat 1.524463310839168084e+00 5.757363140811740804e-02 3.626115374524128129e+03 2.597372267376767354e+02 2.715760686031734483e+00 4.040716817010103841e+04 1.257580996335301461e+04 1.301045229738479975e+04 1.664929595217981159e+03 1.084623217758469309e+03 1.046743563042509049e+04 1.592649274612131376e+04 5.356721578976541664e+00 5.336861557028648173e-01 9.204502129526273347e+05 1.281529899560300633e+06 5.365221209429896732e+01
            v2_turb_12.0_23697.dat 1.966055988534891386e+00 2.549566666757528341e-02 2.925089037572366578e+03 2.201259312535109132e+02 2.675033203686318473e+00 3.254398700435813225e+04 1.603560130049615509e+04 1.081044263913444411e+04 1.199460603945710545e+03 4.465550723904231631e+02 9.831101956401937059e+03 1.541568973952389570e+04 3.966005030327125258e+00 4.231138757540810480e-01 3.439287006652645068e+05 5.366978443274875171e+05 5.387535673842899087e+01
            v2_turb_12.0_28003.dat 2.030045134365974224e+00 1.994624266758288425e-02 3.383800089362355266e+03 2.497316785130559822e+02 3.009191807739961977e+00 3.822291151279182668e+04 1.841095247239631863e+04 1.345078044212520217e+04 1.416697764604401982e+03 5.453283512742684707e+02 1.064468202587197629e+04 1.581906594209324794e+04 4.569367230808606628e+00 4.724773634375655784e-01 3.764686668391552521e+05 5.125702259711090010e+05 5.428749218729275583e+01
            v2_turb_12.0_29989.dat 2.164494820439778699e+00 2.666956056449918191e-02 3.182963035920108723e+03 2.342860969019538118e+02 2.666687432679318182e+00 3.336219979620000231e+04 1.323951981216401691e+04 1.184866223374133369e+04 1.221975028158727582e+03 4.985292159986523757e+02 1.029257584704547480e+04 1.570591686072996163e+04 4.163880429320320431e+00 4.360555114288405254e-01 3.784741515263334149e+05 5.912165128695798339e+05 5.362074175052740088e+01
            v2_turb_12.0_40278.dat 2.085693667919852778e+00 2.364814769143396694e-02 3.231255442373238566e+03 2.319738159784359652e+02 2.655420991963023614e+00 3.426980044696885307e+04 1.602634813536834372e+04 1.161755281452446980e+04 1.202901911235575881e+03 4.662804621738109176e+02 9.662452505202121756e+03 1.554629517202060379e+04 4.244202981577346101e+00 4.405602479415469674e-01 3.384864806339878705e+05 4.856919908407143666e+05 5.407756549162984783e+01
            v2_turb_12.0_56645.dat 2.308540446804377755e+00 1.533674782341691752e-02 3.119001699946221834e+03 2.353424681187386227e+02 2.563769510768119986e+00 3.201842707235371927e+04 9.928528484965381722e+03 1.081928736420411587e+04 1.105037225401323440e+03 3.987387115029509914e+02 1.025092878020695389e+04 1.560115890178931295e+04 3.973583605647837302e+00 4.226023467717849869e-01 2.819364261576784193e+05 3.907126263235690421e+05 5.367944653455861470e+01
             v2_turb_12.0_6007.dat 2.328265624822495106e+00 4.878375461203320052e-02 3.496584480783893923e+03 2.675507491676269751e+02 3.040764079815903465e+00 4.103845678140134260e+04 1.299125418869361420e+04 1.217347215460385451e+04 1.344088962480735063e+03 8.700386050951007064e+02 1.059789955472824113e+04 1.552092445086953558e+04 4.584682741082725776e+00 4.743883990962564079e-01 7.537657456355413888e+05 1.086811497105804738e+06 5.355137275418040588e+01
            v2_turb_13.0_24246.dat 2.541119590568988951e+00 2.687672294824086996e-02 3.658033950227084915e+03 2.619164745966260170e+02 2.809518895426727170e+00 3.744757401761785877e+04 1.603616710678745767e+04 1.238450846121456561e+04 1.286877593587830006e+03 4.335152531818260968e+02 1.104159143336300076e+04 1.562339873167829865e+04 4.537241121049836678e+00 4.849379591559939695e-01 3.276081562959251460e+05 5.466221817276763031e+05 5.343187584277065127e+01
             v2_turb_13.0_3219.dat 1.717764892842582825e+00 1.215816563633165606e-02 3.320806172703471020e+03 2.107188882054388728e+02 2.882709945200677915e+00 3.313961186961251224e+04 1.762650627250985781e+04 1.112924588773286996e+04 1.039641894371384524e+03 2.329020004035016029e+02 9.849798775737572214e+03 1.546974030311519346e+04 3.781484916650727168e+00 4.061945591965009927e-01 nan 1.357742859099472407e+05 5.326625154823666008e+01
            v2_turb_13.0_59662.dat 2.484975457498065587e+00 1.499131867087406464e-02 3.927710359288262680e+03 2.802034618541171653e+02 3.060800715087214297e+00 4.129537832182076818e+04 1.953157173374326885e+04 1.385871274896702198e+04 1.243781058979406453e+03 2.982640273264601092e+02 1.123104258477424810e+04 1.549154587871030526e+04 4.587220780788598518e+00 4.923304053947062942e-01 nan 1.662501948576787836e+05 5.311440197049503098e+01
            v2_turb_13.0_63909.dat 3.029935540235069613e+00 1.535138567652220669e-02 3.591050553345347907e+03 2.996115015518798828e+02 3.203724301311417388e+00 4.176065896642544249e+04 1.395163095478863579e+04 1.440859614127117857e+04 1.339000534380465524e+03 4.280156762414710556e+02 1.216039486474606747e+04 1.562865618682506101e+04 5.015687844274833829e+00 5.409303731417026695e-01 2.801524619041811093e+05 3.565814343742014607e+05 5.340019210099423930e+01
            v2_turb_13.0_64836.dat 2.794514808424446883e+00 1.239804129416328601e-02 3.230803070584459874e+03 2.674581185488633537e+02 2.974067119346548882e+00 3.606894660461874446e+04 1.626240180678575598e+04 1.138242567403562316e+04 1.120122676704795595e+03 3.834059827800386415e+02 1.029018034743814314e+04 1.550972346735728388e+04 4.101111256427615537e+00 4.406471681841045429e-01 2.854130767686887993e+05 3.453089989597778767e+05 5.338225000485968508e+01
             v2_turb_13.0_6610.dat 1.807002964275380208e+00 1.284565654000751136e-02 3.789636182061837644e+03 2.450794900071927884e+02 3.055184806945277831e+00 3.935440079254468583e+04 2.221631751157401231e+04 1.433594142477976311e+04 1.443940004930530222e+03 2.583326337255186900e+02 1.179069102813874997e+04 1.561176202299825491e+04 4.616159070085410043e+00 4.982623236970852854e-01 nan 1.456736713874082197e+05 5.330689398257138123e+01
            v2_turb_14.0_17103.dat 2.942453980067211372e+00 2.648352203224813017e-02 4.202361921166450884e+03 2.874448585695629390e+02 3.241711024609831071e+00 4.220266216057806741e+04 2.025646389930708028e+04 1.455624792301302659e+04 1.366088869441158067e+03 4.536094417689175202e+02 1.307227523351128548e+04 1.589791251387263583e+04 5.197305480357651497e+00 5.583440214439965299e-01 2.547243782935827621e+05 4.953010934376782388e+05 5.283511478389397098e+01
            v2_turb_14.0_33723.dat 2.312513636545431073e+00 1.084752749049232995e-02 2.997793156389980595e+03 2.107293234404945963e+02 2.910585217382214651e+00 3.227945925118065134e+04 1.497276391933123523e+04 1.032842100500613560e+04 1.052116897060135443e+03 2.291997417186381085e+02 1.020987762352922437e+04 1.532264915391397699e+04 3.815554919113377963e+00 4.147651873746097118e-01 nan 1.232680992175216670e+05 5.318101267287670453e+01
            v2_turb_14.0_34311.dat 2.026844855883863872e+00 1.328300716160233513e-02 3.206332855151809781e+03 2.155033031323054047e+02 3.438448582349457716e+00 3.401635108980509540e+04 1.782208900961080144e+04 1.165546305003547059e+04 1.190063059573572673e+03 2.570879449084977182e+02 1.135198998657094126e+04 1.544331451764933445e+04 4.340251460668827832e+00 4.794421522135216551e-01 nan 1.495203924566478818e+05 5.292831309145877583e+01
            v2_turb_14.0_46217.dat 1.947358182501378598e+00 1.171542540823091241e-02 2.863987082957452913e+03 1.808738723062084830e+02 2.891928645258604824e+00 2.787536047469240293e+04 1.112563920899385812e+04 9.632174768556014897e+03 9.462146678251139065e+02 2.234032257163659665e+02 9.666727605468619004e+03 1.541734717641037423e+04 3.595016804350772865e+00 3.950426677846757273e-01 nan 1.303569107066689758e+05 5.300340814832787828e+01
             v2_turb_14.0_7720.dat 2.185608258016716654e+00 1.423974215092117281e-02 3.498823800158034373e+03 2.212413863739827491e+02 3.080518633675467743e+00 3.601009519237688073e+04 1.584772769527254059e+04 1.378064748328655151e+04 1.214592924479829207e+03 2.871821902987770727e+02 1.112115174028502224e+04 1.544558491406022586e+04 4.460372084616832211e+00 4.870421552170650648e-01 nan 1.587335494941012585e+05 5.271920228628773231e+01
             v2_turb_14.0_8754.dat 2.627938119389856109e+00 1.514403413790012254e-02 3.496784658710456370e+03 2.434394733769840116e+02 3.062775998751557260e+00 3.713181819991838711e+04 2.026107948806587592e+04 1.273521713821565572e+04 1.146549295092344892e+03 2.764299712359547812e+02 1.126847692427939000e+04 1.567504848042698904e+04 4.140183211993648804e+00 4.543008266671849649e-01 nan 1.665451066040458973e+05 5.309243879581235603e+01
            v2_turb_15.0_10279.dat 1.876289948276368857e+00 1.744518209377292350e-02 4.338724077250374648e+03 2.483465299946565210e+02 3.558748668306667362e+00 3.763334362684314692e+04 1.666689818931258924e+04 1.296171327862202088e+04 1.226539303376158387e+03 3.361851572916334021e+02 1.284160835383421363e+04 1.577239852216666804e+04 4.743720233744752157e+00 5.246142017897816867e-01 nan 1.919191481615282246e+05 5.239916001790439992e+01
            v2_turb_15.0_22297.dat 2.069235303232705547e+00 1.833046647378495236e-02 4.387434234055756860e+03 2.558423908123113506e+02 3.626437619058027639e+00 4.138963804641114984e+04 1.461939658332123872e+04 1.572745021698816890e+04 1.363029400336639355e+03 3.794306917144975841e+02 1.363511452245204782e+04 1.585412326389715963e+04 5.084863513172630967e+00 5.587607823077842539e-01 nan 2.057617782230673474e+05 5.253778675037940360e+01
            v2_turb_15.0_25148.dat 2.393923206578673302e+00 1.485993084014612664e-02 3.362654627866726059e+03 2.057195204313151748e+02 2.906597835447744860e+00 3.226113906587288147e+04 1.794595131375010897e+04 1.128152443163626231e+04 1.091328555759098208e+03 3.118264765356340718e+02 1.040747122732100615e+04 1.534106369146960969e+04 3.988277586107014550e+00 4.439943884918990946e-01 nan 1.652052610983266786e+05 5.239658631734522487e+01
            v2_turb_15.0_33167.dat 1.884742224179187131e+00 1.770423948702583988e-02 4.452183506682717962e+03 2.434554444818655270e+02 3.538083097282195943e+00 4.172924428575915226e+04 1.808162912710158707e+04 1.565090644452421111e+04 1.436754461631436243e+03 4.032262333639055782e+02 1.303226580294047562e+04 1.571535288047180438e+04 4.767166553099698945e+00 5.170269888249682255e-01 nan 1.973149691368923231e+05 5.250734854704902688e+01
            v2_turb_15.0_41424.dat 2.094741346941930704e+00 1.709612155334728004e-02 4.333114868921647030e+03 2.563378211903836927e+02 3.494441173953197755e+00 4.188674745011042978e+04 2.401293286450083906e+04 1.390523635700354862e+04 1.375397533250124070e+03 3.421701230605127080e+02 1.286879893791820905e+04 1.564696655455667860e+04 4.753059045894889145e+00 5.204949647258403367e-01 nan 1.930570188537096838e+05 5.262508728017231618e+01
            v2_turb_15.0_57600.dat 1.892563228515957929e+00 1.391635397503352203e-02 3.613531982685686216e+03 2.018125149091184767e+02 3.330134670020151955e+00 3.325968162162816589e+04 2.012247147988127836e+04 1.222603905753732761e+04 1.105446222822683012e+03 3.112957829827631713e+02 1.112021675384169612e+04 1.538501943537625993e+04 4.033518111629848413e+00 4.431724598799007264e-01 nan 1.557849369412510423e+05 5.237498794899704535e+01
            v2_turb_16.0_19655.dat 1.771433162728973665e+00 1.752204804556569198e-02 4.049889245824257614e+03 2.204691391968427467e+02 3.787371148643073226e+00 3.743562898474335088e+04 2.388052960603494648e+04 1.266490478025988341e+04 1.260050066722495103e+03 3.777424038183006019e+02 1.123287668369199309e+04 1.564110327612270339e+04 4.333190197546950451e+00 4.783528059469451810e-01 nan 1.948118385900530266e+05 5.238461495599310069e+01
            v2_turb_16.0_45772.dat 2.062913612107217798e+00 2.017429208600458879e-02 4.855878051229591620e+03 2.643291534708240533e+02 3.829079722773539363e+00 3.972217224497878487e+04 2.049839711765091488e+04 1.460195256309334764e+04 1.405229246742321266e+03 4.434280873741645905e+02 1.335604185398022310e+04 1.570064361795956029e+04 4.906566216489088639e+00 5.402680206776815375e-01 nan 2.252549536794662417e+05 5.204370334658897690e+01
            v2_turb_16.0_55975.dat 2.317386824157448455e+00 1.837457352958789605e-02 4.402665521825503674e+03 2.489136986662593642e+02 3.520923927164274492e+00 3.926255036701130302e+04 1.742771757790946140e+04 1.466647096963303920e+04 1.339191330559249764e+03 3.992402884664741691e+02 1.244373247489039022e+04 1.582392023881271598e+04 4.979627289514549915e+00 5.474843819680637047e-01 nan 2.084175991335053695e+05 5.232630971449279400e+01
             v2_turb_16.0_5616.dat 1.766559232806806712e+00 1.480401608186479763e-02 3.791063485754124940e+03 2.031791522908262095e+02 3.512330088751254298e+00 3.277552428397052427e+04 2.045976340779564271e+04 1.187602476529739215e+04 1.204628440190148922e+03 3.536769632182640066e+02 1.119550248530727913e+04 1.541476425757585821e+04 4.086179008703748394e+00 4.549476124529543419e-01 nan 1.637800238067254541e+05 5.219116412486523870e+01
            v2_turb_16.0_56353.dat 1.798426772941762231e+00 1.780706847811784274e-02 4.059619926576934631e+03 2.233579027923281046e+02 3.409068525784255232e+00 3.489464060346349288e+04 2.162017431857154588e+04 1.216702224580282200e+04 1.291337216075225797e+03 3.645901692301364960e+02 1.200783219769597417e+04 1.549863350426703073e+04 4.372413688557175604e+00 4.899535366981124795e-01 nan 1.968135956174801686e+05 5.228973289780773115e+01
             v2_turb_16.0_7031.dat 1.931330149368785554e+00 1.407552226200635415e-02 4.028357294447506320e+03 2.108522871970999688e+02 3.405645272502693111e+00 3.423835728396355262e+04 2.312698319892931249e+04 1.229873463643524519e+04 1.285656793151042166e+03 3.426004469462886277e+02 1.196798744806678769e+04 1.551050338771336101e+04 4.146016755649708507e+00 4.618592809046548897e-01 nan 1.615383541114448162e+05 5.208571555499619876e+01
            v2_turb_17.0_20390.dat 2.031186647253089284e+00 2.100598180392558231e-02 4.998143135500897188e+03 2.512763659022600962e+02 4.067156328081019012e+00 4.126487504278324195e+04 2.451741015447511381e+04 1.615208236061163916e+04 1.553197347378453514e+03 4.901165044980756988e+02 1.432075064322812796e+04 1.606326947440314325e+04 5.068872405808336090e+00 5.612318357333960783e-01 nan 2.377828556148612988e+05 5.201889738138636687e+01
            v2_turb_17.0_37683.dat 1.991498897554262237e+00 1.774482148276839560e-02 4.351519620321820184e+03 2.183074549767412691e+02 3.484312399964751172e+00 3.576387327534658834e+04 1.599871843399301724e+04 1.286099472493207395e+04 1.286529443497915508e+03 4.393436922521041197e+02 1.301493035507968307e+04 1.560046778386640290e+04 4.472847308736321637e+00 5.017477043856285457e-01 nan 1.969117009228665556e+05 5.180575174828680929e+01
            v2_turb_17.0_45521.dat 1.904903903119368191e+00 2.107220626159427707e-02 4.722600813127024594e+03 2.400653596730753918e+02 4.186781890767983683e+00 3.730179244094057503e+04 1.856847863658237839e+04 1.432121271602136585e+04 1.312013881568403349e+03 4.657084695537687935e+02 1.336049739711105030e+04 1.574644176824265378e+04 4.928005074465179547e+00 5.460023354333443102e-01 nan 2.338687392648315581e+05 5.170876039528653934e+01
            v2_turb_17.0_49865.dat 1.829634680383527279e+00 1.874366517981726141e-02 4.782352795981551026e+03 2.451258169258120461e+02 3.765963053639778124e+00 4.046052823860511126e+04 2.245352513965504113e+04 1.383464858317710241e+04 1.328509112660385654e+03 4.354537469707709647e+02 1.275001782694809481e+04 1.585392973629298103e+04 4.606928594667185628e+00 5.080883412801836529e-01 nan 2.116465780778008921e+05 5.213559277556383620e+01
            v2_turb_17.0_60465.dat 2.080649359080166239e+00 1.390011413853318653e-02 3.368752539576993513e+03 1.817059619999959068e+02 3.041523430152277108e+00 3.122998560284439372e+04 1.531132482647096003e+04 1.154516379790714382e+04 1.068571798377880214e+03 2.986138210883149213e+02 1.081346686124225926e+04 1.508867540336960155e+04 3.832273818282374567e+00 4.320355345698864147e-01 nan 1.564400524481718312e+05 5.204812676467947341e+01
             v2_turb_17.0_7334.dat 2.145054280104512934e+00 1.967526955971417649e-02 4.655514137253353510e+03 2.379613598988474905e+02 3.812242341329538764e+00 3.957072208216221770e+04 1.825253302313536187e+04 1.433625852445696546e+04 1.262575763606782857e+03 4.122545494762456428e+02 1.243583705448218279e+04 1.561830956007685745e+04 4.604929435159283990e+00 5.093121515130747401e-01 nan 2.174936899383798591e+05 5.205868588501993344e+01
            v2_turb_18.0_25103.dat 1.693444597534998097e+00 2.218578846588130371e-02 5.222833245252930283e+03 2.485713119620875204e+02 4.052102701614337832e+00 3.815231370635994972e+04 1.778520088599729934e+04 1.449546417588274744e+04 1.425169348886544640e+03 4.908646343610569147e+02 1.391372653914632247e+04 1.584218784220559246e+04 4.868744123681842950e+00 5.467195418172379195e-01 nan 2.462461659188678605e+05 5.148662049111459282e+01
            v2_turb_18.0_27317.dat 2.208365118492037205e+00 2.368884620036370431e-02 5.328019267672730166e+03 2.618309422634609405e+02 4.246455317833627063e+00 4.173294028410051396e+04 1.706423745950728335e+04 1.491718074937768142e+04 1.361179575642560621e+03 4.983509479404661988e+02 1.401238359378344103e+04 1.591415362593340797e+04 4.846052599255316728e+00 5.391694509087303633e-01 nan 2.627893681205617031e+05 5.166210321164894737e+01
            v2_turb_18.0_28016.dat 2.845187343327483909e+00 1.958674933696917531e-02 4.418421894227907615e+03 2.334030698017228360e+02 3.936584253350183360e+00 3.503552662371463521e+04 1.947505344177239385e+04 1.257859059438245822e+04 1.196661788572957676e+03 4.120797787980286557e+02 1.240377972521632000e+04 1.548657602020807826e+04 4.509652147309842540e+00 5.051904751835506469e-01 nan 2.183664974256434070e+05 5.155540431841668436e+01
            v2_turb_18.0_34558.dat 1.817058504835562083e+00 2.251128707421382394e-02 5.579825676933088289e+03 2.704423829008011353e+02 4.172182179831635196e+00 4.505205937470390927e+04 3.283828366522791475e+04 1.615206687673946726e+04 1.680483130702676362e+03 5.491704937666906972e+02 1.483707286659005877e+04 1.609671659050720154e+04 5.389758608071402612e+00 6.001468384481671858e-01 nan 2.575712093536214670e+05 5.158385799173760233e+01
            v2_turb_18.0_46192.dat 1.813709445331842529e+00 2.111741370216510191e-02 4.742913730076037609e+03 2.236990815949721423e+02 4.020961990336122227e+00 3.780095389082780457e+04 1.943868524264232474e+04 1.363903448158366336e+04 1.291809040930744004e+03 4.574322384317953265e+02 1.351903357116636653e+04 1.575403871547301242e+04 4.610898159614881919e+00 5.162847197418477529e-01 nan 2.315811162777792488e+05 5.162623429973791644e+01
             v2_turb_18.0_8966.dat 2.089465850789089973e+00 2.169611030437257684e-02 4.794273992513754820e+03 2.361405156871306303e+02 3.956504254403621967e+00 3.912532464487648394e+04 1.947401455445680040e+04 1.492122306716246385e+04 1.306734939084420148e+03 4.676686840152906939e+02 1.336387084544756908e+04 1.573185115782654429e+04 4.680313139569093117e+00 5.241634939208861255e-01 nan 2.408187018939942354e+05 5.165332803100719872e+01
            v2_turb_19.0_17843.dat 1.901139099316759618e+00 2.141712033472474921e-02 5.048434897200472733e+03 2.326476439513652963e+02 4.287214326641072937e+00 4.025341641197595163e+04 2.282826176664411105e+04 1.471132038533932791e+04 1.336283624737274749e+03 4.999587533221920808e+02 1.387346252851648569e+04 1.561064106131229710e+04 4.852615044520758758e+00 5.505227379301353974e-01 nan 2.441160030128440412e+05 5.129570738585186263e+01
            v2_turb_19.0_20935.dat 2.137315951270081005e+00 2.444860994437355814e-02 5.954716529654075202e+03 2.741487228694003875e+02 4.173678549660263748e+00 4.647006100696717476e+04 2.494943144000081156e+04 1.630353765641713471e+04 1.513195138815364089e+03 5.921384430331413569e+02 1.578560067291065388e+04 1.616186799657590745e+04 5.412029015292073808e+00 6.055998702430096525e-01 nan 2.689997371501403395e+05 5.126544881811206267e+01
            v2_turb_19.0_33144.dat 1.536321347549056915e+00 2.270892799991955022e-02 5.740786173131116811e+03 2.570801580465641791e+02 4.286893903277499973e+00 4.371095658230325353e+04 2.292270320719030497e+04 1.549987691753520085e+04 1.501824268966833642e+03 5.731064577289657791e+02 1.509533979909430309e+04 1.603998627505911099e+04 5.414445553090756924e+00 6.071483617307095182e-01 nan 2.557726703773529152e+05 5.131016401746942535e+01
            v2_turb_19.0_51363.dat 1.954549773089477194e+00 2.228296272780949314e-02 5.069594199188766652e+03 2.397418986570583286e+02 3.879438568150510580e+00 3.993419495945787639e+04 2.266280782793877370e+04 1.435210913663912652e+04 1.449272412290853481e+03 4.825501006750026249e+02 1.446579031500357087e+04 1.581618265342979794e+04 5.100373947374960970e+00 5.791796988462144524e-01 nan 2.496761355064840172e+05 5.137017395487104920e+01
            v2_turb_19.0_56307.dat 1.992345070561673648e+00 2.062987292393730215e-02 5.085073158950953257e+03 2.362922414763088170e+02 4.099255576218613584e+00 3.906136173693693854e+04 2.190634158963674417e+04 1.410002748668169806e+04 1.426680328678417254e+03 4.697510769886633284e+02 1.402825397590301691e+04 1.590816180333001648e+04 4.868764506006441728e+00 5.493062963488337669e-01 nan 2.286858112441847043e+05 5.138475270825449570e+01
            v2_turb_19.0_63447.dat 1.989828366384135405e+00 1.853614951969549327e-02 4.290152344668835212e+03 2.034009663875545471e+02 3.734890839122304573e+00 3.397607216764931218e+04 1.683773334453524512e+04 1.258182281582217001e+04 1.151172007068289531e+03 4.136662202681580425e+02 1.274345951263666029e+04 1.544749165917938990e+04 4.382043758723590976e+00 4.963524895898787648e-01 nan 2.061944349008678982e+05 5.145048281954080238e+01
            v2_turb_20.0_20852.dat 2.049435823959008918e+00 2.544675426532598192e-02 5.625653852448036560e+03 2.591321325268385181e+02 4.042158392540682321e+00 4.225620009440847207e+04 2.372028735477082591e+04 1.568926141810618356e+04 1.462856473646416362e+03 5.749759299304464548e+02 1.478007553102755992e+04 1.582751814334215669e+04 5.214247727694659496e+00 5.883727700866273613e-01 nan 2.803656939353896305e+05 5.123497300168833846e+01
            v2_turb_20.0_25497.dat 1.778572823604188669e+00 2.393361290483977943e-02 5.130771730106462201e+03 2.361242895142602833e+02 4.223218072434096193e+00 3.907597396391434449e+04 2.352845322725132428e+04 1.462778362797822592e+04 1.330754543397492398e+03 5.296086138114598043e+02 1.407968954970393133e+04 1.556514512517890580e+04 4.971571197403505060e+00 5.630535095426814074e-01 nan 2.691893259957550326e+05 5.116187758893313742e+01
            v2_turb_20.0_29025.dat 2.108564036613334913e+00 2.621549115165779098e-02 5.721418667490709595e+03 2.543614119445147423e+02 4.055249480000576945e+00 4.045492001955266460e+04 2.193281360857370964e+04 1.549243521597381914e+04 1.394068791153567190e+03 5.766650329857361612e+02 1.508945604947227730e+04 1.584046622834881418e+04 5.076771257252458369e+00 5.743666597235481674e-01 nan 2.909485713251472916e+05 5.096655011108597932e+01
            v2_turb_20.0_43745.dat 2.211901445813997835e+00 2.180709756591293902e-02 5.493019852063991493e+03 2.383134822569491007e+02 4.078564877851162507e+00 3.788594451146446954e+04 2.306205946799314188e+04 1.317245448498788937e+04 1.248588227546235203e+03 5.080593503977567593e+02 1.331727369146879573e+04 1.563601541081179130e+04 4.504240753630874394e+00 5.101368086947273284e-01 nan 2.416281087592485419e+05 5.124698057106775906e+01
            v2_turb_20.0_51504.dat 1.973326460242324387e+00 2.831788773115578167e-02 6.977823742315352320e+03 2.936488605530845462e+02 4.677535111214777608e+00 4.948969580292275350e+04 2.865673929705142655e+04 1.787535088093744343e+04 1.653774406028144540e+03 6.986077887907074455e+02 1.614762706653097484e+04 1.650829304730347940e+04 5.602622717115536055e+00 6.217314110600054011e-01 nan 3.184434807208548882e+05 5.104594385864769635e+01
            v2_turb_20.0_54726.dat 1.989815714362639820e+00 2.325333683200903057e-02 5.178492368791602530e+03 2.272981078325708211e+02 3.968548496287136018e+00 3.846764120824362180e+04 2.200030820682801641e+04 1.283827261408366758e+04 1.265992763721830215e+03 5.042819973651517671e+02 1.294275170770205659e+04 1.565219701739727316e+04 4.516812762396564374e+00 5.091349934451905312e-01 nan 2.578008310463855742e+05 5.134117470593584898e+01
            v2_turb_21.0_25181.dat 1.919688230059088507e+00 2.748095230674580530e-02 6.566678773760711920e+03 2.705202538488883874e+02 4.478660275040697414e+00 4.484021795776582439e+04 2.667842540726737207e+04 1.620879408582977339e+04 1.584002370511983145e+03 6.402762111017722191e+02 1.571118786770066981e+04 1.629818678036977508e+04 5.157066589181477312e+00 5.805583692729434642e-01 nan 3.097388965871248511e+05 5.092977953275033798e+01
             v2_turb_21.0_3963.dat 1.906595105174197835e+00 3.433710633686588853e-02 8.197901870942969254e+03 3.436047556083587438e+02 5.348094940931872543e+00 6.172843373274701298e+04 4.180751039692736958e+04 2.098318101408872462e+04 2.168588458052370697e+03 8.628798966697842161e+02 1.838799084503726772e+04 1.715845341693185037e+04 6.877837264150278074e+00 7.618357647848795766e-01 nan 3.833689324642068823e+05 5.093883477304829910e+01
            v2_turb_21.0_42162.dat 1.897383212105615780e+00 2.597525507795314312e-02 5.620964853390887583e+03 2.347191004048962384e+02 4.422868010467495559e+00 4.060945068010022078e+04 2.804732353764459549e+04 1.498359405887838693e+04 1.493837869073236789e+03 5.885528542183704985e+02 1.446812742556202829e+04 1.585825467242115519e+04 4.872102365951164415e+00 5.510105361300657867e-01 nan 2.912855166678300011e+05 5.090145355252150239e+01
             v2_turb_21.0_5160.dat 1.756098095589450736e+00 2.751120847808863346e-02 7.246195639354581544e+03 2.953208007912899120e+02 5.218347514325338388e+00 5.091336381274598534e+04 2.639293170741056747e+04 1.854070023032742392e+04 1.758626235775744590e+03 7.350230870344433924e+02 1.681999596035599825e+04 1.648316694578931492e+04 5.705354519977967165e+00 6.387261239445075622e-01 nan 3.124558056152652134e+05 5.093311401100768165e+01
            v2_turb_21.0_57341.dat 2.193672624922590408e+00 3.044283662619447911e-02 7.323727637105294889e+03 3.054086095560498393e+02 4.941200060269467897e+00 5.070090145310587104e+04 2.598273986157609397e+04 1.829472225146862183e+04 1.681803941504815384e+03 7.019177223579347356e+02 1.743609932138010117e+04 1.634180807030738833e+04 6.062298943403280127e+00 6.854005476959675880e-01 nan 3.376301505848622182e+05 5.074871217044387350e+01
            v2_turb_21.0_61500.dat 2.041938036566396164e+00 3.005485274665774947e-02 7.332853947862994573e+03 3.065382774906721011e+02 4.967715240919389430e+00 5.115341371252998215e+04 2.664372328358779123e+04 1.838566493742004604e+04 1.780847102538137733e+03 7.218211995741926330e+02 1.629150782295118370e+04 1.630882762507009465e+04 5.684029389218688166e+00 6.328617534954701362e-01 nan 3.346260448365841876e+05 5.089947005612237518e+01
            v2_turb_22.0_29503.dat 2.302727578590594071e+00 2.623253542684839471e-02 6.808242201386660781e+03 2.737814300396883027e+02 4.696134620851001529e+00 4.771050055362074636e+04 3.020999129339809224e+04 1.663225378132854166e+04 1.701092658362428210e+03 7.068426894476393727e+02 1.600680835951960762e+04 1.607361470587588155e+04 5.692669060298608308e+00 6.432112565590814013e-01 nan 2.986607114658630453e+05 5.059981876703640324e+01
            v2_turb_22.0_40013.dat 1.924350400797662619e+00 3.007180851197062410e-02 6.715683951717509444e+03 2.721826589731553554e+02 4.848650663183378562e+00 4.533030874282264995e+04 2.764931345359569605e+04 1.727337673577028181e+04 1.651137241021735463e+03 6.846254078852324483e+02 1.602329808092914755e+04 1.618511055499216673e+04 5.502621919678928997e+00 6.215504987742017651e-01 nan 3.327600493142569321e+05 5.073221724489352624e+01
            v2_turb_22.0_40231.dat 1.534467931587214062e+00 2.607690403119389613e-02 6.868375277400504274e+03 2.696508736989920294e+02 4.774354948593388492e+00 4.881576800236266718e+04 3.531762719265674968e+04 1.612646289061707648e+04 1.733275938755765992e+03 6.978110717213445469e+02 1.598859454017170356e+04 1.585894856340304796e+04 5.501769002750370063e+00 6.199748318275699610e-01 nan 2.962197915680175647e+05 5.062107264488474812e+01
            v2_turb_22.0_41304.dat 1.777740177250641151e+00 2.582726981725933652e-02 6.131584952818443526e+03 2.426691434980882036e+02 4.341444248395739613e+00 4.113413545227274881e+04 2.641255152719383841e+04 1.484890894719543030e+04 1.471444914323308694e+03 6.308765017023678183e+02 1.507128280532334429e+04 1.578733190914346960e+04 5.155410178199892890e+00 5.826524128007591896e-01 nan 2.909304315626692842e+05 5.066247551709656705e+01
            v2_turb_22.0_47014.dat 1.736876151047445083e+00 2.951080161166681759e-02 7.343588331480704255e+03 2.849411782681577279e+02 5.125922772580712383e+00 4.611058274674086715e+04 3.862037687081102922e+04 1.665584556571162102e+04 1.777633734808656754e+03 7.357076784668824985e+02 1.687688372882087060e+04 1.639269105902792944e+04 5.549635619276612530e+00 6.238867072748438547e-01 nan 3.310177086291727028e+05 5.070557749348370891e+01
            v2_turb_22.0_52742.dat 2.076737335856435607e+00 2.965939011419767637e-02 6.554424810070905551e+03 2.568106439218661308e+02 4.666484293515769544e+00 4.643708696851318382e+04 3.057538205776227551e+04 1.633617796281347364e+04 1.637137288825236737e+03 6.797806276997403074e+02 1.693087278676227288e+04 1.625937389714552410e+04 5.534617479415000929e+00 6.309094256641142318e-01 nan 3.320914989105871646e+05 5.050575031267820947e+01
            v2_turb_23.0_18883.dat 2.182995079402144878e+00 3.207362508735116247e-02 7.717036980026845413e+03 2.923069970331368381e+02 5.348362159458784681e+00 5.174404382906934188e+04 3.493096929342433577e+04 1.787385105527078122e+04 1.847638867245972733e+03 8.047428650638978525e+02 1.708449665991664733e+04 1.646309448797409641e+04 6.011966447447552042e+00 6.785911387414360618e-01 nan 3.570049902221124503e+05 5.049971036480715725e+01
            v2_turb_23.0_31026.dat 1.931051638123773673e+00 2.923358433369913773e-02 6.997294583383349163e+03 2.659597544278022383e+02 4.650565334707438048e+00 4.963728045789982571e+04 3.336898179977759719e+04 1.748109953666324509e+04 1.674363289067642199e+03 7.295299991553657719e+02 1.608601776064177102e+04 1.583995302110136072e+04 5.431221455344985571e+00 6.114087651881771057e-01 nan 3.252042906830537249e+05 5.055957697095218606e+01
            v2_turb_23.0_36127.dat 2.250210842525211419e+00 3.471034778474797744e-02 7.949542218143972605e+03 3.138415513038423228e+02 5.201411876242435284e+00 5.819792081288331246e+04 3.563070727134768094e+04 1.961142424855811259e+04 1.938352848173618668e+03 8.172361001051292533e+02 1.771951266787291752e+04 1.690068260950176045e+04 6.180977903061875445e+00 6.915734886327304931e-01 nan 3.857587828327768366e+05 5.049243214811212255e+01
            v2_turb_23.0_49683.dat 1.959424593590092911e+00 3.223878673361756791e-02 7.935878111115861429e+03 2.999070974271865566e+02 5.072821558773113360e+00 5.381179840975359548e+04 4.345251112352467317e+04 1.998481012517554336e+04 2.069507908967151252e+03 8.125335208012430712e+02 1.813069291789005365e+04 1.630168929703079993e+04 6.287284520870037419e+00 7.122875233345041801e-01 nan 3.654856838891188381e+05 5.040029889350087444e+01
            v2_turb_23.0_49834.dat 2.017320408127693199e+00 3.102574358298632387e-02 6.897600034660586061e+03 2.689896950105183464e+02 4.785103869162223411e+00 4.644427053704231366e+04 3.320793484546439140e+04 1.644460310560346261e+04 1.645575587866343540e+03 7.318199672061185765e+02 1.648992510421043335e+04 1.608441142958052114e+04 5.568714374548748403e+00 6.308764513149303088e-01 nan 3.491770309896857361e+05 5.044825288349582593e+01
            v2_turb_23.0_57680.dat 1.690342962000328519e+00 2.725900792012400653e-02 6.644100507630565517e+03 2.563983658767467659e+02 4.327224469665616802e+00 4.355589357031566033e+04 2.556030461420466236e+04 1.536623221549128175e+04 1.462838876917760217e+03 6.696148141924771835e+02 1.501805996091883753e+04 1.572727424932282156e+04 5.138508223238425821e+00 5.824898882999361982e-01 nan 3.076483505399968708e+05 5.055293705225566470e+01
            v2_turb_24.0_11244.dat 1.996063046425612386e+00 3.498890134670521596e-02 8.057713598818690116e+03 3.050966701123470557e+02 5.399207941114484655e+00 5.174912854183978197e+04 3.225796804167733353e+04 1.767837502300179040e+04 1.739406439611772157e+03 8.109882010200892637e+02 1.632083638778393288e+04 1.601712834817381190e+04 5.695319532489269143e+00 6.443717997649515139e-01 nan 3.917472909689869848e+05 5.032229247074289447e+01
            v2_turb_24.0_11250.dat 2.361262764158438721e+00 3.737448933578521593e-02 8.847476733775649336e+03 3.255579399866896324e+02 5.595079390287889254e+00 5.533612576671098213e+04 3.219243476006305718e+04 2.037947186271950704e+04 1.838728673651992267e+03 9.281893994929005203e+02 1.763513098672918932e+04 1.697247321291518529e+04 6.215709929511318954e+00 6.994283904479704495e-01 nan 4.250847534926422522e+05 5.038061523827774835e+01
              v2_turb_24.0_377.dat 1.958357181106874068e+00 3.538245732293859164e-02 8.298971500279352767e+03 3.082147585780625718e+02 4.702001605415199847e+00 5.044207051654402312e+04 2.807364507497820887e+04 1.774732701441720928e+04 1.631237796819208143e+03 8.183465332066904239e+02 1.693029881839970767e+04 1.688421373680161923e+04 5.990981859613476956e+00 6.784388674769445959e-01 nan 3.990029488576599979e+05 5.032795740743579671e+01
            v2_turb_24.0_44891.dat 1.978800036531393802e+00 3.845894102450889140e-02 8.834091865620350291e+03 3.229424754201514816e+02 5.751282355686993419e+00 5.790649321474117460e+04 3.125596400672423260e+04 2.060669865213854428e+04 2.000744689907895236e+03 8.918349834965177934e+02 1.834907385737335426e+04 1.654366637599100432e+04 6.706264837139631396e+00 7.490856651581184744e-01 nan 4.342708384820267092e+05 5.026550372576769377e+01
            v2_turb_24.0_50518.dat 2.186681992514360573e+00 3.008329542889059266e-02 7.793144372782669961e+03 2.834498503009819501e+02 4.969174480305007968e+00 4.839369043302469072e+04 3.402983961887773330e+04 1.688182284698709918e+04 1.711281490921805243e+03 7.995629134810247933e+02 1.563397013829812931e+04 1.613688916930927917e+04 5.419432166279771756e+00 6.105417414512495089e-01 nan 3.448003182708208333e+05 5.026313234602085345e+01
            v2_turb_24.0_60394.dat 1.991228611922220448e+00 3.337117334375158673e-02 8.255992030944120415e+03 3.113861039626312390e+02 5.277389180213524433e+00 5.442411868456953380e+04 2.905774464712574263e+04 1.955841508062494177e+04 1.917098856287691433e+03 8.434171594236739793e+02 1.858330993751258939e+04 1.670202679243739840e+04 6.519431776387134114e+00 7.356710348830202140e-01 nan 3.750944175384778646e+05 5.017983010624717366e+01
