Statistics: p01. Generated: 02/12/2021 09:15:51. No. files: 120.
                              File                       4                      10                      11                      13                      15                      17                      18                      20                      21                      25                      26                      27                      61                      64                      70                     100                     108
            v2_turb_05.0_21716.dat 5.349999999999999938e-04 5.826469899999999758e-01 -6.738978099999999927e+01 1.733899099999999862e+02 2.222987799999999847e+00 -1.361263299999999981e+04 -1.920847899999999936e+04 -1.336582400000000052e+04 -9.489109399999999539e+01 -3.106770500000000084e+03 -1.462663600000000042e+04 -1.210980099999999948e+04 1.475116000000001835e-02 3.649680299999999988e-01 0.000000000000000000e+00 3.404244900000002566e-05 1.665609599999999801e+01
            v2_turb_05.0_40322.dat 5.349999999999999938e-04 5.844249900000000331e-01 4.406914199999999937e+02 2.360738400000000183e+02 1.973588699999999863e+00 -4.882213899999999740e+03 -9.986459500000000844e+03 -1.197010900000000038e+04 4.661419000000000210e+02 -2.907210599999999886e+03 -1.435561100000000079e+04 -1.192180099999999948e+04 9.147129899999999481e-01 4.642105000000000259e-01 4.319890200000000186e+05 2.534393299999999872e+05 1.644769900000000362e+01
            v2_turb_05.0_43619.dat 5.349999999999999938e-04 5.832410000000000094e-01 5.111131599999999935e+02 2.447717099999999846e+02 2.154878999999999767e+00 -2.161160599999999977e+04 -1.453255999999999949e+04 -1.442672800000000097e+04 5.768695000000000164e+02 -4.051840599999999995e+03 -1.656805800000000090e+04 -1.212180099999999948e+04 -4.332783499999999788e-01 3.108470600000000084e-01 5.350363100000000559e+05 3.137020000000000000e+05 1.641628299999999996e+01
            v2_turb_05.0_47165.dat 5.349999999999999938e-04 5.840680000000000316e-01 4.168959800000000087e+02 2.289729700000000037e+02 2.461015900000000034e+00 -1.998709200000000055e+04 -1.382161499999999978e+04 -1.285291400000000067e+04 4.100794599999999832e+02 -2.391990200000000186e+03 -1.450941200000000026e+04 -1.201070200000000114e+04 -6.471618500000000385e-01 2.769862699999999789e-01 4.877350799999999581e+05 2.861622100000000210e+05 1.641949999999999932e+01
            v2_turb_05.0_47952.dat 5.349999999999999938e-04 5.832760000000000167e-01 2.754320200000000227e+02 2.210889500000000112e+02 2.279288199999999875e+00 -1.289882399999999870e+04 -1.276561000000000058e+04 -1.280560000000000036e+04 4.099569799999999873e+02 -4.487971999999999753e+03 -1.533110399999999936e+04 -1.206590200000000004e+04 -3.773531399999998509e-02 3.578570000000000362e-01 3.733785800000000163e+05 2.188699900000000198e+05 1.669789400000000157e+01
            v2_turb_05.0_50292.dat 5.353529700000000339e-04 5.845420000000000060e-01 6.596784200000000453e+01 1.997507300000000043e+02 1.940133500000000177e+00 -5.565979600000000573e+03 -1.302732200000000012e+04 -1.158770900000000074e+04 1.180745800000000116e+02 -2.646092700000000150e+03 -1.429800200000000041e+04 -1.205870200000000114e+04 -4.804823200000000183e-01 2.916227700000000311e-01 2.434781999999999825e+05 1.430541600000000035e+05 1.635089499999999774e+01
            v2_turb_06.0_14324.dat 5.349999999999999938e-04 5.820669799999999006e-01 1.122726699999999937e+03 3.010273400000000379e+02 2.748838799999999694e+00 8.728726099999999860e+03 -1.635230000000000109e+04 -1.180160100000000057e+04 1.289386500000000069e+03 -4.948440099999999802e+03 -1.675670600000000195e+04 -1.150050300000000061e+04 1.995679899999999840e+00 6.092077399999998866e-01 1.211385399999999907e+06 7.110776400000000140e+05 1.615889299999999906e+01
            v2_turb_06.0_26862.dat 5.349999999999999938e-04 5.834379800000000227e-01 6.680220399999999472e+02 2.829918600000000311e+02 3.120683899999999511e+00 6.698188900000000103e+03 -1.285630999999999949e+04 -1.069627499999999964e+04 4.696892299999999523e+02 -5.131170600000000377e+03 -1.680740799999999945e+04 -1.169590500000000065e+04 1.119543100000000013e+00 5.016941599999998891e-01 6.572937399999999907e+05 3.857297199999999721e+05 1.607778000000000063e+01
            v2_turb_06.0_47824.dat 5.349989999999999780e-04 5.834789799999999804e-01 1.556492499999999950e+02 1.988339499999999873e+02 2.590098100000000070e+00 -1.645467599999999948e+04 -1.753093500000000131e+04 -1.143090300000000025e+04 4.893311400000000049e+02 -3.763811799999999948e+03 -1.545580400000000009e+04 -1.191600100000000020e+04 -2.864164599999999838e-01 3.060649300000000128e-01 2.791894199999999837e+05 1.640096599999999744e+05 1.622949800000000309e+01
            v2_turb_06.0_51321.dat 5.349999999999999938e-04 5.826979899999999990e-01 1.228807799999999816e+03 3.153618799999999851e+02 2.973758999999999819e+00 -5.210995700000000397e+03 -1.936593999999999869e+04 -1.274361600000000180e+04 1.488603699999999890e+03 -5.381120600000000195e+03 -1.756940500000000247e+04 -1.180310800000000017e+04 9.976831199999999233e-01 4.838457200000000347e-01 1.360669399999999907e+06 7.989496300000000047e+05 1.588169800000000009e+01
            v2_turb_06.0_52263.dat 5.349989999999999780e-04 5.834249999999999714e-01 1.323469900000000052e+03 3.349145699999999692e+02 2.607448999999999906e+00 2.563899899999999889e+03 -1.076520400000000154e+04 -1.040040399999999863e+04 1.539398900000000140e+03 -4.868410100000000057e+03 -1.628300599999999940e+04 -1.171870400000000154e+04 2.381248300000000206e+00 6.495505799999999885e-01 1.404809899999999907e+06 8.235105100000000093e+05 1.617689799999999778e+01
            v2_turb_06.0_55769.dat 5.349949900000000634e-04 5.823369900000000543e-01 7.392123599999999897e+02 3.314836099999999988e+02 2.825718300000000127e+00 -1.368921399999999994e+04 -1.663483199999999852e+04 -1.266312100000000100e+04 7.024867799999999534e+02 -5.258502100000000610e+03 -1.748050200000000041e+04 -1.191260200000000077e+04 9.301595900000000361e-01 4.810843799999999781e-01 9.989985400000000373e+05 5.855464600000000792e+05 1.585729300000000030e+01
             v2_turb_07.0_2336.dat 5.349519900000000369e-04 5.811219700000000987e-01 1.572394700000000284e+03 4.212358799999999519e+02 3.665492900000000276e+00 -1.548659199999999873e+04 -2.306798700000000099e+04 -1.385365500000000065e+04 1.966007000000000062e+03 -9.276260599999999613e+03 -2.920366200000000026e+04 -1.122620600000000013e+04 1.639155699999999882e+00 5.664462300000000505e-01 1.572829500000000000e+06 9.200289000000000233e+05 1.444827300000000037e+01
            v2_turb_07.0_40743.dat 5.349999999999999938e-04 5.834380000000000122e-01 2.534838999999999942e+03 4.580507699999999431e+02 3.261297799999999913e+00 1.704207800000000134e+04 -1.166931599999999889e+04 -1.101604399999999987e+04 2.902150000000000091e+03 -7.334890199999999822e+03 -2.303403800000000047e+04 -1.108970700000000033e+04 3.307296000000000014e+00 7.675745099999999876e-01 2.661747700000000186e+06 1.561658399999999907e+06 1.515538000000000096e+01
            v2_turb_07.0_45626.dat 5.349969999999999466e-04 5.829609999999999514e-01 2.226259900000000471e+03 4.340414599999999723e+02 3.190705400000000136e+00 1.236748400000000220e+04 -1.084960300000000097e+04 -1.062930599999999868e+04 2.414934799999999996e+03 -6.466791099999999460e+03 -2.134432099999999991e+04 -1.100311199999999917e+04 4.649819599999999831e+00 9.205430099999999394e-01 2.040746500000000000e+06 1.196958500000000000e+06 1.490699799999999975e+01
            v2_turb_07.0_52870.dat 4.348477599999999777e-04 5.836909999999999599e-01 2.758377600000000257e+03 5.107548500000000331e+02 3.803920300000000143e+00 2.541295000000000073e+04 -1.560403399999999965e+04 -1.253330199999999968e+04 2.798475799999999708e+03 -6.797990499999999884e+03 -2.271711399999999776e+04 -1.105970700000000033e+04 2.496362700000000157e+00 6.733407399999999932e-01 2.819127000000000000e+06 1.652099900000000140e+06 1.550639899999999827e+01
            v2_turb_07.0_52899.dat 5.349880000000000217e-04 5.822760000000000158e-01 1.831584499999999935e+03 3.848545700000000238e+02 3.895177599999999796e+00 2.038404400000000169e+04 -1.786683499999999913e+04 -1.030681199999999808e+04 2.333893799999999828e+03 -6.596921299999999974e+03 -2.128063399999999820e+04 -1.149390600000000086e+04 2.306959700000000169e+00 6.305587500000000567e-01 1.894298699999999953e+06 1.109238500000000000e+06 1.532428799999999924e+01
             v2_turb_07.0_8564.dat 5.349999999999999938e-04 5.833019999999999872e-01 9.228853500000000167e+02 2.989628599999999778e+02 3.054758399999999874e+00 -4.017463000000000193e+03 -2.302468699999999808e+04 -1.099303099999999904e+04 9.111482700000000250e+02 -6.954091000000000349e+03 -2.212830400000000009e+04 -1.152760900000000038e+04 2.573649300000000029e+00 6.761516199999999532e-01 9.463979799999999814e+05 5.547354099999999162e+05 1.536747300000000038e+01
            v2_turb_08.0_15536.dat 4.916604800000000256e-04 5.845079799999999270e-01 2.866740899999999783e+03 4.994308800000000019e+02 4.402192200000000000e+00 3.002319700000000012e+04 -1.605661000000000058e+04 -1.230301200000000063e+04 2.826174700000000030e+03 -9.166731699999998455e+03 -2.708070700000000215e+04 -1.109390700000000106e+04 3.472044299999999861e+00 7.915346199999999666e-01 2.741687699999999721e+06 1.606098300000000047e+06 1.432429199999999803e+01
            v2_turb_08.0_22441.dat 5.349989999999999780e-04 5.853649899999999739e-01 3.077667399999999816e+03 5.613146900000000414e+02 4.408689199999999531e+00 3.587120600000000559e+04 -1.244481299999999828e+04 -1.097620100000000093e+04 4.145607100000000173e+03 -8.639744099999999889e+03 -2.607521800000000076e+04 -1.110190500000000065e+04 4.323313300000000581e+00 8.810878100000000268e-01 3.776139100000000093e+06 2.220739799999999814e+06 1.454687600000000103e+01
            v2_turb_08.0_32293.dat 4.137988699999999910e-04 5.836149800000000054e-01 2.262786200000000008e+03 4.697509800000000268e+02 3.813579800000000297e+00 2.415398600000000079e+04 -1.759312099999999919e+04 -1.201891199999999844e+04 2.579950399999999718e+03 -8.207811200000000099e+03 -2.501900300000000061e+04 -1.119770499999999993e+04 4.048131399999999935e+00 8.597916899999999973e-01 2.246032500000000000e+06 1.316719500000000000e+06 1.446578000000000053e+01
            v2_turb_08.0_41120.dat 5.349880000000000217e-04 5.849330000000000362e-01 3.403398499999999785e+03 5.683187899999999217e+02 4.422029900000000069e+00 2.862822399999999834e+04 -1.499809699999999975e+04 -9.898960599999998522e+03 3.912940199999999550e+03 -9.877160099999999147e+03 -2.896025200000000041e+04 -1.114570500000000175e+04 4.019338799999999878e+00 8.545524700000001195e-01 3.440989199999999721e+06 2.018639699999999953e+06 1.460696100000000008e+01
            v2_turb_08.0_46290.dat 5.347199200000000248e-04 5.844759999999999955e-01 3.030182499999999891e+03 5.364068400000001020e+02 4.538102099999999695e+00 2.360498099999999977e+04 -2.021498300000000017e+04 -1.177865099999999984e+04 3.004506900000000314e+03 -8.370980700000000070e+03 -2.583450700000000143e+04 -1.154063299999999981e+04 3.272338499999999595e+00 7.656473200000000201e-01 2.999966299999999814e+06 1.760349199999999953e+06 1.453558899999999987e+01
            v2_turb_08.0_60415.dat 5.349929999999999920e-04 5.846609700000000576e-01 3.345414800000000014e+03 5.428059000000000651e+02 4.597639100000000312e+00 3.531609100000000035e+04 -7.876502799999999297e+03 -1.027621700000000055e+04 3.439155900000000202e+03 -7.848100500000000466e+03 -2.415471500000000015e+04 -1.089272299999999996e+04 4.515793299999999455e+00 9.054350800000000588e-01 3.132210000000000000e+06 1.833919899999999907e+06 1.483807299999999962e+01
            v2_turb_09.0_26343.dat 5.317468699999999262e-04 6.032359899999999442e-01 4.225793999999999869e+03 6.476065199999999322e+02 5.821556499999999801e+00 6.013792999999999302e+04 -7.753149800000000141e+03 -1.107230499999999847e+04 5.395898599999999533e+03 -1.095460400000000118e+04 -3.238170000000000073e+04 -1.104500400000000081e+04 3.762816400000000172e+00 8.161885700000001131e-01 4.939685100000000559e+06 2.972008000000000000e+06 1.346598299999999959e+01
            v2_turb_09.0_34715.dat 5.283088300000000556e-04 6.239559899999999049e-01 4.509629399999999805e+03 6.743118900000000622e+02 4.370094099999999315e+00 5.799462900000000081e+04 -1.018222000000000116e+04 -1.070390999999999985e+04 5.317349700000000666e+03 -9.472454300000001240e+03 -2.856318300000000090e+04 -1.135141299999999865e+04 3.848976999999999649e+00 8.293124299999999893e-01 5.035869599999999627e+06 3.141729899999999907e+06 1.424769299999999994e+01
             v2_turb_09.0_5751.dat 5.349870000000000059e-04 5.892650000000000388e-01 3.800924499999999625e+03 6.003139899999998761e+02 5.261589299999999803e+00 5.274479200000000128e+04 -1.515270100000000093e+04 -1.039140899999999965e+04 4.524324899999999616e+03 -1.012129999999999927e+04 -3.127601300000000265e+04 -1.110060299999999916e+04 3.829584100000000380e+00 8.301007000000000247e-01 4.087735899999999907e+06 2.407204399999999907e+06 1.368039900000000131e+01
            v2_turb_09.0_59920.dat 5.349969999999999466e-04 6.240939000000000902e-01 4.682989100000000690e+03 7.022727999999999611e+02 5.741359000000000101e+00 6.087342799999999988e+04 -4.772640199999999822e+03 -1.000051000000000022e+04 5.366239300000000185e+03 -1.069870200000000114e+04 -3.136974299999999857e+04 -1.078380099999999948e+04 4.104157000000000721e+00 8.557508600000000021e-01 5.036179900000000373e+06 3.141930000000000000e+06 1.401277499999999954e+01
             v2_turb_09.0_8821.dat 5.346346399999999137e-04 5.859728699999999790e-01 3.757881200000000263e+03 5.844728699999999435e+02 4.780131200000000469e+00 3.396066799999999785e+04 -8.084172499999999673e+03 -1.091500199999999859e+04 3.857785800000000108e+03 -9.626780800000000454e+03 -2.896980199999999968e+04 -1.128520200000000114e+04 3.465520999999999852e+00 7.887516700000000158e-01 3.781207899999999907e+06 2.219558700000000186e+06 1.401239200000000018e+01
             v2_turb_09.0_9468.dat 5.326059100000000643e-04 5.864327999999999763e-01 3.918535199999999804e+03 5.995589899999999943e+02 5.145777800000000290e+00 4.969336600000000180e+04 -9.930103399999999965e+03 -1.078971099999999933e+04 4.608889300000000731e+03 -1.005239999999999964e+04 -2.984470300000000134e+04 -1.123630099999999948e+04 3.096866900000000200e+00 7.374110000000000387e-01 4.227743600000000559e+06 2.490428799999999814e+06 1.398349599999999882e+01
            v2_turb_10.0_13708.dat 6.533382900000001404e-05 7.135049900000000056e-01 5.579416900000000169e+03 8.286419499999999516e+02 5.985665199999999686e+00 8.489574599999999919e+04 -9.354423799999999574e+02 -1.262160100000000057e+04 6.759579900000000634e+03 -1.143920000000000073e+04 -3.604881800000000658e+04 -1.160822199999999975e+04 3.277743899999999933e+00 7.639003599999999450e-01 6.657749900000000373e+06 4.750909900000000373e+06 1.258236499999999936e+01
             v2_turb_10.0_2246.dat 5.349880000000000217e-04 6.558899899999999228e-01 4.963577100000000428e+03 7.460389399999999114e+02 5.499002400000000179e+00 7.300891899999999441e+04 -1.824345299999999952e+03 -1.103620600000000195e+04 6.006938999999999396e+03 -1.143829999999999927e+04 -3.587372599999999511e+04 -1.128590600000000086e+04 3.193134700000000326e+00 7.518755999999999773e-01 5.570407400000000373e+06 3.654629899999999907e+06 1.379827700000000057e+01
            v2_turb_10.0_25797.dat 5.349859999999999902e-04 6.496950000000000225e-01 4.679918899999999667e+03 6.795759799999999586e+02 5.866617999999999888e+00 5.901958899999999994e+04 -4.032709199999999782e+03 -1.269421300000000156e+04 5.912977299999999559e+03 -1.118460100000000057e+04 -3.522616100000000006e+04 -1.141010900000000038e+04 2.797678900000000191e+00 7.062297500000001005e-01 5.489439700000000186e+06 3.573659799999999814e+06 1.290937299999999865e+01
            v2_turb_10.0_25824.dat 5.329738899999999753e-04 6.809809599999999685e-01 5.082338200000000143e+03 7.837587300000000141e+02 6.364869399999999899e+00 7.644183299999998417e+04 -4.208444499999999948e+02 -9.972822399999999107e+03 6.113573400000000220e+03 -1.144029999999999927e+04 -3.246325500000000102e+04 -1.149100999999999840e+04 2.827547900000000336e+00 7.009981000000000684e-01 6.025740000000000000e+06 4.107839799999999814e+06 1.372718000000000060e+01
            v2_turb_10.0_53407.dat -2.911668999999998770e-05 6.430009300000001371e-01 4.586767300000000432e+03 6.779613199999998869e+02 5.892875800000000552e+00 6.586661299999999756e+04 2.076220800000000054e+03 -1.139770700000000033e+04 5.979208699999999226e+03 -1.141070000000000073e+04 -3.587228399999999965e+04 -1.117420100000000093e+04 2.866916800000000265e+00 7.057116900000000026e-01 5.418469899999999441e+06 3.465449200000000186e+06 1.270609799999999900e+01
             v2_turb_10.0_7055.dat 5.307799499999999934e-04 6.464789499999999967e-01 4.383478299999998853e+03 6.711231799999999339e+02 5.511461699999999908e+00 5.446048999999999796e+04 -5.951084299999999530e+03 -1.514216500000000087e+04 5.867913499999999658e+03 -1.143230099999999948e+04 -3.465775000000000000e+04 -1.181240400000000045e+04 2.834941300000000108e+00 7.214553700000000402e-01 5.486928799999999814e+06 3.548397599999999627e+06 1.279666799999999860e+01
             v2_turb_11.0_1633.dat 5.349999999999999938e-04 7.486359100000000710e-01 5.957342300000000250e+03 8.695303600000000870e+02 6.931523099999999715e+00 8.917781799999998475e+04 1.905679700000000139e+03 -1.315552000000000044e+04 7.540548700000000281e+03 -1.148770000000000073e+04 -3.627181700000000274e+04 -1.140450100000000020e+04 1.755878500000000120e+00 5.699035399999999862e-01 7.267198900000000373e+06 5.449119299999999814e+06 1.299969399999999986e+01
            v2_turb_11.0_25765.dat 5.349969999999999466e-04 7.385939999999999728e-01 6.602937999999999192e+03 9.354474000000000160e+02 6.350827700000000853e+00 1.001358500000000058e+05 3.213222600000000057e+03 -1.065982199999999830e+04 7.674159999999999854e+03 -1.147060099999999875e+04 -3.522492200000000594e+04 -1.160240300000000025e+04 1.544428299999999865e+00 5.355681099999999306e-01 7.070759700000000186e+06 5.226019599999999627e+06 1.303609599999999880e+01
            v2_turb_11.0_37345.dat 5.349999999999999938e-04 7.681077099999999991e-01 6.945163999999999760e+03 9.434813199999999824e+02 7.011044599999999960e+00 1.022979400000000023e+05 7.376867999999999483e+02 -1.147465099999999984e+04 8.160473399999999856e+03 -1.150600000000000000e+04 -3.639188300000000163e+04 -1.176460900000000038e+04 1.064829900000000107e+00 4.863255699999999848e-01 7.660509199999999255e+06 5.888048900000000373e+06 1.300769900000000057e+01
            v2_turb_11.0_41193.dat 5.349999999999999938e-04 7.283579599999999710e-01 6.275661200000000463e+03 9.003702500000000555e+02 6.437486200000000380e+00 9.617290800000001036e+04 5.260067400000000362e+02 -1.020720100000000093e+04 7.336516000000000531e+03 -1.145339999999999964e+04 -3.277574299999999494e+04 -1.120400199999999859e+04 2.675145600000000012e+00 6.818873500000000032e-01 6.869787599999999627e+06 4.999199500000000000e+06 1.322330000000000005e+01
            v2_turb_11.0_43724.dat 5.349999999999999938e-04 7.878439400000000203e-01 7.464598500000000058e+03 9.736358299999999417e+02 7.462274800000000319e+00 1.077328600000000006e+05 3.559496399999999994e+03 -1.051090500000000065e+04 8.645686900000000605e+03 -1.147750100000000020e+04 -3.493150400000000081e+04 -1.144331599999999889e+04 2.309275100000000247e+00 6.343041400000000163e-01 8.041454399999999441e+06 6.337014099999999627e+06 1.298159599999999969e+01
            v2_turb_11.0_59287.dat 5.349999999999999938e-04 7.327568899999999941e-01 5.897100800000000163e+03 9.116247499999999491e+02 6.322119400000000056e+00 9.465227199999998265e+04 7.977265700000000379e+02 -1.141089999999999964e+04 6.825478199999999561e+03 -1.148639999999999964e+04 -3.448031799999999930e+04 -1.157541199999999844e+04 2.110020400000000240e+00 6.203954600000000097e-01 6.954079100000000559e+06 5.098337899999999441e+06 1.291879699999999964e+01
            v2_turb_12.0_23697.dat 1.944178700000000204e-01 8.335629300000001463e-01 8.121099600000000464e+03 9.171439900000000307e+02 7.677199100000000165e+00 1.014459499999999971e+05 1.235878800000000183e+03 -9.733838400000000547e+03 9.520494599999999991e+03 -1.148739999999999964e+04 -3.416032800000000134e+04 -1.206250399999999900e+04 1.007795699999999961e+00 4.738009100000000196e-01 9.000968400000000373e+06 7.504048399999999441e+06 1.347028800000000004e+01
            v2_turb_12.0_28003.dat 9.094000500000000153e-01 8.429779700000000764e-01 7.581734300000000076e+03 8.628358599999999115e+02 7.519940199999999741e+00 9.315622800000000279e+04 -2.022463500000000067e+03 -1.391332299999999850e+04 9.355611300000000483e+03 -1.150630199999999968e+04 -3.585990000000000146e+04 -1.220101399999999921e+04 5.375902200000000075e-01 4.224444500000000269e-01 9.180801800000000745e+06 7.728798799999999814e+06 1.275990000000000002e+01
            v2_turb_12.0_29989.dat 5.249994100000000552e-01 8.173509200000000918e-01 7.774800000000001091e+03 8.565109499999999798e+02 7.699514599999999653e+00 9.536567799999999988e+04 1.359408000000000243e+02 -1.182350099999999838e+04 9.377018799999999828e+03 -1.150979999999999927e+04 -3.454269999999999709e+04 -1.223520200000000114e+04 8.761588800000000843e-01 4.631238300000000141e-01 8.646779600000001490e+06 7.072228900000000373e+06 1.367209800000000008e+01
            v2_turb_12.0_40278.dat 1.850578800000000079e-01 8.473188600000001180e-01 8.131487399999999980e+03 8.460227700000000368e+02 7.712624600000000719e+00 9.099818200000000070e+04 -3.607657499999999800e+03 -1.262132699999999932e+04 9.366646699999999328e+03 -1.151500100000000020e+04 -3.471990000000000146e+04 -1.229482400000000052e+04 8.674305700000000119e-01 4.595788900000000177e-01 9.288989400000000373e+06 7.867296600000000559e+06 1.332759899999999931e+01
            v2_turb_12.0_56645.dat 3.408037400000000217e-01 8.865708199999999817e-01 8.273387600000000020e+03 8.505065699999998969e+02 7.980819300000000283e+00 9.231454499999999825e+04 6.056658500000000458e+03 -1.005172099999999955e+04 9.946707099999999627e+03 -1.149690099999999984e+04 -3.422480700000000797e+04 -1.233360199999999895e+04 7.159046700000000207e-01 4.412028100000000008e-01 9.344290000000000000e+06 8.288259200000000186e+06 1.365999500000000033e+01
             v2_turb_12.0_6007.dat 5.349999999999999938e-04 7.457709500000000435e-01 6.406735499999999774e+03 8.524199800000000096e+02 5.906797399999999421e+00 9.253912599999998929e+04 2.219876999999999953e+03 -1.035458100000000013e+04 8.022998800000000301e+03 -1.150570000000000073e+04 -3.503720499999999447e+04 -1.215830199999999968e+04 7.696317499999999479e-01 4.487918200000000080e-01 7.199199500000000000e+06 5.362407799999999814e+06 1.340298600000000029e+01
            v2_turb_13.0_24246.dat 7.133504300000000076e-02 8.372378400000000109e-01 7.998916600000000471e+03 7.352575300000000880e+02 7.752118900000000146e+00 8.198316400000000431e+04 -1.322295900000000074e+03 -1.197013899999999921e+04 9.386067900000000009e+03 -1.152729999999999927e+04 -3.428763299999999435e+04 -1.245130299999999988e+04 -4.996093099999999732e-01 2.889418500000000001e-01 9.064948799999998882e+06 7.592129599999999627e+06 1.374479799999999940e+01
             v2_turb_13.0_3219.dat 4.691389200000000592e+00 9.252259699999999532e-01 8.873608299999999872e+03 7.765936000000000377e+02 8.115530200000000249e+00 8.589017200000000594e+04 -2.470239999999999782e+03 -1.131044899999999870e+04 1.049729899999999907e+04 -1.152450000000000000e+04 -3.072500400000000081e+04 -1.268400300000000061e+04 -4.862046299999998183e-02 3.503135300000000396e-01 1.059200000000000000e+07 9.799610000000000000e+06 1.418279400000000123e+01
            v2_turb_13.0_59662.dat 2.430159600000000086e+00 9.234639999999999516e-01 8.412836100000000442e+03 7.166638300000000754e+02 7.992821100000000456e+00 7.664589699999999721e+04 -5.644545699999999670e+03 -1.376131899999999769e+04 1.007479799999999886e+04 -1.155480099999999948e+04 -3.253170799999999872e+04 -1.261660700000000179e+04 -9.304042500000000437e-01 2.376505899999999949e-01 1.003479700000000000e+07 9.432292099999999627e+06 1.410297500000000070e+01
            v2_turb_13.0_63909.dat 2.173089900000000352e+00 9.221139699999999495e-01 8.565386199999999008e+03 7.562300700000000688e+02 7.954617499999999453e+00 8.121109799999999814e+04 2.057609300000000076e+03 -1.235019400000000132e+04 9.844793499999997948e+03 -1.154200000000000000e+04 -3.516930100000000675e+04 -1.264090499999999884e+04 -5.971884599999999210e-01 2.774248000000000269e-01 9.344290000000000000e+06 8.644979700000001118e+06 1.373189700000000002e+01
            v2_turb_13.0_64836.dat 1.799008300000000116e+00 9.275469900000000711e-01 8.831629099999998289e+03 8.093128199999999879e+02 8.324512799999999046e+00 8.937049800000000687e+04 -2.299193800000000010e+03 -9.912078399999998510e+03 1.016299699999999939e+04 -1.150729999999999927e+04 -3.379694499999999971e+04 -1.236370100000000093e+04 1.832353900000000257e-01 3.715844400000000158e-01 9.348029800000000745e+06 8.723268900000000373e+06 1.384558299999999953e+01
             v2_turb_13.0_6610.dat 4.393122400000000205e+00 9.266669499999999893e-01 8.738326999999999316e+03 7.839051400000000740e+02 7.744749799999999240e+00 8.235896199999999953e+04 -6.025826900000000023e+03 -1.359282499999999891e+04 9.967236899999999878e+03 -1.153329999999999927e+04 -3.257354000000000087e+04 -1.279880099999999948e+04 -5.281163300000000227e-01 2.858703299999999503e-01 1.059200000000000000e+07 9.812949800000000745e+06 1.426670000000000016e+01
            v2_turb_14.0_17103.dat 2.247657400000000028e+00 8.236618300000000392e-01 7.570238800000000083e+03 6.205023899999998775e+02 8.930596400000000656e+00 6.839355900000000838e+04 -4.641737799999999879e+03 -1.322790599999999904e+04 9.533049899999999980e+03 -1.158620000000000073e+04 -3.433308299999999872e+04 -1.313490099999999984e+04 -2.333284599999999820e+00 5.888124899999999662e-02 8.781418799999998882e+06 7.236658799999999814e+06 1.444089499999999937e+01
            v2_turb_14.0_33723.dat 2.135047300000000092e+00 9.301999899999999766e-01 9.114589299999999639e+03 7.514532399999999370e+02 8.563399499999999165e+00 8.120213400000000547e+04 8.000674500000000080e+02 -1.041220200000000114e+04 1.059969800000000214e+04 -1.151820000000000073e+04 -3.296961899999999878e+04 -1.259929999999999927e+04 -7.059424000000000810e-01 2.609951300000000196e-01 1.036239300000000000e+07 9.750369299999998882e+06 1.431239599999999967e+01
            v2_turb_14.0_34311.dat 4.527499699999999905e+00 9.230869999999999909e-01 8.931898399999998219e+03 7.141690500000000839e+02 9.043230400000000557e+00 8.146663999999999942e+04 -1.169337099999999964e+03 -1.065170399999999972e+04 1.003439199999999983e+04 -1.153139999999999964e+04 -3.149100200000000041e+04 -1.278940399999999863e+04 -1.058064399999999905e+00 2.185016599999999865e-01 1.059200000000000000e+07 9.775069899999998510e+06 1.466379799999999989e+01
            v2_turb_14.0_46217.dat 4.607609300000000019e+00 9.274980000000000446e-01 9.210639899999998306e+03 7.227187000000000126e+02 9.294918899999998985e+00 8.158452599999999802e+04 4.544281599999999344e+03 -9.702996799999998984e+03 1.067100000000000000e+04 -1.151479999999999927e+04 -3.121760399999999936e+04 -1.277290099999999984e+04 -9.562440100000000331e-01 2.227337100000000014e-01 1.059200000000000000e+07 9.822299699999999255e+06 1.452529499999999985e+01
             v2_turb_14.0_7720.dat 5.462759100000000423e+00 9.235409699999999056e-01 8.650873999999999796e+03 6.932406999999999471e+02 9.112758100000000638e+00 7.539649400000000605e+04 -5.562793299999999590e+02 -1.319177400000000125e+04 1.044359799999999996e+04 -1.155420099999999911e+04 -3.100781100000000151e+04 -1.270420100000000093e+04 -1.361249600000000060e+00 1.810288200000000070e-01 1.059200000000000000e+07 9.778199900000000373e+06 1.502218000000000053e+01
             v2_turb_14.0_8754.dat 3.469587599999999661e+00 9.232079399999999492e-01 8.756164600000000064e+03 6.492946799999999712e+02 8.652316599999998914e+00 7.071517600000000675e+04 -6.160367700000000696e+03 -1.301512000000000080e+04 1.062139599999999882e+04 -1.155160000000000036e+04 -3.173182300000000032e+04 -1.299600399999999900e+04 -1.368259100000000172e+00 1.760350299999999812e-01 1.059200000000000000e+07 9.770628699999999255e+06 1.420029899999999934e+01
            v2_turb_15.0_10279.dat 7.903739500000000362e+00 9.142049500000000162e-01 7.956471899999999550e+03 6.116719500000000380e+02 9.352900300000001721e+00 6.610655700000000070e+04 -5.596067399999999452e+02 -1.247544199999999910e+04 1.008729599999999846e+04 -1.158060000000000036e+04 -3.087000100000000020e+04 -1.342642499999999927e+04 -2.189293999999999851e+00 7.853440999999999894e-02 1.059200000000000000e+07 9.680670000000000000e+06 1.553289900000000046e+01
            v2_turb_15.0_22297.dat 5.881599499999999203e+00 9.174868600000001262e-01 8.062044300000000476e+03 5.941447900000000573e+02 9.234325099999999509e+00 6.642708800000000338e+04 7.427040400000000773e+02 -1.474473900000000140e+04 1.003750000000000000e+04 -1.160450000000000000e+04 -3.109070600000000195e+04 -1.332580999999999949e+04 -2.570277300000000320e+00 2.815785800000000089e-02 1.059200000000000000e+07 9.713869900000000373e+06 1.476048600000000022e+01
            v2_turb_15.0_25148.dat 5.408979099999999818e+00 9.249919500000000072e-01 8.766180599999999686e+03 6.270896099999999933e+02 9.075359399999999965e+00 7.051368499999999767e+04 -1.656206800000000158e+03 -1.061469399999999951e+04 1.051099500000000080e+04 -1.156050200000000041e+04 -2.929970799999999872e+04 -1.307582299999999850e+04 -1.753690399999999983e+00 1.273836299999999977e-01 1.059200000000000000e+07 9.793849900000000373e+06 1.551919199999999854e+01
            v2_turb_15.0_33167.dat 8.252088900000002170e+00 9.153659600000000340e-01 8.103044200000000274e+03 5.979017200000000685e+02 1.005239300000000036e+01 6.027015500000000611e+04 -3.500502199999999903e+03 -1.522660800000000017e+04 9.974649799999999232e+03 -1.161930099999999948e+04 -3.058803199999999924e+04 -1.345370499999999993e+04 -2.543722400000000050e+00 3.141537999999999969e-02 1.059200000000000000e+07 9.692639700000001118e+06 1.532629200000000047e+01
            v2_turb_15.0_41424.dat 5.876427099999999903e+00 9.243679999999999675e-01 8.044618000000000393e+03 6.220022699999999531e+02 9.486368900000000437e+00 6.683498200000000361e+04 -9.390864599999998973e+03 -1.354946099999999933e+04 9.954605300000001080e+03 -1.159220000000000073e+04 -3.159710099999999875e+04 -1.317640699999999924e+04 -2.202351800000000193e+00 7.217885299999998727e-02 1.059200000000000000e+07 9.785579400000000373e+06 1.524076900000000023e+01
            v2_turb_15.0_57600.dat 6.306601399999999913e+00 9.240639499999999673e-01 8.620621499999999287e+03 6.312152300000000196e+02 9.638843299999999559e+00 6.840685399999999208e+04 -4.157049199999999473e+03 -1.250630400000000009e+04 1.054919800000000032e+04 -1.156560000000000036e+04 -2.928950799999999799e+04 -1.323400200000000041e+04 -1.881870500000000224e+00 1.111928000000000083e-01 1.059200000000000000e+07 9.784079799999998882e+06 1.563498500000000035e+01
            v2_turb_16.0_19655.dat 8.571254200000000267e+00 9.145759900000000053e-01 8.335444499999999607e+03 6.233730900000000474e+02 1.001509199999999922e+01 6.232245200000000477e+04 -6.663310600000000704e+03 -1.223134499999999935e+04 1.025799899999999980e+04 -1.160770100000000093e+04 -2.818131499999999869e+04 -1.344150799999999981e+04 -2.087641800000000103e+00 9.162467800000000107e-02 1.059200000000000000e+07 9.686120000000000000e+06 1.555499900000000046e+01
            v2_turb_16.0_45772.dat 9.580595000000000638e+00 9.132058199999999459e-01 7.729087199999999939e+03 5.539821399999999585e+02 1.077939199999999964e+01 5.923818899999999849e+04 -2.544035600000000159e+03 -1.275051499999999942e+04 1.012299699999999939e+04 -1.163650100000000020e+04 -2.939949300000000221e+04 -1.359841399999999885e+04 -2.964982200000000123e+00 -1.618635899999999739e-02 1.059200000000000000e+07 9.675298500000000000e+06 1.595808899999999930e+01
            v2_turb_16.0_55975.dat 6.776202299999999568e+00 9.158079199999999975e-01 7.970650099999999838e+03 5.803814799999998968e+02 1.052969700000000053e+01 6.324654200000000128e+04 -4.708572399999999334e+02 -1.377573400000000220e+04 9.939166400000000067e+03 -1.161629999999999927e+04 -2.972841700000000128e+04 -1.353020000000000073e+04 -2.684991300000000081e+00 1.674943700000000243e-02 1.059200000000000000e+07 9.701908199999999255e+06 1.548909200000000119e+01
             v2_turb_16.0_5616.dat 9.167484899999999826e+00 9.265069400000000011e-01 8.459232899999999063e+03 6.252876899999999978e+02 1.084648400000000024e+01 6.665641300000000047e+04 -2.465712099999999737e+03 -1.190490200000000004e+04 1.028559799999999996e+04 -1.158130099999999948e+04 -2.807391900000000169e+04 -1.342230599999999868e+04 -2.048564400000000063e+00 9.218932300000000357e-02 1.059200000000000000e+07 9.809019899999998510e+06 1.596318000000000126e+01
            v2_turb_16.0_56353.dat 9.230279000000001233e+00 9.164669899999999814e-01 8.100325600000000122e+03 5.673831300000000510e+02 1.107879999999999932e+01 6.343053899999999703e+04 -4.130620399999999790e+03 -1.203640300000000025e+04 1.028478599999999824e+04 -1.159600200000000041e+04 -2.760364699999999721e+04 -1.332100399999999900e+04 -2.768787500000000179e+00 -2.042187399999998831e-03 1.059200000000000000e+07 9.709736400000000373e+06 1.538589599999999891e+01
             v2_turb_16.0_7031.dat 8.998749600000000015e+00 9.251089699999999194e-01 8.279707799999998315e+03 5.804369199999999864e+02 1.068509300000000017e+01 6.474524700000000303e+04 -4.613154799999999341e+03 -1.132561099999999897e+04 1.031299899999999980e+04 -1.158650000000000000e+04 -2.820904400000000169e+04 -1.341831099999999969e+04 -2.634422799999999842e+00 1.179107300000000087e-02 1.059200000000000000e+07 9.791609600000001490e+06 1.613809500000000341e+01
            v2_turb_17.0_20390.dat 8.075387100000000373e+00 9.167039599999999844e-01 7.494497200000000703e+03 5.228487099999999828e+02 9.648156399999999522e+00 5.319928399999999965e+04 -6.875940999999999804e+03 -1.364005799999999908e+04 1.001699699999999939e+04 -1.165839999999999964e+04 -2.873032300000000032e+04 -1.392523100000000159e+04 -3.557959900000000175e+00 -9.406869799999999227e-02 1.059200000000000000e+07 9.704137600000001490e+06 1.594308399999999892e+01
            v2_turb_17.0_37683.dat 8.582869699999999824e+00 9.191419800000000251e-01 7.956910000000000764e+03 5.327797699999999850e+02 1.168709499999999935e+01 5.841444400000000314e+04 5.451905299999999670e+02 -1.227073900000000140e+04 1.036099200000000019e+04 -1.163300000000000000e+04 -2.780962299999999959e+04 -1.370700199999999859e+04 -3.343161400000000061e+00 -7.016802799999999340e-02 1.059200000000000000e+07 9.731240000000000000e+06 1.619169199999999975e+01
            v2_turb_17.0_45521.dat 1.057929199999999881e+01 9.077949699999999789e-01 7.511080100000000130e+03 5.214535099999999375e+02 1.118888600000000011e+01 5.638706899999999587e+04 4.820591999999999757e+02 -1.372777700000000186e+04 1.026050000000000000e+04 -1.165060000000000036e+04 -2.804793800000000192e+04 -1.374481099999999969e+04 -3.491895799999999994e+00 -8.646504100000000637e-02 1.059200000000000000e+07 9.618619700000001118e+06 1.651479700000000150e+01
            v2_turb_17.0_49865.dat 9.744879799999999648e+00 9.195689899999999195e-01 7.829585100000000239e+03 5.391949400000000878e+02 1.154649699999999868e+01 5.608002999999999884e+04 -4.803144899999999325e+03 -1.178490499999999884e+04 1.032179500000000007e+04 -1.163730099999999948e+04 -2.817910699999999997e+04 -1.389200099999999838e+04 -3.257796400000000148e+00 -6.146493299999999244e-02 1.059200000000000000e+07 9.733909299999998882e+06 1.585939500000000102e+01
            v2_turb_17.0_60465.dat 8.690243900000000465e+00 9.233899900000001049e-01 8.796981700000000274e+03 6.074978999999999587e+02 1.209919700000000020e+01 6.765877300000001560e+04 1.904299999999999955e+03 -1.001667400000000089e+04 1.035209499999999935e+04 -1.155270000000000073e+04 -2.644030299999999988e+04 -1.300461000000000058e+04 -2.202562700000000095e+00 6.987551399999999968e-02 1.059200000000000000e+07 9.782939900000000373e+06 1.629599499999999779e+01
             v2_turb_17.0_7334.dat 8.214089799999999997e+00 9.179339600000000488e-01 7.845339899999999943e+03 5.430285199999999577e+02 1.116665700000000072e+01 5.531846500000000378e+04 -3.705664000000000215e+03 -1.399150299999999879e+04 1.016699799999999959e+04 -1.162200100000000020e+04 -2.792722400000000198e+04 -1.367520700000000215e+04 -3.008852999999999778e+00 -2.598126999999999728e-02 1.059200000000000000e+07 9.722699000000000000e+06 1.584738600000000019e+01
            v2_turb_18.0_25103.dat 1.273389900000000097e+01 9.152899899999999977e-01 7.392662400000000162e+03 4.769261999999999944e+02 1.198999900000000096e+01 5.206356999999999971e+04 -6.717767000000000053e+02 -1.222109699999999975e+04 1.017679600000000028e+04 -1.166200000000000000e+04 -2.752657500000000073e+04 -1.405351100000000042e+04 -3.899150699999999858e+00 -1.330275099999999877e-01 1.059200000000000000e+07 9.694478900000000373e+06 1.686749799999999766e+01
            v2_turb_18.0_27317.dat 9.868715800000000371e+00 9.104518999999999807e-01 7.221107299999999668e+03 4.798957599999999957e+02 1.179859399999999958e+01 5.094411400000000140e+04 -3.335868099999999572e+02 -1.416974300000000039e+04 1.028109799999999996e+04 -1.166229999999999927e+04 -2.837001499999999942e+04 -1.410530499999999847e+04 -3.829213799999999779e+00 -1.271090999999999749e-01 1.059200000000000000e+07 9.640119600000001490e+06 1.637828599999999923e+01
            v2_turb_18.0_28016.dat 6.053058899999999909e+00 9.136360000000000037e-01 8.010907400000000052e+03 5.161461700000000974e+02 1.095129799999999953e+01 5.583564300000000367e+04 -3.777358899999999721e+03 -1.123910900000000038e+04 1.040619500000000153e+04 -1.161939999999999964e+04 -2.721240600000000268e+04 -1.350620199999999932e+04 -3.466793299999999967e+00 -8.633165999999999063e-02 1.059200000000000000e+07 9.672449900000000373e+06 1.661389899999999997e+01
            v2_turb_18.0_34558.dat 1.123929200000000073e+01 9.151449700000000576e-01 6.981928300000000490e+03 4.735448400000000220e+02 1.149578299999999942e+01 4.789854399999999441e+04 -1.313002399999999943e+04 -1.640886699999999837e+04 9.765627299999998286e+03 -1.169190199999999822e+04 -2.876461999999999898e+04 -1.415193000000000029e+04 -3.981556599999999779e+00 -1.485042099999999976e-01 1.059200000000000000e+07 9.688800000000000000e+06 1.635219299999999976e+01
            v2_turb_18.0_46192.dat 1.120650000000000013e+01 9.155919900000000222e-01 7.589408100000000559e+03 4.906218900000000076e+02 1.192818800000000046e+01 5.202720400000000518e+04 -1.198544699999999921e+03 -1.192370100000000093e+04 1.031929599999999846e+04 -1.164170100000000093e+04 -2.727790700000000288e+04 -1.380591300000000047e+04 -3.775052799999999653e+00 -1.329134200000000043e-01 1.059200000000000000e+07 9.695179500000000000e+06 1.664719900000000052e+01
             v2_turb_18.0_8966.dat 1.005319099999999999e+01 9.071306600000000886e-01 7.661348100000000159e+03 4.979479300000000421e+02 1.212959500000000013e+01 5.230893400000000111e+04 -3.343148499999999785e+03 -1.325950500000000102e+04 1.035019800000000032e+04 -1.164920100000000093e+04 -2.769230099999999948e+04 -1.398031599999999889e+04 -3.402017100000000127e+00 -7.418627300000001090e-02 1.059200000000000000e+07 9.606738000000000000e+06 1.653199000000000041e+01
            v2_turb_19.0_17843.dat 1.187339900000000092e+01 9.127829299999999924e-01 7.443427700000000186e+03 4.806625900000000229e+02 1.297617800000000088e+01 4.853693499999999767e+04 -5.475436800000000403e+03 -1.286475700000000143e+04 1.024229800000000068e+04 -1.166180199999999968e+04 -2.707622299999999814e+04 -1.380781199999999990e+04 -4.321553600000000550e+00 -1.945489900000000050e-01 1.059200000000000000e+07 9.665099199999999255e+06 1.706089199999999906e+01
            v2_turb_19.0_20935.dat 1.072528800000000082e+01 9.117489100000000235e-01 6.582275200000000041e+03 4.208288100000000327e+02 1.256859199999999888e+01 3.987798400000000402e+04 -8.354734800000000178e+03 -1.796383299999999872e+04 1.018699799999999959e+04 -1.171800100000000020e+04 -2.819265099999999802e+04 -1.421930099999999948e+04 -4.703458600000000267e+00 -2.327257899999999879e-01 1.059200000000000000e+07 9.655480000000000000e+06 1.674069899999999933e+01
            v2_turb_19.0_33144.dat 1.355529600000000023e+01 9.124329800000000601e-01 6.831173699999999371e+03 4.287076400000000262e+02 1.245213099999999962e+01 4.483222000000000116e+04 -3.689893599999999878e+03 -1.396582999999999993e+04 9.913789099999999962e+03 -1.169680199999999968e+04 -2.721902000000000044e+04 -1.423433899999999994e+04 -4.734796100000000507e+00 -2.442260799999999843e-01 1.059200000000000000e+07 9.659949400000000373e+06 1.681757400000000047e+01
            v2_turb_19.0_51363.dat 1.198770000000000024e+01 9.094719999999999471e-01 7.387027299999999741e+03 4.714355800000000158e+02 1.210259500000000088e+01 4.956751000000000204e+04 -2.368860900000000129e+03 -1.215891300000000047e+04 9.961927100000000792e+03 -1.165840099999999984e+04 -2.823281499999999869e+04 -1.384890699999999924e+04 -4.518199899999999936e+00 -2.247368499999999880e-01 1.059200000000000000e+07 9.628129899999998510e+06 1.684307199999999938e+01
            v2_turb_19.0_56307.dat 1.065119799999999906e+01 9.178809699999999072e-01 7.468737799999998970e+03 4.854348300000000336e+02 1.192129500000000064e+01 4.997236199999999371e+04 -3.316474399999999605e+03 -1.199950799999999981e+04 1.013159900000000016e+04 -1.164770000000000073e+04 -2.758630399999999645e+04 -1.422660300000000097e+04 -4.164004699999999559e+00 -1.761061100000000101e-01 1.059200000000000000e+07 9.718389300000000745e+06 1.672148299999999566e+01
            v2_turb_19.0_63447.dat 1.257568699999999851e+01 9.153337599999999963e-01 8.008395199999999932e+03 4.804920099999999934e+02 1.356838100000000047e+01 5.441040599999999540e+04 1.599583400000000211e+03 -1.091231499999999869e+04 1.054659900000000016e+04 -1.161700100000000020e+04 -2.572022400000000198e+04 -1.373770400000000154e+04 -4.220470499999999348e+00 -1.917053200000000124e-01 1.059200000000000000e+07 9.697099899999998510e+06 1.695848600000000062e+01
            v2_turb_20.0_20852.dat 1.284839799999999954e+01 9.093669100000000283e-01 6.859949899999999616e+03 4.245703399999999874e+02 1.301328599999999902e+01 4.708778800000000047e+04 -4.045222599999999602e+03 -1.340710699999999997e+04 1.022509900000000016e+04 -1.169640299999999843e+04 -2.707012999999999738e+04 -1.421720299999999952e+04 -5.151110200000000638e+00 -2.946858299999999820e-01 1.059200000000000000e+07 9.626449000000000000e+06 1.693919899999999856e+01
            v2_turb_20.0_25497.dat 1.378399900000000144e+01 9.099268999999999830e-01 7.239363199999999779e+03 4.556988800000000310e+02 1.392818100000000037e+01 5.073651400000000285e+04 -5.033508999999999105e+03 -1.223030499999999847e+04 1.032889699999999903e+04 -1.167779999999999927e+04 -2.668270400000000154e+04 -1.389180299999999806e+04 -4.729134499999999797e+00 -2.502564199999999794e-01 1.059200000000000000e+07 9.636759400000000373e+06 1.719329899999999967e+01
            v2_turb_20.0_29025.dat 1.239423599999999936e+01 9.017119499999999288e-01 7.067795000000000073e+03 4.310528199999999970e+02 1.312247100000000088e+01 4.490244299999999930e+04 -3.468700199999999768e+03 -1.463131399999999849e+04 1.027879600000000028e+04 -1.170860100000000057e+04 -2.716720200000000114e+04 -1.389830299999999988e+04 -4.925295400000000434e+00 -2.684722200000000392e-01 1.059200000000000000e+07 9.549515500000000000e+06 1.716009200000000234e+01
            v2_turb_20.0_43745.dat 1.199479900000000043e+01 9.114619499999999652e-01 7.181881500000000415e+03 4.329817400000000021e+02 1.141815800000000003e+01 4.292439099999999598e+04 -9.145403700000000754e+03 -1.238351399999999921e+04 1.031299899999999980e+04 -1.167900000000000000e+04 -2.554320100000000093e+04 -1.391080799999999908e+04 -4.623749999999999361e+00 -2.360205500000000234e-01 1.059200000000000000e+07 9.653309900000000373e+06 1.694967399999999813e+01
            v2_turb_20.0_51504.dat 1.439189200000000035e+01 9.055839999999999446e-01 6.134210199999999531e+03 3.723406700000000455e+02 1.372929800000000000e+01 3.458280500000000029e+04 -1.016820700000000033e+04 -1.544468800000000010e+04 1.015648999999999978e+04 -1.177120100000000093e+04 -2.809975800000000163e+04 -1.493220200000000114e+04 -5.569898300000000191e+00 -3.477926599999999757e-01 1.059200000000000000e+07 9.590769099999999627e+06 1.731738599999999906e+01
            v2_turb_20.0_54726.dat 1.273809499999999950e+01 9.073599399999999759e-01 7.317867299999999886e+03 4.515337700000000041e+02 1.388799500000000009e+01 4.725564799999999377e+04 -3.024465200000000095e+03 -1.053001399999999921e+04 1.008819499999999971e+04 -1.166900200000000041e+04 -2.510153600000000006e+04 -1.392110900000000038e+04 -4.195721500000000326e+00 -1.856586199999999687e-01 1.059200000000000000e+07 9.613508800000000745e+06 1.708849199999999868e+01
            v2_turb_21.0_25181.dat 1.533819000000000088e+01 9.024955900000000142e-01 6.136813900000000103e+03 3.736673900000000117e+02 1.368839899999999865e+01 3.821339199999999983e+04 -6.840738800000000083e+03 -1.444524100000000180e+04 1.019419800000000032e+04 -1.173890099999999984e+04 -2.634340799999999945e+04 -1.463251700000000164e+04 -5.718823100000000714e+00 -3.757775900000000502e-01 1.059200000000000000e+07 9.561726599999999627e+06 1.741159800000000146e+01
             v2_turb_21.0_3963.dat 1.523629700000000042e+01 8.978969099999999370e-01 5.018994900000000598e+03 3.138236499999999864e+02 1.366768399999999950e+01 2.181806799999999930e+04 -2.123700700000000143e+04 -1.769920400000000154e+04 9.521706399999999121e+03 -1.186540200000000004e+04 -2.953107899999999790e+04 -1.517421700000000055e+04 -6.512012599999999374e+00 -4.588081800000000099e-01 1.059200000000000000e+07 9.508878200000001118e+06 1.719044000000000239e+01
            v2_turb_21.0_42162.dat 1.558388799999999996e+01 9.113359800000000455e-01 6.986259700000000521e+03 4.073405900000000202e+02 1.534439400000000120e+01 4.435086000000000058e+04 -8.918550099999998565e+03 -1.234442899999999827e+04 1.023789800000000105e+04 -1.171400000000000000e+04 -2.570823099999999977e+04 -1.409090799999999945e+04 -5.413163800000000414e+00 -3.369066399999999795e-01 1.059200000000000000e+07 9.649209699999999255e+06 1.760088799999999765e+01
             v2_turb_21.0_5160.dat 1.658989899999999906e+01 9.083219000000000154e-01 5.908938999999999396e+03 3.611869900000000371e+02 1.459688599999999958e+01 3.233297399999999834e+04 -7.395907000000000153e+03 -1.557936499999999978e+04 9.984326500000001033e+03 -1.179300499999999920e+04 -2.689045000000000073e+04 -1.465570600000000195e+04 -5.629800300000000313e+00 -3.517887699999999729e-01 1.059200000000000000e+07 9.616189900000000373e+06 1.729798999999999864e+01
            v2_turb_21.0_57341.dat 1.497198799999999963e+01 9.023379799999999840e-01 5.749577800000000025e+03 3.495022799999999847e+02 1.434468299999999985e+01 3.604725100000000384e+04 -4.928488999999999578e+03 -1.362332400000000052e+04 9.694097700000000259e+03 -1.177129999999999927e+04 -2.795797499999999854e+04 -1.464884699999999975e+04 -6.039691500000000879e+00 -4.066535500000000303e-01 1.059200000000000000e+07 9.549778400000000373e+06 1.755398499999999729e+01
            v2_turb_21.0_61500.dat 1.471114599999999939e+01 9.057138099999999525e-01 5.797127499999999600e+03 3.566473300000000108e+02 1.376369799999999977e+01 3.178705999999999767e+04 -6.240806299999999283e+03 -1.699147100000000137e+04 9.814268899999999121e+03 -1.177840099999999984e+04 -2.753060999999999694e+04 -1.449550399999999900e+04 -5.812553600000000209e+00 -3.674214499999999828e-01 1.059200000000000000e+07 9.588159200000001118e+06 1.729098300000000066e+01
            v2_turb_22.0_29503.dat 1.465955499999999923e+01 9.118138500000000368e-01 6.226283500000000458e+03 3.514936200000000213e+02 1.462565099999999951e+01 3.533515299999999843e+04 -8.567378399999999601e+03 -1.231921299999999974e+04 9.861677599999999074e+03 -1.177740099999999984e+04 -2.602091500000000087e+04 -1.446092000000000007e+04 -6.216624300000000325e+00 -4.245067799999999725e-01 1.059200000000000000e+07 9.653569500000000000e+06 1.778849899999999806e+01
            v2_turb_22.0_40013.dat 1.534609100000000126e+01 9.017439299999999713e-01 6.112156399999999849e+03 3.716967000000000212e+02 1.408344300000000082e+01 3.775651999999999680e+04 -7.073626900000000205e+03 -1.449755600000000049e+04 1.008300000000000000e+04 -1.176040199999999822e+04 -2.613890200000000186e+04 -1.460350300000000061e+04 -5.867536799999999886e+00 -3.842492100000000077e-01 1.059200000000000000e+07 9.554268299999998882e+06 1.777837399999999946e+01
            v2_turb_22.0_40231.dat 1.762779799999999852e+01 9.132138599999999329e-01 6.360226499999999760e+03 3.726876500000000192e+02 1.441189199999999992e+01 3.350316300000000047e+04 -1.424084000000000015e+04 -1.242240599999999904e+04 1.002829899999999907e+04 -1.176850100000000020e+04 -2.606948300000000017e+04 -1.430380099999999948e+04 -5.670542300000000147e+00 -3.624074999999999935e-01 1.059200000000000000e+07 9.671599599999999627e+06 1.805299799999999877e+01
            v2_turb_22.0_41304.dat 1.612069999999999936e+01 9.089148200000000122e-01 6.627671200000000681e+03 3.790486199999999712e+02 1.484898999999999880e+01 3.886972699999999895e+04 -6.407538599999999860e+03 -1.230075200000000041e+04 1.000278999999999905e+04 -1.173760000000000036e+04 -2.537493500000000131e+04 -1.419620700000000033e+04 -5.724207799999999402e+00 -3.629041900000000154e-01 1.059200000000000000e+07 9.625279299999998882e+06 1.772587799999999802e+01
            v2_turb_22.0_47014.dat 1.588329700000000066e+01 9.051177100000000753e-01 5.747055699999999888e+03 3.427538000000000125e+02 1.554558500000000087e+01 3.648367900000000373e+04 -1.817843899999999849e+04 -1.391423199999999997e+04 1.014339999999999964e+04 -1.179879999999999927e+04 -2.693440900000000329e+04 -1.478481799999999930e+04 -6.274795100000000403e+00 -4.301632000000000233e-01 1.059200000000000000e+07 9.576379799999998882e+06 1.786459500000000133e+01
            v2_turb_22.0_52742.dat 1.540709999999999980e+01 8.974828200000000145e-01 6.175738799999999173e+03 3.635489199999999528e+02 1.547199900000000028e+01 3.770601799999999639e+04 -1.128780200000000150e+04 -1.266501499999999942e+04 9.911683600000000297e+03 -1.176350000000000000e+04 -2.869495800000000236e+04 -1.466183899999999994e+04 -6.232764199999999200e+00 -4.315594499999999556e-01 1.059200000000000000e+07 9.501409500000000000e+06 1.792126399999999720e+01
            v2_turb_23.0_18883.dat 1.724178900000000070e+01 9.007408399999999871e-01 5.351985200000000077e+03 3.034460600000000454e+02 1.579327500000000128e+01 2.715488300000000163e+04 -1.461228199999999924e+04 -1.354783899999999812e+04 9.773585399999999936e+03 -1.181590099999999984e+04 -2.726582099999999991e+04 -1.478921100000000115e+04 -6.908727299999998905e+00 -5.137138599999999666e-01 1.059200000000000000e+07 9.533519900000000373e+06 1.801198899999999981e+01
            v2_turb_23.0_31026.dat 1.588449999999999918e+01 9.016469399999998968e-01 5.815386899999999514e+03 3.412209599999999909e+02 1.567059099999999994e+01 3.099927800000000207e+04 -1.447690999999999985e+04 -1.512350900000000001e+04 9.793362800000000789e+03 -1.179000300000000061e+04 -2.556812199999999939e+04 -1.427640099999999984e+04 -6.268704900000000357e+00 -4.350875599999999843e-01 1.059200000000000000e+07 9.551659299999998882e+06 1.781519400000000175e+01
            v2_turb_23.0_36127.dat 1.522317700000000151e+01 8.889928799999999853e-01 4.943395800000000236e+03 2.939807899999999563e+02 1.473388600000000004e+01 2.484152899999999863e+04 -1.281960499999999956e+04 -1.726163999999999942e+04 9.851921299999999974e+03 -1.183410100000000057e+04 -2.705030199999999968e+04 -1.512025799999999981e+04 -6.877824099999998886e+00 -5.047953699999999655e-01 1.059200000000000000e+07 9.410888400000000373e+06 1.775300000000000011e+01
            v2_turb_23.0_49683.dat 1.749589899999999787e+01 8.958228900000000383e-01 5.212829000000000633e+03 3.018436600000000567e+02 1.596258199999999938e+01 2.959564200000000346e+04 -1.971070000000000073e+04 -1.638082499999999891e+04 9.242518100000001141e+03 -1.183030199999999968e+04 -2.776011099999999715e+04 -1.463351400000000103e+04 -6.898710200000000015e+00 -5.126296100000000688e-01 1.059200000000000000e+07 9.488159699999999255e+06 1.794839400000000040e+01
            v2_turb_23.0_49834.dat 1.687459800000000243e+01 8.995659699999999370e-01 6.089208300000000236e+03 3.554539199999999823e+02 1.662886800000000065e+01 3.605721200000000681e+04 -1.461669900000000052e+04 -1.288505000000000109e+04 1.008829099999999926e+04 -1.178700199999999859e+04 -2.612631499999999869e+04 -1.458232399999999870e+04 -6.434186499999999143e+00 -4.562274700000000238e-01 1.059200000000000000e+07 9.525609799999998882e+06 1.796469000000000094e+01
            v2_turb_23.0_57680.dat 1.687467499999999987e+01 9.106949899999999820e-01 6.247879600000000210e+03 3.581549599999999600e+02 1.580538400000000010e+01 3.810072900000000664e+04 -6.301195799999999508e+03 -1.222790299999999843e+04 1.006929799999999886e+04 -1.175689999999999964e+04 -2.475343500000000131e+04 -1.409420800000000054e+04 -5.993619500000000322e+00 -4.000112300000000509e-01 1.059200000000000000e+07 9.638229699999999255e+06 1.793759399999999715e+01
            v2_turb_24.0_11244.dat 1.874659700000000129e+01 8.912277499999999852e-01 5.116709400000000642e+03 2.989666700000000219e+02 1.698709100000000305e+01 3.014613199999999779e+04 -1.002582099999999991e+04 -1.346940999999999985e+04 9.777598700000000463e+03 -1.182920100000000093e+04 -2.487678999999999724e+04 -1.449290500000000065e+04 -6.704842199999999863e+00 -4.913097300000000001e-01 1.059200000000000000e+07 9.427568200000001118e+06 1.830947899999999962e+01
            v2_turb_24.0_11250.dat 1.633169800000000293e+01 8.920679499999999429e-01 4.268609999999999673e+03 2.704158400000000029e+02 1.631748499999999780e+01 2.460165100000000166e+04 -1.757220799999999872e+04 -1.869769099999999526e+04 9.996758400000000620e+03 -1.189770200000000114e+04 -2.652991800000000148e+04 -1.524741399999999885e+04 -7.121721299999999921e+00 -5.281874500000001138e-01 1.059200000000000000e+07 9.440026699999999255e+06 1.780204799999999921e+01
              v2_turb_24.0_377.dat 1.809289100000000161e+01 8.982879299999999567e-01 4.788658500000000458e+03 2.880620599999999740e+02 1.728757000000000232e+01 2.847005199999999968e+04 -8.696167199999999866e+03 -1.611727800000000025e+04 1.001509599999999955e+04 -1.182770200000000114e+04 -2.535531299999999828e+04 -1.510461900000000060e+04 -7.311000800000000410e+00 -5.645393600000000456e-01 1.059200000000000000e+07 9.513559000000000000e+06 1.799397599999999997e+01
            v2_turb_24.0_44891.dat 1.848789400000000072e+01 8.884718200000000232e-01 4.328005200000000514e+03 2.694325200000000109e+02 1.550117900000000049e+01 2.138274899999999980e+04 -9.764677899999998772e+03 -2.035313799999999901e+04 9.240028300000001764e+03 -1.188510100000000057e+04 -2.677850400000000081e+04 -1.473871700000000055e+04 -7.543893499999999364e+00 -5.963088799999999301e-01 1.059200000000000000e+07 9.402339900000000373e+06 1.806936000000000320e+01
            v2_turb_24.0_50518.dat 1.769959800000000172e+01 9.030739899999999931e-01 5.344118199999999888e+03 3.142256900000000428e+02 1.696457200000000043e+01 3.152803099999999904e+04 -1.416192499999999927e+04 -1.297610800000000017e+04 9.771596600000000763e+03 -1.181570100000000093e+04 -2.384665699999999924e+04 -1.464361499999999978e+04 -6.701975199999999688e+00 -4.839715999999999463e-01 1.059200000000000000e+07 9.556738400000000373e+06 1.838198699999999874e+01
            v2_turb_24.0_60394.dat 1.758697700000000097e+01 8.938846100000000794e-01 5.283494400000000496e+03 2.919184399999999755e+02 1.622188600000000136e+01 2.599606400000000212e+04 -7.108253599999999096e+03 -1.461946600000000035e+04 9.356157599999998638e+03 -1.184729999999999927e+04 -2.814690600000000268e+04 -1.490232099999999991e+04 -7.640385300000000157e+00 -5.958178200000000535e-01 1.059200000000000000e+07 9.469119900000000373e+06 1.818849800000000272e+01
