Statistics: std. Generated: 11/11/2020 08:38:31. No. files: 120.
                              File                       4                      10                      13                      15                      19                      20                      22                      23                      27                      28                      29                      72                     102                     110
  dtu_10mw_rwt_turb_10.0_14324.dat 1.636852701852684611e-01 5.827896506239858831e-02 1.610776688294640735e+02 1.806022603891690004e+00 2.383214560635377347e+04 7.045676129150882844e+03 5.095123730844652528e+03 1.079113483560360237e+03 1.004964347123833136e+03 4.084371560305777621e+03 6.238850056845023573e+03 9.353264417740504723e+05 1.304543972185421037e+06 1.973450202224583805e+01
  dtu_10mw_rwt_turb_10.0_26862.dat 4.091984006438513233e-01 8.760001437801423485e-02 2.179141505899472406e+02 1.799591484334873037e+00 2.850334193421233067e+04 5.457377843343383574e+03 4.198094420648966661e+03 1.430661337621271741e+03 1.378042599524351772e+03 4.532968869173589155e+03 6.313757023700354694e+03 1.290175553192168009e+06 1.833971299766476732e+06 1.996645280662665201e+01
  dtu_10mw_rwt_turb_10.0_47824.dat 8.979926670437231306e-02 6.444577434503917512e-02 2.026313707302975615e+02 1.812039562975791940e+00 3.071867032661065605e+04 9.551472569247825959e+03 3.399424468413221348e+03 1.733691487051489958e+03 1.667511134071172137e+03 4.236923557365130364e+03 6.408091579121301947e+03 1.567496092482740758e+06 1.511958590326266596e+06 1.972001027932361694e+01
  dtu_10mw_rwt_turb_10.0_51321.dat 1.522215812548588287e+00 9.620129078841091474e-02 2.404240371324641501e+02 2.288134108476471695e+00 3.053357524004191873e+04 6.342264596260495637e+03 4.841237807844298914e+03 1.639881235502121399e+03 1.678763065267918137e+03 5.040595864735244504e+03 6.383230277935708727e+03 1.576416716221530223e+06 2.055491522821702762e+06 1.999039499923653906e+01
  dtu_10mw_rwt_turb_10.0_52263.dat 7.073717771776423524e-02 7.465249524000590331e-02 2.215805759282010001e+02 2.195632909743076677e+00 2.859338815173130570e+04 3.837028553007768096e+03 3.295876134278173140e+03 1.752120201236328057e+03 1.589489518440456550e+03 4.500827997667116506e+03 6.352191241162067854e+03 1.493853658889456885e+06 1.819216517005812610e+06 1.977649831773880251e+01
  dtu_10mw_rwt_turb_10.0_55769.dat 1.152791020955246548e+00 9.357172259211213317e-02 2.057648926081400873e+02 2.102523641758648143e+00 2.711868011644770013e+04 7.420661894874143400e+03 5.077201331214166203e+03 1.195232552283931454e+03 1.236557892634587915e+03 5.214208865894568589e+03 6.682579913871863937e+03 1.153613916583634214e+06 1.737587649749123026e+06 1.992759726684253607e+01
  dtu_10mw_rwt_turb_11.0_21716.dat 2.936752718825088593e+00 9.880797705224016181e-02 2.114502755869393127e+02 1.966900116612741778e+00 2.663781166932923225e+04 6.911458905299155049e+03 5.290965044448073968e+03 1.167602336287299295e+03 1.232451928183147402e+03 4.965493093093474272e+03 6.487342296164521940e+03 1.111434964839939028e+06 1.711940101073644357e+06 1.983450303008624260e+01
  dtu_10mw_rwt_turb_11.0_40322.dat 1.853453393058369203e+00 8.732601283945333470e-02 1.807025497850170268e+02 2.095867948230363265e+00 2.445753759997201269e+04 5.171446025101161467e+03 4.919800105425173570e+03 1.008073637139046696e+03 9.767909445971757805e+02 4.354747905547851587e+03 6.334336510957231440e+03 9.073844932965378975e+05 1.463542143695582403e+06 1.993739999057972412e+01
  dtu_10mw_rwt_turb_11.0_43619.dat 2.965982127304563676e+00 8.804701902338196717e-02 2.259925657521741869e+02 2.455012966688789877e+00 2.955662357352711115e+04 6.092050407853584147e+03 5.848143472784657206e+03 1.514654302663729595e+03 1.264549422367110310e+03 5.642524195302464250e+03 6.589878329001367092e+03 1.150375008946862072e+06 1.702403950772008859e+06 1.992222260887757912e+01
  dtu_10mw_rwt_turb_11.0_47165.dat 1.855090080690783960e+00 9.406294411619792184e-02 1.925997461333641638e+02 2.252838748808695613e+00 2.580291305415778334e+04 6.718077171652032121e+03 5.500108313397993697e+03 1.401101346704390153e+03 1.163262575011132185e+03 4.879481277623195638e+03 6.206624063728880174e+03 1.070743006805879297e+06 1.676888806131936377e+06 1.992471976279080081e+01
  dtu_10mw_rwt_turb_11.0_47952.dat 1.913619337046763846e-03 4.175705718225920793e-02 1.304231217630845947e+02 2.021581046426754291e+00 1.950238354532904486e+04 4.517054278168625387e+03 4.714177928753772903e+03 9.383301820344746602e+02 8.371334950441363389e+02 3.991809721788906700e+03 6.535921839597229337e+03 6.873418061695190845e+05 9.767407350381168071e+05 2.004931050468977460e+01
  dtu_10mw_rwt_turb_11.0_50292.dat 1.917479503168167732e+00 1.039448098853713309e-01 2.155641042017312827e+02 2.356282969680142614e+00 2.811208856668852968e+04 5.315830215277534080e+03 4.355565188367961127e+03 1.693981134724817366e+03 1.485484369386706703e+03 5.040455304324235840e+03 6.531774880922907869e+03 1.393693135951762786e+06 2.013727817530960310e+06 1.979449373893172393e+01
  dtu_10mw_rwt_turb_12.0_14324.dat 2.506930037246938969e+00 2.580697872043909505e-02 2.177776384637242302e+02 2.064290860637487235e+00 2.469673280979121773e+04 8.241928304156945160e+03 5.226568426414301939e+03 5.440905754216307741e+02 8.021998311738720986e+02 5.375852253321039825e+03 6.297403509837818092e+03 2.805121431172125740e+05 3.163429035738798484e+04 1.967617595289478416e+01
  dtu_10mw_rwt_turb_12.0_26862.dat 2.943488173355431670e+00 3.725768481124336340e-02 2.085272999964925020e+02 2.012793552208191450e+00 2.444783758551597202e+04 7.949842275905927636e+03 4.260835825890868364e+03 5.340502271288936527e+02 3.136981093069962867e+02 5.129157713512344344e+03 6.407869752550869634e+03 2.390940961642560142e+05 2.263583063350823359e+05 1.970987313948646857e+01
  dtu_10mw_rwt_turb_12.0_47824.dat 1.569869990317709796e+00 1.044965911047868734e-01 2.354911378261445236e+02 1.983235826781430289e+00 2.926433219760130305e+04 5.504754597913926773e+03 4.465686892591585092e+03 1.573385002078146272e+03 1.548938595678419233e+03 5.053824931705832569e+03 6.527931734841997240e+03 1.451929734820220387e+06 2.022183000369028887e+06 2.006646950775261828e+01
  dtu_10mw_rwt_turb_12.0_51321.dat 3.727520834227532998e+00 6.699768894727564650e-02 2.280613921278269061e+02 2.585073057655542517e+00 2.822061439389069346e+04 5.873190569162726206e+03 6.022886771543902796e+03 8.010093034394163851e+02 6.058958418436009197e+02 5.725654198621072283e+03 6.445422430515514861e+03 5.188570624575563706e+05 8.449586828715220327e+05 1.983297945974192800e+01
  dtu_10mw_rwt_turb_12.0_52263.dat 2.894787108238085604e+00 6.729300877594315833e-02 1.819868984169000896e+02 2.424626543221235053e+00 2.338814550525376035e+04 7.278054463924220727e+03 4.328981799681359007e+03 7.513740192211931799e+02 5.563142262158864924e+02 4.719120361187281560e+03 6.426693000407850377e+03 4.933918120327075012e+05 8.822669889352733735e+05 1.985766444728017888e+01
  dtu_10mw_rwt_turb_12.0_55769.dat 2.887389417382935530e+00 4.490302603193729175e-02 2.030979446019340173e+02 2.326523170227735360e+00 2.505645225231425502e+04 1.193120885109659866e+04 5.686868642116926821e+03 8.660904730009574450e+02 4.077208048127606048e+02 5.831302268776823439e+03 6.731221062311566129e+03 3.019219706075912691e+05 5.171506370803541504e+05 1.967342568176930939e+01
  dtu_10mw_rwt_turb_13.0_21716.dat 3.788708868379719430e+00 5.546599942172856373e-02 2.323038955866332174e+02 2.284783561230371074e+00 2.943613435382667376e+04 8.770507654233304493e+03 6.035675287795543227e+03 7.182201251350585380e+02 8.677869266932713117e+02 5.682842275652950775e+03 6.576200464033527169e+03 4.248783418349222629e+05 6.735753857302131364e+05 1.948552501312678942e+01
  dtu_10mw_rwt_turb_13.0_40322.dat 2.827095053754770326e+00 1.839487697618771844e-02 2.050911231751991863e+02 2.326442814431862516e+00 2.294502555750566171e+04 6.308535900557004425e+03 5.318690696517904144e+03 5.588104768655668977e+02 3.610694751663622242e+02 5.298946128352935375e+03 6.390981255420349044e+03 1.866053221679291455e+05 9.197658038711086192e+03 1.956886237863506395e+01
  dtu_10mw_rwt_turb_13.0_43619.dat 3.453716818512563069e+00 3.375250634006578265e-02 2.405047762133732476e+02 2.673470674422897542e+00 2.832442987124268257e+04 5.144812173441791856e+03 5.851366161024657231e+03 6.307734751870183345e+02 4.837315223001525055e+02 6.030634692714797893e+03 6.601675936453798386e+03 2.768804127160371863e+05 1.906616301522060821e+05 1.963016182327315207e+01
  dtu_10mw_rwt_turb_13.0_47165.dat 3.392624289698634499e+00 3.395464735925725341e-02 2.364003568769403500e+02 2.498476065163624860e+00 2.924510032588401737e+04 6.684866898758921707e+03 6.395947484803884436e+03 6.839064193821220670e+02 5.086739769965706728e+02 5.975192132307504835e+03 6.283513999198393321e+03 3.025858491630609496e+05 1.037884222747076274e+05 1.958735625616992948e+01
  dtu_10mw_rwt_turb_13.0_47952.dat 1.429201404002612419e+00 1.736585155261401864e-02 1.404011534177379872e+02 2.222660817079288087e+00 1.909362714624773071e+04 7.432274256357242848e+03 5.411049850506209623e+03 6.092011977165973349e+02 3.240309689294660984e+02 4.567410053022929787e+03 6.552957368862621479e+03 1.747079192116220365e+05 8.107563535245509229e+03 1.965188479347840556e+01
  dtu_10mw_rwt_turb_13.0_50292.dat 3.713361364694368838e+00 5.951307189314802848e-02 2.358324691188023792e+02 2.603656076246038786e+00 2.974559012820493808e+04 5.078366972290332342e+03 5.140046906039578062e+03 7.243340522391629293e+02 4.598417501728681600e+02 6.090364482764161949e+03 6.653721356227132674e+03 3.844315009050803492e+05 6.918767084536635084e+05 1.976586088851872702e+01
  dtu_10mw_rwt_turb_14.0_14324.dat 1.757678856626966546e+00 2.489618347563839901e-02 1.465265742530217210e+02 2.320671597867229430e+00 1.750039973089928390e+04 1.317320411190633786e+04 5.644086833879277947e+03 6.044019329154484694e+02 4.958922749011263704e+02 4.825100017137798204e+03 6.396814722913336482e+03 2.553162917928869138e+05 1.264616259439149326e+04 1.914262235890572583e+01
  dtu_10mw_rwt_turb_14.0_26862.dat 1.918974430195111047e+00 1.857408505385793260e-02 1.272431905735148803e+02 2.229209626111626541e+00 1.603086715483051012e+04 6.553118659871808632e+03 4.812278914533027091e+03 5.175942580736166292e+02 3.039351471115204504e+02 4.561557138188415593e+03 6.481162570307589704e+03 1.872899698926717683e+05 7.003429178820299057e+03 1.920370761138312687e+01
  dtu_10mw_rwt_turb_14.0_47824.dat 3.314101045791250755e+00 5.837286042179190559e-02 2.018539792646477906e+02 2.154704055213065406e+00 2.614343062747366275e+04 8.194442426307148708e+03 5.427330829216160055e+03 7.154007788739098714e+02 4.281685042913231314e+02 5.348748577962530362e+03 6.588312527670765121e+03 3.633120498786267708e+05 7.177757908556644106e+05 1.976117735542582921e+01
  dtu_10mw_rwt_turb_14.0_51321.dat 3.178256288253428430e+00 2.819619499213785879e-02 2.030119335630731143e+02 2.863849789124311318e+00 2.563322432939810824e+04 1.030524797441335795e+04 6.550972136988625607e+03 7.387681301914260530e+02 5.188732698279778788e+02 5.856595640227556942e+03 6.518326028435391891e+03 2.885834201877678861e+05 1.319142629948607646e+04 1.937757707186405653e+01
  dtu_10mw_rwt_turb_14.0_52263.dat 2.578265890806369143e+00 2.339401295547545098e-02 1.766663031871152327e+02 2.645497296112675034e+00 2.363697456251252152e+04 4.738365873173168438e+03 5.036702075449496078e+03 6.162063392426541668e+02 4.070279459647195495e+02 5.131038849314084473e+03 6.504822955618772539e+03 2.357219364343134803e+05 9.797290765269322947e+03 1.940291424000308851e+01
  dtu_10mw_rwt_turb_14.0_55769.dat 2.407246477857205136e+00 2.365356279522283153e-02 1.730297628852299283e+02 2.548449234581779965e+00 2.183304713858685500e+04 7.282541460568945695e+03 6.114880827458491694e+03 8.808212643483452666e+02 3.828469866780380926e+02 5.850808752731181812e+03 6.832072859807287387e+03 2.377340529945167364e+05 8.769003286373732408e+03 1.919547264626305960e+01
  dtu_10mw_rwt_turb_15.0_21716.dat 3.334693969698935501e+00 3.092954555604474423e-02 2.136241930366359156e+02 2.596686586808546693e+00 2.778701009717752459e+04 1.196846106499483722e+04 6.368770786724507161e+03 7.099530949384933365e+02 6.103054227215360470e+02 5.805949954336309929e+03 6.666060183555136973e+03 3.222683777984958142e+05 1.543693049595084813e+04 1.911148791723215723e+01
  dtu_10mw_rwt_turb_15.0_40322.dat 1.985100599573341729e+00 1.976333593160041133e-02 1.272922712339597666e+02 2.553588142936945360e+00 1.563566481272962119e+04 8.687699470142275459e+03 6.090131711579992043e+03 6.318028071977643094e+02 3.484659671831823289e+02 4.761471440833704946e+03 6.457582370788255503e+03 1.999602227447618789e+05 8.417350755404748270e+03 1.912751148503489773e+01
  dtu_10mw_rwt_turb_15.0_43619.dat 2.595584903617905503e+00 2.640256859221622524e-02 1.669952542654572198e+02 2.890751540963260702e+00 2.043328579292619543e+04 9.594668801505244119e+03 6.044362337761755953e+03 6.742496718864613285e+02 5.163885006206909338e+02 5.440593049654139577e+03 6.667047302403198046e+03 2.682830244233277044e+05 1.314265691051215435e+04 1.918213518870295076e+01
  dtu_10mw_rwt_turb_15.0_47165.dat 2.572906945554612967e+00 2.755234480277814549e-02 1.761872730655398129e+02 2.725448585304834470e+00 2.268842553488817066e+04 9.658745731238919689e+03 6.567062162760146748e+03 7.041017791180250924e+02 4.444140955059472731e+02 5.526861881411885406e+03 6.378497031233556299e+03 2.783999130251071765e+05 1.014426932729120927e+04 1.912882009365655023e+01
  dtu_10mw_rwt_turb_15.0_47952.dat 1.156331995427533732e+00 1.943956190630252018e-02 1.177774982197046825e+02 2.432449808275912062e+00 1.795923781925569710e+04 1.208781248913765739e+04 5.929107256823428543e+03 7.118215359592776394e+02 3.344050701515950550e+02 4.670847119902646227e+03 6.627340822651889539e+03 1.953823186456513067e+05 8.023309562755425759e+03 1.920278677687874591e+01
  dtu_10mw_rwt_turb_15.0_50292.dat 2.849307201792492528e+00 2.432239507179031340e-02 1.770215076120209972e+02 2.855373245808618954e+00 2.232680437244040149e+04 6.730546827721072077e+03 5.226378440204105573e+03 6.963533402754144390e+02 5.015050625591542257e+02 5.566624228052729450e+03 6.687633442458170066e+03 2.462277786829457909e+05 1.299872786774397900e+04 1.930762542620640332e+01
  dtu_10mw_rwt_turb_16.0_14324.dat 1.654921326606139553e+00 2.894441825491105014e-02 1.347639585010535654e+02 2.586266169383608204e+00 1.682251472326190560e+04 1.560753866214859954e+04 6.108631199440221280e+03 6.802172668527811084e+02 5.172292123093758391e+02 5.052677287290492131e+03 6.492144866576128152e+03 2.962531472207863699e+05 1.250458402649735763e+04 1.879208801818420582e+01
  dtu_10mw_rwt_turb_16.0_26862.dat 1.715760392100127429e+00 2.181540421365818841e-02 1.081746568890711018e+02 2.450091451271702248e+00 1.495718355365067509e+04 1.024969968091167721e+04 5.324446813440055848e+03 5.910208927775372558e+02 3.518050064939798744e+02 4.670433553534928251e+03 6.601851454543196269e+03 2.203630488611056935e+05 8.018437796806279948e+03 1.886026543091039187e+01
  dtu_10mw_rwt_turb_16.0_47824.dat 2.599526422026661177e+00 2.197996927766495204e-02 1.645454427426734014e+02 2.337061247245643791e+00 2.227475732768531452e+04 1.431257334097147941e+04 5.835404242410084407e+03 7.676489804104215864e+02 3.650294414367897389e+02 5.253014696456115416e+03 6.668138532733352804e+03 2.255956993885249249e+05 8.388671142866669470e+03 1.932524347977499701e+01
  dtu_10mw_rwt_turb_16.0_51321.dat 2.689266038185186947e+00 3.165774196632221982e-02 1.480018615397484041e+02 3.131862263680693648e+00 2.016791106057810975e+04 9.658170433339795636e+03 7.009872896329536161e+03 7.881270653888187780e+02 5.259286716309152325e+02 5.638981863719501234e+03 6.628052443322369982e+03 3.230231985719167278e+05 1.221600197937497251e+04 1.901934444580684413e+01
  dtu_10mw_rwt_turb_16.0_52263.dat 2.161661966610831875e+00 2.580153854049163295e-02 1.317388011742541494e+02 2.872081324812560510e+00 1.916842018195725905e+04 5.828336641947167664e+03 5.403371115401278985e+03 6.792568861151231658e+02 4.951298901637625249e+02 4.844750749777163037e+03 6.615646205126172390e+03 2.611483835545149050e+05 1.248555726024363867e+04 1.901887122323845603e+01
  dtu_10mw_rwt_turb_16.0_55769.dat 2.090684814827100446e+00 2.706740035690417129e-02 1.445253702778259708e+02 2.775724233533250818e+00 1.938300608408808694e+04 1.082004876781590247e+04 6.529706126671358106e+03 9.627408412884337849e+02 5.138286364933308050e+02 5.845927092160910433e+03 6.966257327788138355e+03 2.742247699239696958e+05 1.285350470268089339e+04 1.886338705708200791e+01
  dtu_10mw_rwt_turb_17.0_21716.dat 2.909450403564199039e+00 3.406370826377561750e-02 1.635991606385346131e+02 2.897604262486252580e+00 2.279379617807342947e+04 1.253434245515462862e+04 6.749043915840555201e+03 7.571999205419315331e+02 7.782416962882811049e+02 5.487638953329628748e+03 6.772497743141896535e+03 3.596841223445814685e+05 2.062068318088903470e+04 1.878905179710898921e+01
  dtu_10mw_rwt_turb_17.0_40322.dat 1.834729280656004269e+00 2.269088086201408866e-02 1.149668117413531974e+02 2.780401685429353176e+00 1.538372743783181613e+04 7.709790971767012707e+03 6.738176435292923998e+03 6.957772414200295543e+02 3.864072452629558825e+02 5.201765568805555631e+03 6.573704418480071581e+03 2.290644995088521682e+05 9.154630980572230328e+03 1.882223996643870834e+01
  dtu_10mw_rwt_turb_17.0_43619.dat 2.348775702280187616e+00 3.036155592424962663e-02 1.421738873628313229e+02 3.110710591871003405e+00 1.921076591820864269e+04 1.103087868309742407e+04 6.352821805379685429e+03 7.230853348413716049e+02 5.292873606116784231e+02 5.357955186307641270e+03 6.744035534361488317e+03 3.071370315956681734e+05 1.267180224154610369e+04 1.887157760178285315e+01
  dtu_10mw_rwt_turb_17.0_47165.dat 2.342518177944636903e+00 3.133229415833813092e-02 1.512278388286761412e+02 2.952945178288083561e+00 2.076965079831225012e+04 1.136244227983675046e+04 6.868673075394809530e+03 7.620941818631984006e+02 5.714875633447688870e+02 5.576404101555765010e+03 6.463101075739555199e+03 3.181155242215711041e+05 1.401776612704977015e+04 1.882282823293316554e+01
  dtu_10mw_rwt_turb_17.0_47952.dat 1.131036267153126884e+00 2.220020362048875234e-02 1.161392355472894451e+02 2.641733311560077624e+00 1.894422166780430416e+04 1.593872834346868149e+04 6.465447346917047071e+03 8.137528748413711810e+02 3.973294577125466844e+02 5.029713084877953406e+03 6.726410466621270643e+03 2.238102360480887291e+05 9.723791469534773569e+03 1.888033819303398531e+01
  dtu_10mw_rwt_turb_17.0_50292.dat 2.538051371297227021e+00 2.784809627466810003e-02 1.429031673279569361e+02 3.107367651499882921e+00 1.925564194188693364e+04 9.016597489527344806e+03 5.576918985119107674e+03 7.763108253775567391e+02 4.589931186424777252e+02 5.403888943829451819e+03 6.781888249220578473e+03 2.793893199603084940e+05 1.064153771266201329e+04 1.895408683486699886e+01
  dtu_10mw_rwt_turb_18.0_14324.dat 1.639315833818962620e+00 3.345304186978938221e-02 1.324338505247168314e+02 2.859349071713555013e+00 1.721691410317623013e+04 1.233043952545861430e+04 6.613969556937529887e+03 7.041914139013897511e+02 6.022854422542251314e+02 5.456572393002137687e+03 6.617947758286573844e+03 3.436319268486661022e+05 1.465071654469196983e+04 1.851642122217201702e+01
  dtu_10mw_rwt_turb_18.0_26862.dat 1.652532985813728095e+00 2.549533185639930866e-02 1.029672714438766548e+02 2.674766717736690946e+00 1.569766494287710157e+04 1.184191679415747058e+04 5.848599243516152455e+03 6.548094116102836324e+02 4.234142286169002318e+02 5.071153933856850927e+03 6.736978323865854691e+03 2.584986817074250139e+05 9.837136213552850677e+03 1.858261459014475392e+01
  dtu_10mw_rwt_turb_18.0_47824.dat 2.183162240503537355e+00 2.509068267181556108e-02 1.301202291631238666e+02 2.533102419296653807e+00 1.855837796579006681e+04 1.068537617148257959e+04 6.167266444518817480e+03 7.861693904469473182e+02 4.583230748214382402e+02 5.171850713428974814e+03 6.780657174458662666e+03 2.586133046750227222e+05 1.123591055337831676e+04 1.899829241170026606e+01
  dtu_10mw_rwt_turb_18.0_51321.dat 2.569593998343341568e+00 3.591320570822474634e-02 1.344443302021142870e+02 3.395216881776521589e+00 1.969790764514516559e+04 1.419165797574021417e+04 7.487406049691487169e+03 8.863206196987067642e+02 5.461085307419139099e+02 5.898595656987701659e+03 6.742418919852792897e+03 3.667400705878783483e+05 1.185248080327788011e+04 1.873211292996012389e+01
  dtu_10mw_rwt_turb_18.0_52263.dat 2.065104809670647246e+00 2.960869471208379261e-02 1.206788386733045684e+02 3.104889409758842866e+00 1.927303735402973689e+04 1.437475998023335706e+04 5.834438912787076333e+03 8.009521642487137569e+02 4.767351902698539448e+02 5.175899148427200998e+03 6.769753089969415669e+03 2.979710597091166419e+05 1.085121656808426997e+04 1.874501210394364037e+01
  dtu_10mw_rwt_turb_18.0_55769.dat 1.993357227549859889e+00 3.086781524769428506e-02 1.388701473033868012e+02 3.005944720026973549e+00 2.006277711614228247e+04 1.949728360030683689e+04 6.945779611940780342e+03 1.087434905778265374e+03 4.890449186287382304e+02 6.060154304988466720e+03 7.062408670208752483e+03 3.114818563450515503e+05 1.097086607396995350e+04 1.858267324143767496e+01
  dtu_10mw_rwt_turb_19.0_21716.dat 2.774716760281322525e+00 3.829265336041733775e-02 1.479794853545286060e+02 3.184956112335004974e+00 2.250207335385974147e+04 1.547934461985845337e+04 7.099614116475891933e+03 8.340153321296630793e+02 8.166519783904963106e+02 5.583479754232452251e+03 6.886207321984511509e+03 4.062641038500046125e+05 2.115680992368854641e+04 1.851652008555165452e+01
  dtu_10mw_rwt_turb_19.0_40322.dat 1.788094356822034658e+00 2.606312031049527744e-02 1.142737642881893692e+02 2.999445238459240493e+00 1.649923385293481260e+04 1.114269518616686946e+04 7.310693606177002039e+03 7.877253942634168880e+02 4.233799559296494408e+02 5.570668933232527706e+03 6.669328749892128144e+03 2.628976431868997170e+05 9.713475180705701860e+03 1.856800722177639429e+01
  dtu_10mw_rwt_turb_19.0_43619.dat 2.226888750477288959e+00 3.451264111686154490e-02 1.321543861639848103e+02 3.325617161199041494e+00 1.903167265365738785e+04 1.009208767105468360e+04 6.626090361665134878e+03 7.515927084134804090e+02 5.445830398902712659e+02 5.529325963954693179e+03 6.844525561530446794e+03 3.482663520272637834e+05 1.223452739537977504e+04 1.861955559769553403e+01
  dtu_10mw_rwt_turb_19.0_47165.dat 2.248373324930534434e+00 3.533216228190629027e-02 1.420829398580750649e+02 3.175765429527083406e+00 2.080110160835636270e+04 1.365286141789973772e+04 7.152380159419102711e+03 8.222097377177119597e+02 5.780586001911972289e+02 5.800936604865823028e+03 6.581445033299791248e+03 3.585014272595449584e+05 1.328044853913198494e+04 1.855601077458248938e+01
  dtu_10mw_rwt_turb_19.0_47952.dat 1.151609208634114090e+00 2.538721891653326901e-02 1.199270003142806189e+02 2.845155823697629760e+00 2.076021187950519743e+04 1.863092827836059951e+04 6.957605359606357524e+03 9.022422656069351206e+02 4.567699829077802178e+02 5.341914614184749553e+03 6.871405408656471081e+03 2.565940599599583074e+05 1.121540234897227856e+04 1.861769079765270263e+01
  dtu_10mw_rwt_turb_19.0_50292.dat 2.424861208798114287e+00 3.151419749221560929e-02 1.308787434291488694e+02 3.344921865214515844e+00 1.829303454728231372e+04 8.790232394565129653e+03 5.927013642188407175e+03 8.340996560255670147e+02 4.988441998808015683e+02 5.663999256816783600e+03 6.904858405477793895e+03 3.152549640184724121e+05 1.127986640783649636e+04 1.869114010069015208e+01
  dtu_10mw_rwt_turb_20.0_14324.dat 1.635834391973820967e+00 3.805430656235588016e-02 1.362001190628253369e+02 3.134011294638193501e+00 1.812365164420243673e+04 1.490600203185668579e+04 7.102236552130095333e+03 7.896295973154475405e+02 6.565783469545634716e+02 5.966906087241727619e+03 6.732680494008918686e+03 3.913493346002987237e+05 1.561004682533362393e+04 1.828620150823639534e+01
  dtu_10mw_rwt_turb_20.0_26862.dat 1.631135860564523199e+00 2.917550851042742879e-02 1.026369883123493452e+02 2.898342306766126253e+00 1.744739169755190596e+04 1.414449773320170243e+04 6.406264984603832090e+03 7.260493384601577418e+02 4.497058460267089117e+02 5.486435194781013706e+03 6.847337483886389236e+03 2.960310550704969210e+05 9.837544982375226027e+03 1.834490109915885725e+01
  dtu_10mw_rwt_turb_20.0_47824.dat 2.058395819510068669e+00 2.849144850169638143e-02 1.227211412120840350e+02 2.737910462740085649e+00 1.844351984566729152e+04 1.389772129668082016e+04 6.575220258246742560e+03 8.537710030827894343e+02 4.335504910576729571e+02 5.393312727481796173e+03 6.861823583140220762e+03 2.921772327238611761e+05 9.240434641087664204e+03 1.872438681515865966e+01
  dtu_10mw_rwt_turb_20.0_51321.dat 2.515178958641650642e+00 4.002195852578488422e-02 1.309400589217904383e+02 3.650198827940836832e+00 2.040415308243460095e+04 1.449891418869283734e+04 7.902162639057110937e+03 9.510510204243213366e+02 6.152925650018878514e+02 5.984832673297330075e+03 6.818293387150732997e+03 4.096079024220746942e+05 1.344907184151361798e+04 1.847735240345254581e+01
  dtu_10mw_rwt_turb_20.0_52263.dat 2.011302266447696052e+00 3.338279322152446632e-02 1.168464334354545286e+02 3.334127554415260430e+00 1.900161942970534801e+04 1.419405620158311831e+04 6.346305629657919781e+03 8.619644797068752951e+02 6.240865196833684649e+02 5.546289272559624806e+03 6.894954607503053921e+03 3.384335381612691563e+05 1.560942888127948754e+04 1.849405196020780906e+01
  dtu_10mw_rwt_turb_20.0_55769.dat 1.953041818065130553e+00 3.538260244920408970e-02 1.384447721545166701e+02 3.233478641241742668e+00 2.086079458740134942e+04 1.637372806069566650e+04 7.373667934090212839e+03 1.120261764195248361e+03 6.428004887348840839e+02 6.306742078729902460e+03 7.287731530773807208e+03 3.579022052307522972e+05 1.582469747278803516e+04 1.834950435400824276e+01
  dtu_10mw_rwt_turb_21.0_21716.dat 2.730484453670346312e+00 4.295368199737479437e-02 1.427569302792308008e+02 3.485618153424352883e+00 2.207212725184537339e+04 1.337080086112965546e+04 7.534016810764611364e+03 8.704748856232149592e+02 8.955650369072411650e+02 5.942411350072555251e+03 7.041523337889895629e+03 4.600431642349669128e+05 2.572626663122078389e+04 1.829283420095028134e+01
  dtu_10mw_rwt_turb_21.0_40322.dat 1.786512984860160413e+00 3.015488531839413330e-02 1.197829019340300079e+02 3.239070787291644660e+00 1.817352859026963415e+04 1.261131478408383737e+04 7.921921805581920125e+03 8.817963732326090849e+02 5.501641631197672950e+02 5.810513111184685840e+03 6.802552401384592486e+03 3.062939293914859882e+05 1.359864366611879814e+04 1.834760792952459241e+01
  dtu_10mw_rwt_turb_21.0_43619.dat 2.158260134149901255e+00 3.869531724590989652e-02 1.284017009645539531e+02 3.557972646922164639e+00 1.973443620413920871e+04 1.271100004959972648e+04 6.938812020848105021e+03 8.125901159958277731e+02 5.902774598107281463e+02 5.855015809494768291e+03 6.962776279986395821e+03 3.904618143193621072e+05 1.288362730849434411e+04 1.839022051003762925e+01
  dtu_10mw_rwt_turb_21.0_47165.dat 2.198940106033305586e+00 3.947618101528563295e-02 1.400384859800834931e+02 3.419635918046363798e+00 2.143638597455050331e+04 1.304906025887287433e+04 7.485251796393508812e+03 8.596115706589122283e+02 6.983322540826269460e+02 6.078823752152595262e+03 6.702625940901717513e+03 4.036992413382855593e+05 1.689733983065179200e+04 1.831356830221854182e+01
  dtu_10mw_rwt_turb_21.0_47952.dat 1.184806340914463352e+00 2.830689956696190446e-02 1.248454097433091476e+02 3.069035331918072984e+00 2.255275391248086817e+04 1.535794654593399537e+04 7.495263813142678373e+03 9.457474298778789716e+02 5.202066864475186776e+02 5.803714168569251342e+03 6.944208945371926347e+03 2.865925137680660700e+05 1.292108388016574099e+04 1.839608177057312233e+01
  dtu_10mw_rwt_turb_21.0_50292.dat 2.378870278264495930e+00 3.549885484587996659e-02 1.294747352888998364e+02 3.601709930956722872e+00 1.884266674113518093e+04 9.597310177250004926e+03 6.368939978034817614e+03 9.084739278320154199e+02 5.505534888303883463e+02 5.932114280781810521e+03 7.034815770989725024e+03 3.543749744376916206e+05 1.218987302411669589e+04 1.845314113282370627e+01
  dtu_10mw_rwt_turb_22.0_14324.dat 1.641522462963818541e+00 4.222794543666649747e-02 1.375997334559887406e+02 3.419112197164025257e+00 1.924660601160180522e+04 2.260747689897864620e+04 7.644913356171470696e+03 9.172197431365179909e+02 6.885278880170900493e+02 6.443777474270163111e+03 6.914024014511980567e+03 4.360532623011424439e+05 1.573435262232418245e+04 1.805218428176710788e+01
  dtu_10mw_rwt_turb_22.0_26862.dat 1.618100287606178300e+00 3.305489526695665203e-02 1.051021599694028339e+02 3.124164086778847604e+00 1.873659350949544751e+04 1.360827434425478350e+04 6.889026017937010693e+03 7.775022261140129558e+02 5.169701301297053533e+02 5.928934408598141999e+03 6.976426915101594204e+03 3.369478799356736126e+05 1.142931492936754694e+04 1.812805640003632845e+01
  dtu_10mw_rwt_turb_22.0_47824.dat 2.006380281737929039e+00 3.248154334646568414e-02 1.229530607558495348e+02 2.949267684185836735e+00 1.872959622415806007e+04 1.023197580809828651e+04 7.006932179778514183e+03 8.879404544256917688e+02 5.792750155944434027e+02 5.804057416753902544e+03 6.971035903667478124e+03 3.349639363419359433e+05 1.405886924557333987e+04 1.849873859929790498e+01
  dtu_10mw_rwt_turb_22.0_51321.dat 2.480125817831620338e+00 4.408336790030518981e-02 1.331724822849583063e+02 3.904672795232394744e+00 2.254123863569936293e+04 1.743206672774921753e+04 8.213774912177826991e+03 1.038294954374071949e+03 6.344151668758931919e+02 6.289952124460275627e+03 6.920616863829403883e+03 4.521341463871184387e+05 1.300950824216561159e+04 1.826712403127551454e+01
  dtu_10mw_rwt_turb_22.0_52263.dat 1.990217260752197292e+00 3.761609221063506175e-02 1.180766844681425880e+02 3.567024081330579133e+00 2.088215335922070153e+04 1.717200787872720684e+04 6.782517173001283481e+03 9.510099504943866577e+02 5.417999288851548272e+02 5.979886005446315721e+03 6.998306217068016849e+03 3.781455461367029930e+05 1.111305669320502057e+04 1.825073444976572645e+01
  dtu_10mw_rwt_turb_22.0_55769.dat 1.935134204975829331e+00 3.969589438264516795e-02 1.426933716161818495e+02 3.460735299599913883e+00 2.259765870427575646e+04 1.952288159582211301e+04 7.762789745989622133e+03 1.200543410041304696e+03 6.667761006177009904e+02 6.755031990048511034e+03 7.469460603745388653e+03 4.012532935917997966e+05 1.570519499665364128e+04 1.814235319421958081e+01
  dtu_10mw_rwt_turb_23.0_21716.dat 2.688514302078338414e+00 4.813572130209614608e-02 1.429502160408207487e+02 3.773622934332539813e+00 2.375950719824189946e+04 1.545649420525149435e+04 7.933764736257007826e+03 9.619835711255269644e+02 7.260249191216624922e+02 6.363907265316994199e+03 7.232918633999568556e+03 5.146605832551782369e+05 1.462678449291450852e+04 1.808404795082374505e+01
  dtu_10mw_rwt_turb_23.0_40322.dat 1.775349456872393095e+00 3.305057739689216262e-02 1.232758709645180346e+02 3.468833484408655909e+00 2.011258117399816911e+04 1.699076811944934161e+04 8.413578070041457977e+03 9.746894859161893692e+02 5.487648780697094253e+02 6.210721907314600685e+03 6.900751880880707176e+03 3.343551234525288455e+05 1.277177038489756706e+04 1.815203633869117184e+01
  dtu_10mw_rwt_turb_23.0_43619.dat 2.117536082205579095e+00 4.222424934425969556e-02 1.270545277696439825e+02 3.773489912374985433e+00 2.083037490870383408e+04 1.582564996518923181e+04 7.213672938467203494e+03 8.761525545054856821e+02 5.924899898781625325e+02 6.069872954266455054e+03 7.081777201604217225e+03 4.257477924861960928e+05 1.172297853977202976e+04 1.818523588653508583e+01
  dtu_10mw_rwt_turb_23.0_47165.dat 2.150374325565344691e+00 4.333694390827170367e-02 1.388495827147806949e+02 3.653864765367576428e+00 2.214634514411244891e+04 1.302663934629281175e+04 7.789653533614224216e+03 8.914035175734746872e+02 7.753189889503024688e+02 6.418449728584793775e+03 6.752211718439308243e+03 4.468566892318340251e+05 2.036882668368497980e+04 1.810619429929132451e+01
  dtu_10mw_rwt_turb_23.0_47952.dat 1.196366763255998222e+00 3.068166347421409992e-02 1.276493025696582748e+02 3.281624763775671916e+00 2.427846467117615248e+04 2.746063602600452577e+04 7.945801967623344353e+03 1.124151182061802501e+03 5.325399401027264048e+02 6.327952164534145595e+03 7.090724944001754920e+03 3.105594617577423924e+05 1.278567289999621607e+04 1.818414417869119859e+01
  dtu_10mw_rwt_turb_23.0_50292.dat 2.345921213567274677e+00 3.913614187037328662e-02 1.292776301390661899e+02 3.822949695582229968e+00 2.016496346852647548e+04 1.313180407335281961e+04 6.740560770532685638e+03 9.765534861507961750e+02 5.802090191352014017e+02 6.202181960803284710e+03 7.099368876242555416e+03 3.897192887905049138e+05 1.243632125331566931e+04 1.825822818366197708e+01
  dtu_10mw_rwt_turb_24.0_14324.dat 1.619058851079538730e+00 4.593031036169036019e-02 1.398111397327923555e+02 3.691756598479207341e+00 2.088472966494179491e+04 1.602113920265115303e+04 8.066996647572696020e+03 9.016704024008247416e+02 7.814256929738178314e+02 6.846631578882233953e+03 7.046520733254984407e+03 4.773492855468958733e+05 1.902429782304256878e+04 1.786393255733895913e+01
  dtu_10mw_rwt_turb_24.0_26862.dat 1.593484108454376269e+00 3.666510675549883302e-02 1.087145991630451789e+02 3.338134030054182411e+00 2.055245288369376067e+04 1.859932519337075064e+04 7.335218773122871426e+03 8.661521579399130815e+02 5.746703433494261617e+02 6.238978305245310366e+03 7.077655450177670900e+03 3.749958480674908496e+05 1.271504711526935534e+04 1.793046156300759364e+01
  dtu_10mw_rwt_turb_24.0_47824.dat 1.948940864219815383e+00 3.571348615880785143e-02 1.252459319710982015e+02 3.156889452877519986e+00 2.034415134216536171e+04 1.827789254415506730e+04 7.421298495192388145e+03 9.984480735602592176e+02 6.138661606230026564e+02 6.203863769619315462e+03 7.070684056610245534e+03 3.685811465986557887e+05 1.454561357418422449e+04 1.828585676450827791e+01
  dtu_10mw_rwt_turb_24.0_51321.dat 2.456095888340925626e+00 4.764793905879009805e-02 1.369275657305573191e+02 4.140525410220071478e+00 2.406588529243426819e+04 1.502561216529944795e+04 8.598298952440442008e+03 1.080238975335629448e+03 6.918005954149135732e+02 6.670528188399638566e+03 7.035116336323053474e+03 4.895000701395291253e+05 1.411099684563401934e+04 1.809912989023201746e+01
  dtu_10mw_rwt_turb_24.0_52263.dat 1.984496317705069179e+00 4.178418184923875928e-02 1.211618816306359747e+02 3.786696748895463482e+00 2.240129629765916616e+04 1.671306772372078922e+04 7.267555533346344419e+03 1.010749605316520956e+03 6.551427130644960926e+02 6.369774709683358196e+03 7.089742044795568290e+03 4.216994417984586908e+05 1.472811057581638852e+04 1.807111204493102363e+01
  dtu_10mw_rwt_turb_24.0_55769.dat 1.910679846364495837e+00 4.407039113589997226e-02 1.438318800646973443e+02 3.676247332645960597e+00 2.387035828718548146e+04 1.786245977531511744e+04 8.074615553099166391e+03 1.236934280577158461e+03 6.767639312456400376e+02 7.100113591799285132e+03 7.622465823870532404e+03 4.445052638642310048e+05 1.488539853772300739e+04 1.797609675980096355e+01
   dtu_10mw_rwt_turb_5.0_21716.dat 6.137545785307914059e-01 2.355673332244938561e-03 7.428471988257673786e+01 1.094388135945461915e+00 1.893560572805673291e+04 5.197354653929935921e+03 2.783093888678882195e+03 7.514688083118269333e+02 7.163857549487707956e+02 2.074645763247810919e+03 6.145990484214456046e+03 6.738322419188823551e+05 4.243163106138076982e+05 1.894230191870965285e+01
   dtu_10mw_rwt_turb_5.0_40322.dat 8.432187900527947644e-01 1.791082150200314690e-03 8.958939256596708844e+01 1.414679848883658275e+00 1.803466180541597350e+04 3.282816307975554082e+03 2.396814357907815975e+03 5.446636538553915443e+02 5.607228608465186426e+02 1.885722518047660742e+03 6.044748398588567397e+03 5.272834824073154014e+05 3.321476334412501310e+05 1.898649815797830342e+01
   dtu_10mw_rwt_turb_5.0_43619.dat 8.995976051409496632e-01 2.710318328644358010e-03 1.160805473822968565e+02 1.827184692166958779e+00 2.842341867382390410e+04 5.513798703951694733e+03 3.119231476407026094e+03 1.069582753960812170e+03 9.768576398271063681e+02 2.970410073397309588e+03 6.209584869261620952e+03 9.187238407871411182e+05 5.773024647297303891e+05 1.894633539245503329e+01
   dtu_10mw_rwt_turb_5.0_47165.dat 7.349257050756694554e-01 2.318241468977235917e-03 7.804348792646169386e+01 1.399518484671914642e+00 2.654874112750351196e+04 4.661291929807677661e+03 3.078907098416684676e+03 5.818253675248508898e+02 4.929520130733056931e+02 2.279332967074499265e+03 6.021345420024191299e+03 4.637949608567220857e+05 2.926394461016900023e+05 1.907121409349455377e+01
   dtu_10mw_rwt_turb_5.0_47952.dat 9.710406351159837079e-01 1.492706203636150804e-03 8.224554659108135013e+01 1.603718850356363079e+00 1.869891629137135169e+04 4.559667596343245350e+03 2.702654216840307981e+03 5.423555764959035059e+02 4.643086463216220068e+02 2.084315712374198029e+03 6.125696609448864365e+03 4.367242962683179067e+05 2.747062307542765629e+05 1.899315843554467520e+01
   dtu_10mw_rwt_turb_5.0_50292.dat 1.022371412260530965e+00 2.104886837548390274e-03 1.027090995979989287e+02 1.780928074356421753e+00 2.199802370207599961e+04 4.268609833257053651e+03 2.397471439997847483e+03 8.373305186362166523e+02 6.775078396127598808e+02 2.396196422739109039e+03 6.125890111211994736e+03 6.374925294873513049e+05 4.012852299480151269e+05 1.893769680135510214e+01
   dtu_10mw_rwt_turb_6.0_14324.dat 5.612284440179438061e-01 3.519103430315770852e-03 7.296120816875496473e+01 1.249248529235981620e+00 2.361242818532180172e+04 5.905148150592402089e+03 2.976761898180795924e+03 6.904921779064907241e+02 6.719380432218358692e+02 2.138433368954447360e+03 6.032062242645446531e+03 6.325149719198420644e+05 4.019230325885901693e+05 1.907867772934107364e+01
   dtu_10mw_rwt_turb_6.0_26862.dat 6.986306180636000507e-01 3.069366515443354253e-03 9.438334663639638222e+01 1.418203571348419789e+00 1.995159520740776134e+04 5.932651961490503709e+03 2.508615172796124170e+03 1.060840159450319334e+03 1.071136959029480522e+03 2.194757878963191615e+03 6.095896637099991494e+03 1.007213492397621972e+06 6.348635454562488012e+05 1.920594759444931299e+01
   dtu_10mw_rwt_turb_6.0_47824.dat 9.112001881402640446e-01 1.998130231237122204e-03 1.216154756380708193e+02 1.451368086306060068e+00 2.442010930515507425e+04 4.453409652325549359e+03 2.166926375863416069e+03 8.967485448910351806e+02 8.242745532037389466e+02 2.533504410072589508e+03 6.176217291822195875e+03 7.752558876375445398e+05 4.876052651370668900e+05 1.911630199623580850e+01
   dtu_10mw_rwt_turb_6.0_51321.dat 7.636930643527571894e-01 5.735827801717191532e-03 1.241224097699811182e+02 1.629108239305744776e+00 2.569620798511507382e+04 6.209525732714186233e+03 3.292435315097062357e+03 1.096851138988454295e+03 1.248458985252691491e+03 2.863626837303281718e+03 6.105343999852956586e+03 1.173552265753326239e+06 7.536941766606887104e+05 1.935324706082819546e+01
   dtu_10mw_rwt_turb_6.0_52263.dat 9.322143898270285334e-01 3.062873917803197836e-03 8.781028250474297181e+01 1.733566285759550185e+00 2.060937698296185772e+04 4.086625978545536327e+03 1.995330916986459442e+03 8.911247376511824996e+02 7.983589486363331389e+02 2.080598007824728029e+03 6.130786953879285647e+03 7.512267005082315300e+05 4.740613053277747240e+05 1.908356136408114523e+01
   dtu_10mw_rwt_turb_6.0_55769.dat 8.334865807527841453e-01 3.855411797905414911e-03 1.070816847155794278e+02 1.585658391896951791e+00 2.833977276146117219e+04 8.829915119176810549e+03 3.146809507113518976e+03 9.050020862862969580e+02 9.921927360176774755e+02 3.068842861559072389e+03 6.289990675177385128e+03 9.329385389942881884e+05 5.900713115269385744e+05 1.921846145333963207e+01
   dtu_10mw_rwt_turb_7.0_21716.dat 3.299304363778097215e-01 2.704221531398414216e-02 1.323202916368273634e+02 1.340327785835165431e+00 2.623260639818030904e+04 8.197744668532965079e+03 3.553447600534666435e+03 1.506635840406600664e+03 1.500711996805057424e+03 3.075163736447460451e+03 6.237867787155171754e+03 1.411073746776803629e+06 1.032156973019789439e+06 1.923805631012253770e+01
   dtu_10mw_rwt_turb_7.0_40322.dat 7.146386971583188474e-01 7.053072736783939922e-03 1.115122378681436857e+02 1.652746194410533054e+00 2.353938960578556726e+04 7.254928840357672925e+03 2.901379572880644446e+03 1.103462760173010111e+03 1.136404720315140821e+03 2.357357446834870188e+03 6.078080403370462591e+03 1.068228195047600195e+06 6.940297954881365877e+05 1.923899064645054224e+01
   dtu_10mw_rwt_turb_7.0_43619.dat 6.010579298616248733e-01 4.078478365317232679e-02 1.668448639996232998e+02 2.037054046046936850e+00 3.523355293885753781e+04 7.922284101919003660e+03 3.980077731831149322e+03 1.753097866827582720e+03 1.661399268264094871e+03 3.928194574240737438e+03 6.309188382143561284e+03 1.563374128064940684e+06 1.230169357979347231e+06 1.925899607753335729e+01
   dtu_10mw_rwt_turb_7.0_47165.dat 4.148882931478041214e-01 5.597643162366040120e-03 9.835093896407214231e+01 1.693093760007464255e+00 3.122356044571361417e+04 1.005130315109099320e+04 3.505151776802108543e+03 1.217971902255799705e+03 1.092865305299690590e+03 2.774722108953389579e+03 6.044743811202925826e+03 1.028239592989993747e+06 6.616389679464171641e+05 1.930852932136985700e+01
   dtu_10mw_rwt_turb_7.0_47952.dat 5.776194554298980099e-01 2.978171134216916604e-03 7.430594169270324301e+01 1.725591855376705341e+00 2.300879339396494106e+04 8.691735372061428279e+03 2.980679452048791518e+03 8.339403926792344919e+02 7.486290279298121959e+02 2.255171463149927604e+03 6.223648159188500358e+03 7.044095238290514098e+05 4.457399117821023101e+05 1.924604366767691843e+01
   dtu_10mw_rwt_turb_7.0_50292.dat 8.862737250601075978e-01 1.324471776691538323e-02 1.398744166753799902e+02 1.942164009208002362e+00 2.762973238997342196e+04 6.631939910076819615e+03 2.650295383123828742e+03 1.559666229273409499e+03 1.396190126880680737e+03 3.088044092899360294e+03 6.258896291694190040e+03 1.313170950554524316e+06 8.773932761792395031e+05 1.918082200710358975e+01
   dtu_10mw_rwt_turb_8.0_14324.dat 1.705708509320598074e-02 3.684812860469197093e-02 1.074275156794759880e+02 1.537988534425922538e+00 2.459581412293999892e+04 8.636715554303011231e+03 3.787274860171873115e+03 8.170754952904369475e+02 7.765479488729829427e+02 2.924218297739209447e+03 6.082795367466520474e+03 7.290887449607780436e+05 7.320598781222880352e+05 1.933525217812131203e+01
   dtu_10mw_rwt_turb_8.0_26862.dat 1.491470286062175910e-01 5.452187442569175757e-02 1.516892084833443164e+02 1.599081184673023293e+00 2.442450440564933524e+04 8.183193674994867251e+03 3.147797662781696545e+03 1.244663031639779774e+03 1.221519593002593183e+03 3.268293495491468548e+03 6.166314112025474969e+03 1.147828856087617576e+06 1.125799913752755150e+06 1.952605427745152156e+01
   dtu_10mw_rwt_turb_8.0_47824.dat 6.099797935682913508e-01 7.361599215387493352e-03 1.369083250133283798e+02 1.633119315756390355e+00 2.914358220740011529e+04 8.475329165776134687e+03 2.558921117410963689e+03 1.474626147944606601e+03 1.437810131134797530e+03 2.950433620801321467e+03 6.293536816866137997e+03 1.351971444217474433e+06 8.748327203932928387e+05 1.934898449854012270e+01
   dtu_10mw_rwt_turb_8.0_51321.dat 2.245679255708412925e-01 6.204079565437201765e-02 1.972278697989854379e+02 1.964625844411809652e+00 3.071221017370033223e+04 8.965886079809642979e+03 3.892876708393357148e+03 1.485870637835827893e+03 1.612019629576812576e+03 4.094508470609981941e+03 6.219502303975841642e+03 1.514915770639093593e+06 1.451874932348109083e+06 1.963376013424691990e+01
   dtu_10mw_rwt_turb_8.0_52263.dat 6.790561896516948970e-01 3.806338201393406895e-02 1.453996502652840945e+02 1.960027871454800286e+00 2.618832665356393409e+04 8.465988808862699443e+03 2.460509368723350235e+03 1.413451308752169098e+03 1.285064520351322244e+03 3.101239475198988202e+03 6.203987193515792569e+03 1.208680401696301065e+06 9.954754353027810575e+05 1.936945944634307182e+01
   dtu_10mw_rwt_turb_8.0_55769.dat 1.879253810635651001e-01 5.624579407517845547e-02 1.716148051451432650e+02 1.855594633675193172e+00 3.003096758404592401e+04 1.111129680608425952e+04 4.080059822436232480e+03 1.166377145566619447e+03 1.275876982213206247e+03 4.249828270395413711e+03 6.475567007496090810e+03 1.197972834010889987e+06 1.192589635095240548e+06 1.954289379338355559e+01
   dtu_10mw_rwt_turb_9.0_21716.dat 5.019219091141967863e-06 8.695027372462126036e-02 2.526716409695767993e+02 1.657273339397485445e+00 3.454099351375837432e+04 6.491884257527833142e+03 4.510857377132296278e+03 1.993052916857029459e+03 2.003941434269189585e+03 5.023259975116699025e+03 6.393196592585123653e+03 1.883177338821942452e+06 2.100694792595656123e+06 1.966712637769602168e+01
   dtu_10mw_rwt_turb_9.0_40322.dat 2.516534594219862475e-01 6.072474437037968936e-02 1.787618454863109321e+02 1.881876865198291338e+00 2.775621965095097403e+04 5.941124188633244557e+03 3.814609810345725691e+03 1.217436940196353135e+03 1.257277255346748689e+03 3.676589648756901624e+03 6.179834817246670355e+03 1.180799723943215329e+06 1.275503736301752739e+06 1.960278826663510543e+01
   dtu_10mw_rwt_turb_9.0_43619.dat 2.300564167314739228e-01 1.006900547690622177e-01 2.617178618644697963e+02 2.252656194895393149e+00 3.775865708240234380e+04 7.502621697283723734e+03 5.262148597936413353e+03 2.040497292691368784e+03 1.922039079384280967e+03 5.593180366173548464e+03 6.478687123244808390e+03 1.806891196924407035e+06 2.189275174996250775e+06 1.965546489570618149e+01
   dtu_10mw_rwt_turb_9.0_47165.dat 4.953654455152786684e-02 6.305749299828804222e-02 1.890088247124274403e+02 1.995500963310719689e+00 3.031615905085637496e+04 8.537712486580325276e+03 4.427528904566634992e+03 1.557352631167306527e+03 1.375473399854230365e+03 4.242054972200899101e+03 6.153484681513572468e+03 1.292108006816446315e+06 1.358492305867895717e+06 1.964448944269874886e+01
   dtu_10mw_rwt_turb_9.0_47952.dat 7.896360216910780651e-06 3.244096764127440968e-02 9.643335926452668616e+01 1.862020380389301399e+00 2.130509101308452591e+04 7.457247401751732468e+03 3.659678330046775955e+03 7.837790469599491416e+02 6.386151761312237340e+02 2.978444415962256699e+03 6.366239892037925529e+03 5.992656054862719029e+05 6.316427640174177941e+05 1.955803679942272311e+01
   dtu_10mw_rwt_turb_9.0_50292.dat 1.710333403205520908e-01 7.250456786691172884e-02 2.173128113802157486e+02 2.143660257651487377e+00 3.108794532741963121e+04 8.478826368402467779e+03 3.121811082793651622e+03 2.013174880372923553e+03 1.796939377241035572e+03 4.475136541557926648e+03 6.377547019915077726e+03 1.689415578126498731e+06 1.713224172472239239e+06 1.949224640319069479e+01
