Statistics: max. Generated: 11/11/2020 08:38:31. No. files: 120.
                              File                       4                      10                      13                      15                      19                      20                      22                      23                      27                      28                      29                      72                     102                     110
  dtu_10mw_rwt_turb_10.0_14324.dat 1.374670000000000059e+00 1.009470000000000089e+00 1.799269999999999982e+03 1.537470000000000070e+01 2.145120000000000000e+05 3.060750000000000000e+04 1.783109999999999854e+04 1.225560000000000036e+04 -7.533420000000000073e+03 -1.168000000000000000e+04 1.527879999999999927e+04 1.094440000000000000e+07 1.025530000000000000e+07 7.477909999999999968e+01
  dtu_10mw_rwt_turb_10.0_26862.dat 2.277210000000000178e+00 1.026340000000000030e+00 1.708720000000000027e+03 1.559869999999999912e+01 2.045650000000000000e+05 2.829520000000000073e+04 1.860740000000000146e+04 1.264279999999999927e+04 -7.096270000000000437e+03 -1.071770000000000073e+04 1.373900000000000000e+04 1.087820000000000000e+07 1.024860000000000000e+07 7.485330000000000439e+01
  dtu_10mw_rwt_turb_10.0_47824.dat 5.299239999999999506e-01 8.230870000000000131e-01 1.285160000000000082e+03 1.294350000000000023e+01 1.718640000000000000e+05 3.199600000000000000e+04 1.147089999999999964e+04 1.031679999999999927e+04 -3.288920000000000073e+03 -9.442749999999999773e+02 1.453329999999999927e+04 8.846280000000000000e+06 7.293610000000000000e+06 7.512009999999999366e+01
  dtu_10mw_rwt_turb_10.0_51321.dat 6.771460000000000257e+00 1.049109999999999987e+00 1.763039999999999964e+03 1.666949999999999932e+01 2.137400000000000000e+05 2.623720000000000073e+04 1.507329999999999927e+04 1.299550000000000000e+04 -5.827789999999999964e+03 -5.986479999999999563e+03 1.446510000000000036e+04 1.082690000000000000e+07 1.021480000000000000e+07 7.503509999999999991e+01
  dtu_10mw_rwt_turb_10.0_52263.dat 3.845930000000000182e-01 9.311890000000000445e-01 1.625259999999999991e+03 1.491939999999999955e+01 1.950470000000000000e+05 2.096879999999999927e+04 1.070689999999999964e+04 1.284620000000000073e+04 -5.958539999999999964e+03 -6.866239999999999782e+03 1.485560000000000036e+04 1.078600000000000000e+07 1.001980000000000000e+07 7.502299999999999613e+01
  dtu_10mw_rwt_turb_10.0_55769.dat 4.550220000000000375e+00 1.037080000000000002e+00 1.786809999999999945e+03 1.553640000000000043e+01 2.085340000000000000e+05 2.848340000000000146e+04 1.674879999999999927e+04 1.267970000000000073e+04 -6.434670000000000073e+03 -6.532390000000000327e+03 1.532189999999999964e+04 1.091430000000000000e+07 1.026100000000000000e+07 7.482129999999999370e+01
  dtu_10mw_rwt_turb_11.0_21716.dat 7.988850000000000229e+00 1.052030000000000021e+00 1.802069999999999936e+03 1.650150000000000006e+01 2.185950000000000000e+05 3.751140000000000146e+04 1.675579999999999927e+04 1.309520000000000073e+04 -6.344989999999999782e+03 -6.488029999999999745e+03 1.488989999999999964e+04 1.096090000000000000e+07 1.027760000000000000e+07 7.490080000000000382e+01
  dtu_10mw_rwt_turb_11.0_40322.dat 5.622320000000000206e+00 1.040489999999999915e+00 1.776049999999999955e+03 1.575000000000000000e+01 2.193730000000000000e+05 2.555779999999999927e+04 1.522879999999999927e+04 1.257339999999999964e+04 -7.762630000000000109e+03 -1.188279999999999927e+04 1.413860000000000036e+04 1.090870000000000000e+07 1.021810000000000000e+07 7.484799999999999898e+01
  dtu_10mw_rwt_turb_11.0_43619.dat 8.907220000000000582e+00 1.029809999999999892e+00 1.770740000000000009e+03 1.905440000000000111e+01 2.170940000000000000e+05 2.678040000000000146e+04 2.508350000000000000e+04 1.327460000000000036e+04 -7.277359999999999673e+03 -6.963050000000000182e+03 1.521600000000000000e+04 1.099460000000000000e+07 1.028580000000000000e+07 7.509829999999999472e+01
  dtu_10mw_rwt_turb_11.0_47165.dat 5.699690000000000367e+00 1.045080000000000009e+00 1.813619999999999891e+03 1.785190000000000055e+01 2.289380000000000000e+05 3.181120000000000073e+04 1.898650000000000000e+04 1.278589999999999964e+04 -7.293430000000000291e+03 -5.781039999999999964e+03 1.394450000000000000e+04 1.097760000000000000e+07 1.028330000000000000e+07 7.501330000000000098e+01
  dtu_10mw_rwt_turb_11.0_47952.dat 4.832680000000000309e-02 9.729569999999999608e-01 1.748359999999999900e+03 1.634550000000000125e+01 2.137860000000000000e+05 2.854850000000000000e+04 1.599479999999999927e+04 1.304639999999999964e+04 -8.388170000000000073e+03 -1.022470000000000073e+04 1.490860000000000036e+04 1.097930000000000000e+07 1.030310000000000000e+07 7.457189999999999941e+01
  dtu_10mw_rwt_turb_11.0_50292.dat 7.690159999999999663e+00 1.057970000000000077e+00 1.810680000000000064e+03 1.682389999999999830e+01 2.199150000000000000e+05 2.905800000000000000e+04 1.726079999999999927e+04 1.292229999999999927e+04 -6.582619999999999891e+03 -8.871610000000000582e+03 1.441879999999999927e+04 1.089260000000000000e+07 1.024170000000000000e+07 7.486910000000000309e+01
  dtu_10mw_rwt_turb_12.0_14324.dat 9.286599999999999966e+00 1.049020000000000064e+00 1.804910000000000082e+03 1.845279999999999987e+01 2.136910000000000000e+05 3.513369999999999709e+04 1.893120000000000073e+04 1.276600000000000000e+04 -7.724180000000000291e+03 -1.908150000000000091e+03 1.431170000000000073e+04 1.088880000000000000e+07 1.028600000000000000e+07 7.493829999999999814e+01
  dtu_10mw_rwt_turb_12.0_26862.dat 8.602510000000000545e+00 1.051609999999999934e+00 1.763470000000000027e+03 1.831240000000000023e+01 2.201720000000000000e+05 3.282430000000000291e+04 1.908370000000000073e+04 1.278450000000000000e+04 -9.788940000000000509e+03 -7.173060000000000400e+03 1.447620000000000073e+04 1.089870000000000000e+07 1.026100000000000000e+07 7.515760000000000218e+01
  dtu_10mw_rwt_turb_12.0_47824.dat 5.459489999999999732e+00 1.033279999999999976e+00 1.780769999999999982e+03 1.557109999999999950e+01 2.140510000000000000e+05 2.607529999999999927e+04 1.649670000000000073e+04 1.263279999999999927e+04 -6.184239999999999782e+03 -3.416099999999999909e+03 1.524639999999999964e+04 1.087080000000000000e+07 1.024500000000000000e+07 7.487690000000000623e+01
  dtu_10mw_rwt_turb_12.0_51321.dat 1.139070000000000071e+01 1.051039999999999974e+00 1.793150000000000091e+03 1.918720000000000070e+01 2.155310000000000000e+05 3.888369999999999709e+04 2.385259999999999854e+04 1.284610000000000036e+04 -8.611069999999999709e+03 -4.700079999999999927e+03 1.489360000000000036e+04 1.096810000000000000e+07 1.028250000000000000e+07 7.523399999999999466e+01
  dtu_10mw_rwt_turb_12.0_52263.dat 8.150479999999999947e+00 1.050380000000000091e+00 1.829839999999999918e+03 1.778849999999999909e+01 2.179220000000000000e+05 3.457630000000000291e+04 1.588429999999999927e+04 1.302689999999999964e+04 -8.854870000000000800e+03 -9.381190000000000509e+03 1.479189999999999964e+04 1.092690000000000000e+07 1.026560000000000000e+07 7.494549999999999557e+01
  dtu_10mw_rwt_turb_12.0_55769.dat 1.004909999999999926e+01 1.056289999999999951e+00 1.901000000000000000e+03 1.854599999999999937e+01 2.164520000000000000e+05 3.953769999999999709e+04 1.611410000000000036e+04 1.368139999999999964e+04 -9.128969999999999345e+03 -2.811969999999999800e+03 1.584900000000000000e+04 1.089030000000000000e+07 1.024110000000000000e+07 7.514459999999999695e+01
  dtu_10mw_rwt_turb_13.0_21716.dat 1.191119999999999912e+01 1.055530000000000079e+00 1.739269999999999982e+03 1.963269999999999982e+01 2.141310000000000000e+05 3.710730000000000291e+04 1.795059999999999854e+04 1.349279999999999927e+04 -7.619020000000000437e+03 -3.688510000000000218e+03 1.481239999999999964e+04 1.102500000000000000e+07 1.024940000000000000e+07 7.506999999999999318e+01
  dtu_10mw_rwt_turb_13.0_40322.dat 1.029119999999999990e+01 1.047379999999999978e+00 1.785569999999999936e+03 1.857740000000000080e+01 1.970910000000000000e+05 3.140579999999999927e+04 1.792520000000000073e+04 1.256879999999999927e+04 -9.295840000000000146e+03 -5.356930000000000291e+03 1.471839999999999964e+04 1.050640000000000000e+07 1.003500000000000000e+07 7.526260000000000616e+01
  dtu_10mw_rwt_turb_13.0_43619.dat 1.233130000000000059e+01 1.062670000000000003e+00 1.796430000000000064e+03 2.209900000000000020e+01 2.127740000000000000e+05 2.938159999999999854e+04 2.376300000000000000e+04 1.264939999999999964e+04 -8.987149999999999636e+03 -2.623099999999999909e+03 1.455320000000000073e+04 1.099020000000000000e+07 1.027340000000000000e+07 7.533129999999999882e+01
  dtu_10mw_rwt_turb_13.0_47165.dat 1.080049999999999955e+01 1.059029999999999916e+00 1.757930000000000064e+03 2.055590000000000117e+01 2.111200000000000000e+05 3.308709999999999854e+04 2.313800000000000000e+04 1.262000000000000000e+04 -9.150239999999999782e+03 -4.567670000000000073e+03 1.453060000000000036e+04 1.098150000000000000e+07 1.028530000000000000e+07 7.526340000000000430e+01
  dtu_10mw_rwt_turb_13.0_47952.dat 8.496560000000000556e+00 1.053660000000000041e+00 1.533460000000000036e+03 1.904749999999999943e+01 1.987090000000000000e+05 3.108579999999999927e+04 2.146609999999999854e+04 1.257860000000000036e+04 -9.588319999999999709e+03 -5.790560000000000400e+03 1.498589999999999964e+04 1.038180000000000000e+07 1.002420000000000000e+07 7.515689999999999316e+01
  dtu_10mw_rwt_turb_13.0_50292.dat 1.189209999999999923e+01 1.058270000000000044e+00 1.738950000000000045e+03 1.983980000000000032e+01 2.206770000000000000e+05 2.978420000000000073e+04 1.818329999999999927e+04 1.305839999999999964e+04 -9.444219999999999345e+03 -4.805159999999999854e+03 1.529579999999999927e+04 1.089400000000000000e+07 1.024030000000000000e+07 7.507399999999999807e+01
  dtu_10mw_rwt_turb_14.0_14324.dat 1.293379999999999974e+01 1.051879999999999926e+00 1.423450000000000045e+03 2.150410000000000110e+01 1.735780000000000000e+05 4.800259999999999854e+04 2.084550000000000000e+04 1.274360000000000036e+04 -8.394110000000000582e+03 4.755449999999999818e+03 1.450689999999999964e+04 1.074840000000000000e+07 1.006870000000000000e+07 7.521280000000000143e+01
  dtu_10mw_rwt_turb_14.0_26862.dat 1.227030000000000065e+01 1.053120000000000056e+00 1.292009999999999991e+03 2.089440000000000097e+01 1.612510000000000000e+05 3.506480000000000291e+04 2.150459999999999854e+04 1.233050000000000000e+04 -9.332729999999999563e+03 -2.342309999999999945e+03 1.458289999999999964e+04 1.050820000000000000e+07 1.003160000000000000e+07 7.537829999999999586e+01
  dtu_10mw_rwt_turb_14.0_47824.dat 1.021480000000000032e+01 1.045469999999999899e+00 1.722920000000000073e+03 1.831390000000000029e+01 2.167840000000000000e+05 3.528559999999999854e+04 1.796779999999999927e+04 1.369300000000000000e+04 -9.049000000000000000e+03 -4.865920000000000073e+03 1.471339999999999964e+04 1.086850000000000000e+07 1.023930000000000000e+07 7.520999999999999375e+01
  dtu_10mw_rwt_turb_14.0_51321.dat 1.470519999999999960e+01 1.058840000000000003e+00 1.760059999999999945e+03 2.184919999999999973e+01 2.114310000000000000e+05 5.387700000000000000e+04 2.523670000000000073e+04 1.312779999999999927e+04 -8.697110000000000582e+03 -7.764539999999999509e+02 1.537500000000000000e+04 1.108180000000000000e+07 1.017580000000000000e+07 7.548999999999999488e+01
  dtu_10mw_rwt_turb_14.0_52263.dat 1.203059999999999974e+01 1.058869999999999978e+00 1.471809999999999945e+03 2.054650000000000176e+01 1.885500000000000000e+05 2.902329999999999927e+04 1.781270000000000073e+04 1.264810000000000036e+04 -9.331979999999999563e+03 -5.479829999999999927e+03 1.549400000000000000e+04 1.064160000000000000e+07 1.003300000000000000e+07 7.522780000000000200e+01
  dtu_10mw_rwt_turb_14.0_55769.dat 1.323879999999999946e+01 1.067949999999999955e+00 1.767880000000000109e+03 2.141169999999999973e+01 2.103130000000000000e+05 3.370459999999999854e+04 1.796859999999999854e+04 1.375550000000000000e+04 -9.313340000000000146e+03 1.369109999999999900e+03 1.615000000000000000e+04 1.070410000000000000e+07 1.003030000000000000e+07 7.543779999999999575e+01
  dtu_10mw_rwt_turb_15.0_21716.dat 1.498150000000000048e+01 1.062850000000000072e+00 1.778759999999999991e+03 2.258559999999999945e+01 2.213150000000000000e+05 3.831109999999999854e+04 2.077379999999999927e+04 1.361350000000000000e+04 -8.604079999999999927e+03 -4.129879999999999995e+02 1.577210000000000036e+04 1.110900000000000000e+07 1.010640000000000000e+07 7.530200000000000671e+01
  dtu_10mw_rwt_turb_15.0_40322.dat 1.351420000000000066e+01 1.049590000000000023e+00 1.356589999999999918e+03 2.126960000000000051e+01 1.585790000000000000e+05 3.822569999999999709e+04 2.037659999999999854e+04 1.288539999999999964e+04 -9.503229999999999563e+03 2.649470000000000169e+01 1.566310000000000036e+04 1.060450000000000000e+07 1.002800000000000000e+07 7.562300000000000466e+01
  dtu_10mw_rwt_turb_15.0_43619.dat 1.526030000000000086e+01 1.068619999999999903e+00 1.458170000000000073e+03 2.490210000000000079e+01 1.712580000000000000e+05 3.896780000000000291e+04 2.369540000000000146e+04 1.287520000000000073e+04 -8.795030000000000655e+03 1.541789999999999964e+03 1.552910000000000036e+04 1.073150000000000000e+07 1.005900000000000000e+07 7.551489999999999725e+01
  dtu_10mw_rwt_turb_15.0_47165.dat 1.398820000000000086e+01 1.082710000000000061e+00 1.630230000000000018e+03 2.325769999999999982e+01 1.933740000000000000e+05 4.410540000000000146e+04 2.408170000000000073e+04 1.266900000000000000e+04 -9.244110000000000582e+03 9.767350000000000136e+02 1.591829999999999927e+04 1.077330000000000000e+07 1.004100000000000000e+07 7.550039999999999907e+01
  dtu_10mw_rwt_turb_15.0_47952.dat 1.236599999999999966e+01 1.058969999999999967e+00 1.260559999999999945e+03 2.199840000000000018e+01 1.708570000000000000e+05 4.046840000000000146e+04 2.088150000000000000e+04 1.298850000000000000e+04 -9.421899999999999636e+03 -1.172099999999999909e+03 1.544460000000000036e+04 1.047710000000000000e+07 1.003340000000000000e+07 7.546269999999999811e+01
  dtu_10mw_rwt_turb_15.0_50292.dat 1.508910000000000018e+01 1.060780000000000056e+00 1.482509999999999991e+03 2.278659999999999997e+01 1.744190000000000000e+05 3.583100000000000000e+04 1.813179999999999927e+04 1.295800000000000000e+04 -8.858479999999999563e+03 -6.730520000000000209e+02 1.536150000000000000e+04 1.066850000000000000e+07 1.005310000000000000e+07 7.530150000000000432e+01
  dtu_10mw_rwt_turb_16.0_14324.dat 1.585519999999999996e+01 1.065560000000000063e+00 1.219640000000000100e+03 2.450570000000000093e+01 1.499900000000000000e+05 5.147180000000000291e+04 2.214279999999999927e+04 1.294750000000000000e+04 -8.441059999999999491e+03 7.139949999999999818e+03 1.571720000000000073e+04 1.086870000000000000e+07 1.005350000000000000e+07 7.540149999999999864e+01
  dtu_10mw_rwt_turb_16.0_26862.dat 1.518340000000000067e+01 1.059669999999999890e+00 1.113019999999999982e+03 2.333180000000000121e+01 1.473280000000000000e+05 3.931350000000000000e+04 2.300540000000000146e+04 1.279079999999999927e+04 -9.559770000000000437e+03 1.726700000000000045e+03 1.512550000000000000e+04 1.065610000000000000e+07 1.002850000000000000e+07 7.554219999999999402e+01
  dtu_10mw_rwt_turb_16.0_47824.dat 1.351179999999999914e+01 1.049670000000000103e+00 1.456869999999999891e+03 2.116339999999999932e+01 1.875170000000000000e+05 4.290830000000000291e+04 1.861270000000000073e+04 1.400829999999999927e+04 -9.471030000000000655e+03 5.621000000000000227e+02 1.582920000000000073e+04 1.088710000000000000e+07 1.003400000000000000e+07 7.541809999999999548e+01
  dtu_10mw_rwt_turb_16.0_51321.dat 1.752479999999999905e+01 1.066179999999999906e+00 1.331339999999999918e+03 2.453419999999999845e+01 1.667270000000000000e+05 4.394959999999999854e+04 2.871759999999999854e+04 1.333860000000000036e+04 -8.752809999999999491e+03 4.594869999999999891e+03 1.554170000000000073e+04 1.116470000000000000e+07 1.004960000000000000e+07 7.571559999999999491e+01
  dtu_10mw_rwt_turb_16.0_52263.dat 1.501529999999999987e+01 1.064769999999999994e+00 1.228779999999999973e+03 2.317289999999999850e+01 1.630160000000000000e+05 3.400940000000000146e+04 2.032829999999999927e+04 1.294770000000000073e+04 -8.814840000000000146e+03 -5.330190000000000055e+02 1.551989999999999964e+04 1.073370000000000000e+07 1.004970000000000000e+07 7.544010000000000105e+01
  dtu_10mw_rwt_turb_16.0_55769.dat 1.594439999999999991e+01 1.071989999999999998e+00 1.416240000000000009e+03 2.420909999999999940e+01 1.818010000000000000e+05 4.337040000000000146e+04 1.994309999999999854e+04 1.406639999999999964e+04 -8.410129999999999200e+03 6.457369999999999891e+03 1.775679999999999927e+04 1.083640000000000000e+07 1.006120000000000000e+07 7.558939999999999770e+01
  dtu_10mw_rwt_turb_17.0_21716.dat 1.767409999999999926e+01 1.062319999999999931e+00 1.409089999999999918e+03 2.542220000000000013e+01 1.827430000000000000e+05 4.908330000000000291e+04 2.281620000000000073e+04 1.346510000000000036e+04 -7.440579999999999927e+03 2.928139999999999873e+03 1.674759999999999854e+04 1.129710000000000000e+07 1.009560000000000000e+07 7.559180000000000632e+01
  dtu_10mw_rwt_turb_17.0_40322.dat 1.622380000000000067e+01 1.059879999999999933e+00 1.220859999999999900e+03 2.382469999999999999e+01 1.380050000000000000e+05 3.848769999999999709e+04 2.345329999999999927e+04 1.301360000000000036e+04 -9.349670000000000073e+03 2.614500000000000000e+03 1.670479999999999927e+04 1.060720000000000000e+07 1.003680000000000000e+07 7.580209999999999582e+01
  dtu_10mw_rwt_turb_17.0_43619.dat 1.769059999999999988e+01 1.073979999999999935e+00 1.266339999999999918e+03 2.750189999999999912e+01 1.592140000000000000e+05 4.601859999999999854e+04 2.636709999999999854e+04 1.337950000000000000e+04 -8.603510000000000218e+03 4.022130000000000109e+03 1.630810000000000036e+04 1.076800000000000000e+07 1.004470000000000000e+07 7.556759999999999877e+01
  dtu_10mw_rwt_turb_17.0_47165.dat 1.671989999999999910e+01 1.093460000000000099e+00 1.417079999999999927e+03 2.593420000000000059e+01 1.777470000000000000e+05 4.694590000000000146e+04 2.526709999999999854e+04 1.295000000000000000e+04 -8.250440000000000509e+03 2.698150000000000091e+03 1.600389999999999964e+04 1.102630000000000000e+07 1.005850000000000000e+07 7.576250000000000284e+01
  dtu_10mw_rwt_turb_17.0_47952.dat 1.544299999999999962e+01 1.069250000000000034e+00 1.134660000000000082e+03 2.529159999999999897e+01 1.602450000000000000e+05 5.124450000000000000e+04 2.216890000000000146e+04 1.337170000000000073e+04 -8.848440000000000509e+03 2.388139999999999873e+03 1.798270000000000073e+04 1.053040000000000000e+07 1.003760000000000000e+07 7.576030000000000086e+01
  dtu_10mw_rwt_turb_17.0_50292.dat 1.786710000000000065e+01 1.075509999999999966e+00 1.236470000000000027e+03 2.578389999999999915e+01 1.506170000000000000e+05 4.391200000000000000e+04 2.059500000000000000e+04 1.332639999999999964e+04 -8.995389999999999418e+03 2.000089999999999918e+03 1.657859999999999854e+04 1.084040000000000000e+07 1.004500000000000000e+07 7.546869999999999834e+01
  dtu_10mw_rwt_turb_18.0_14324.dat 1.843609999999999971e+01 1.074770000000000003e+00 1.152809999999999945e+03 2.743969999999999843e+01 1.388670000000000000e+05 4.448419999999999709e+04 2.547779999999999927e+04 1.302200000000000000e+04 -7.779760000000000218e+03 1.445389999999999964e+04 1.589879999999999927e+04 1.111720000000000000e+07 1.008210000000000000e+07 7.557599999999999341e+01
  dtu_10mw_rwt_turb_18.0_26862.dat 1.780320000000000036e+01 1.072810000000000041e+00 1.010850000000000023e+03 2.566140000000000043e+01 1.424900000000000000e+05 4.595259999999999854e+04 2.526529999999999927e+04 1.302139999999999964e+04 -9.349219999999999345e+03 5.284579999999999927e+03 1.757679999999999927e+04 1.082960000000000000e+07 1.003500000000000000e+07 7.564560000000000173e+01
  dtu_10mw_rwt_turb_18.0_47824.dat 1.627370000000000161e+01 1.062170000000000059e+00 1.173500000000000000e+03 2.412219999999999942e+01 1.537200000000000000e+05 3.952540000000000146e+04 1.925529999999999927e+04 1.392529999999999927e+04 -8.745530000000000655e+03 3.963500000000000000e+03 1.692870000000000073e+04 1.112560000000000000e+07 1.005750000000000000e+07 7.562059999999999604e+01
  dtu_10mw_rwt_turb_18.0_51321.dat 2.001879999999999882e+01 1.074619999999999909e+00 1.154170000000000073e+03 2.717889999999999873e+01 1.499810000000000000e+05 5.784309999999999854e+04 3.123340000000000146e+04 1.361600000000000000e+04 -9.074920000000000073e+03 7.669409999999999854e+03 1.641400000000000000e+04 1.138670000000000000e+07 1.005170000000000000e+07 7.595730000000000359e+01
  dtu_10mw_rwt_turb_18.0_52263.dat 1.765840000000000032e+01 1.077679999999999971e+00 1.109539999999999964e+03 2.570700000000000074e+01 1.615680000000000000e+05 5.025480000000000291e+04 2.209640000000000146e+04 1.336160000000000036e+04 -9.097139999999999418e+03 2.052250000000000000e+03 1.642000000000000000e+04 1.077340000000000000e+07 1.004720000000000000e+07 7.561990000000000123e+01
  dtu_10mw_rwt_turb_18.0_55769.dat 1.843230000000000146e+01 1.072589999999999932e+00 1.310269999999999982e+03 2.691359999999999886e+01 1.750750000000000000e+05 6.211650000000000000e+04 2.070059999999999854e+04 1.477200000000000000e+04 -8.835350000000000364e+03 9.678569999999999709e+03 1.861109999999999854e+04 1.095560000000000000e+07 1.003910000000000000e+07 7.583820000000000050e+01
  dtu_10mw_rwt_turb_19.0_21716.dat 2.020349999999999824e+01 1.068859999999999921e+00 1.274390000000000100e+03 2.813329999999999842e+01 1.679330000000000000e+05 5.534359999999999854e+04 2.660509999999999854e+04 1.399360000000000036e+04 -7.384409999999999854e+03 5.137010000000000218e+03 1.787329999999999927e+04 1.144230000000000000e+07 1.010550000000000000e+07 7.572199999999999420e+01
  dtu_10mw_rwt_turb_19.0_40322.dat 1.867310000000000159e+01 1.068550000000000111e+00 1.144960000000000036e+03 2.625860000000000127e+01 1.314930000000000000e+05 4.305169999999999709e+04 2.565220000000000073e+04 1.334350000000000000e+04 -9.212760000000000218e+03 8.811180000000000291e+03 1.691859999999999854e+04 1.069860000000000000e+07 1.003870000000000000e+07 7.599330000000000496e+01
  dtu_10mw_rwt_turb_19.0_43619.dat 2.011169999999999902e+01 1.089180000000000037e+00 1.159720000000000027e+03 2.995070000000000121e+01 1.503080000000000000e+05 4.398709999999999854e+04 2.738509999999999854e+04 1.329450000000000000e+04 -8.904889999999999418e+03 6.801399999999999636e+03 1.639829999999999927e+04 1.093730000000000000e+07 1.004970000000000000e+07 7.581539999999999679e+01
  dtu_10mw_rwt_turb_19.0_47165.dat 1.922190000000000154e+01 1.101180000000000048e+00 1.307890000000000100e+03 2.854080000000000084e+01 1.618910000000000000e+05 5.954840000000000146e+04 2.775240000000000146e+04 1.324079999999999927e+04 -8.325510000000000218e+03 5.429670000000000073e+03 1.695690000000000146e+04 1.122740000000000000e+07 1.006760000000000000e+07 7.592379999999999995e+01
  dtu_10mw_rwt_turb_19.0_47952.dat 1.810150000000000148e+01 1.076270000000000060e+00 1.073009999999999991e+03 2.856119999999999948e+01 1.528850000000000000e+05 5.721459999999999854e+04 2.602529999999999927e+04 1.351170000000000073e+04 -9.015549999999999272e+03 7.795810000000000400e+03 1.736850000000000000e+04 1.070140000000000000e+07 1.003970000000000000e+07 7.591920000000000357e+01
  dtu_10mw_rwt_turb_19.0_50292.dat 2.030180000000000007e+01 1.085360000000000102e+00 1.146210000000000036e+03 2.873179999999999978e+01 1.399950000000000000e+05 4.566240000000000146e+04 2.175879999999999927e+04 1.331479999999999927e+04 -9.088430000000000291e+03 4.989850000000000364e+03 1.719629999999999927e+04 1.098820000000000000e+07 1.004030000000000000e+07 7.555100000000000193e+01
  dtu_10mw_rwt_turb_20.0_14324.dat 2.099129999999999896e+01 1.089380000000000015e+00 1.138400000000000091e+03 3.034369999999999834e+01 1.587900000000000000e+05 5.249130000000000291e+04 2.910279999999999927e+04 1.367279999999999927e+04 -8.237409999999999854e+03 1.404550000000000000e+04 1.708459999999999854e+04 1.122520000000000000e+07 1.007210000000000000e+07 7.577389999999999759e+01
  dtu_10mw_rwt_turb_20.0_26862.dat 2.032659999999999911e+01 1.078119999999999967e+00 9.209640000000000555e+02 2.793509999999999849e+01 1.346270000000000000e+05 6.584619999999999709e+04 2.898170000000000073e+04 1.327410000000000036e+04 -9.111219999999999345e+03 8.808100000000000364e+03 1.810800000000000000e+04 1.088790000000000000e+07 1.003960000000000000e+07 7.581919999999999504e+01
  dtu_10mw_rwt_turb_20.0_47824.dat 1.880480000000000018e+01 1.075949999999999962e+00 1.021669999999999959e+03 2.716130000000000067e+01 1.416310000000000000e+05 5.275980000000000291e+04 2.345459999999999854e+04 1.436510000000000036e+04 -9.349719999999999345e+03 4.211800000000000182e+03 1.660070000000000073e+04 1.121780000000000000e+07 1.003270000000000000e+07 7.582259999999999422e+01
  dtu_10mw_rwt_turb_20.0_51321.dat 2.230499999999999972e+01 1.087480000000000002e+00 1.039559999999999945e+03 2.980649999999999977e+01 1.479540000000000000e+05 6.750880000000000291e+04 3.190759999999999854e+04 1.413679999999999927e+04 -9.093489999999999782e+03 8.924149999999999636e+03 1.732500000000000000e+04 1.152410000000000000e+07 1.004550000000000000e+07 7.609860000000000468e+01
  dtu_10mw_rwt_turb_20.0_52263.dat 2.012659999999999982e+01 1.083360000000000101e+00 1.071599999999999909e+03 2.813119999999999976e+01 1.504570000000000000e+05 5.420659999999999854e+04 2.549150000000000000e+04 1.349620000000000073e+04 -8.598040000000000873e+03 3.615809999999999945e+03 1.849290000000000146e+04 1.096360000000000000e+07 1.006090000000000000e+07 7.584829999999999472e+01
  dtu_10mw_rwt_turb_20.0_55769.dat 2.079700000000000060e+01 1.087890000000000024e+00 1.216480000000000018e+03 2.975639999999999930e+01 1.543800000000000000e+05 6.176740000000000146e+04 2.233720000000000073e+04 1.453039999999999964e+04 -7.622810000000000400e+03 1.075800000000000000e+04 1.902720000000000073e+04 1.110910000000000000e+07 1.008440000000000000e+07 7.606189999999999429e+01
  dtu_10mw_rwt_turb_21.0_21716.dat 2.254550000000000054e+01 1.078969999999999985e+00 1.138960000000000036e+03 3.127039999999999864e+01 1.594110000000000000e+05 5.843140000000000146e+04 2.339350000000000000e+04 1.394310000000000036e+04 -7.289119999999999891e+03 8.848180000000000291e+03 1.849129999999999927e+04 1.193980000000000000e+07 1.023460000000000000e+07 7.582089999999999463e+01
  dtu_10mw_rwt_turb_21.0_40322.dat 2.099520000000000053e+01 1.081199999999999939e+00 1.076200000000000045e+03 2.860340000000000060e+01 1.421360000000000000e+05 5.483769999999999709e+04 2.769700000000000000e+04 1.353850000000000000e+04 -8.820620000000000800e+03 1.398960000000000036e+04 1.968909999999999854e+04 1.089920000000000000e+07 1.007160000000000000e+07 7.623040000000000305e+01
  dtu_10mw_rwt_turb_21.0_43619.dat 2.232319999999999993e+01 1.103580000000000005e+00 1.077490000000000009e+03 3.236220000000000141e+01 1.449830000000000000e+05 5.095119999999999709e+04 2.943470000000000073e+04 1.343950000000000000e+04 -8.886469999999999345e+03 9.215190000000000509e+03 1.842850000000000000e+04 1.109810000000000000e+07 1.005340000000000000e+07 7.592400000000000659e+01
  dtu_10mw_rwt_turb_21.0_47165.dat 2.147459999999999880e+01 1.111629999999999896e+00 1.265259999999999991e+03 3.109509999999999863e+01 1.606450000000000000e+05 5.953350000000000000e+04 3.066690000000000146e+04 1.314179999999999927e+04 -6.949159999999999854e+03 7.839140000000000327e+03 1.918579999999999927e+04 1.159750000000000000e+07 1.011250000000000000e+07 7.611979999999999791e+01
  dtu_10mw_rwt_turb_21.0_47952.dat 2.039999999999999858e+01 1.095250000000000057e+00 1.008929999999999950e+03 3.182649999999999935e+01 1.458140000000000000e+05 6.119480000000000291e+04 2.941279999999999927e+04 1.375400000000000000e+04 -8.774579999999999927e+03 9.875899999999999636e+03 1.726179999999999927e+04 1.084570000000000000e+07 1.005880000000000000e+07 7.622769999999999868e+01
  dtu_10mw_rwt_turb_21.0_50292.dat 2.249719999999999942e+01 1.101820000000000022e+00 1.023899999999999977e+03 3.168220000000000169e+01 1.403110000000000000e+05 5.504790000000000146e+04 2.178940000000000146e+04 1.380070000000000073e+04 -9.015149999999999636e+03 7.845609999999999673e+03 1.782129999999999927e+04 1.113540000000000000e+07 1.004060000000000000e+07 7.577370000000000516e+01
  dtu_10mw_rwt_turb_22.0_14324.dat 2.298130000000000095e+01 1.096819999999999906e+00 1.037789999999999964e+03 3.316879999999999740e+01 1.448160000000000000e+05 7.883480000000000291e+04 3.050629999999999927e+04 1.413020000000000073e+04 -7.972000000000000000e+03 1.520610000000000036e+04 1.794300000000000000e+04 1.141120000000000000e+07 1.008210000000000000e+07 7.589740000000000464e+01
  dtu_10mw_rwt_turb_22.0_26862.dat 2.250459999999999994e+01 1.089730000000000087e+00 9.048440000000000509e+02 3.051839999999999975e+01 1.381780000000000000e+05 5.678859999999999854e+04 3.158440000000000146e+04 1.322939999999999964e+04 -8.912790000000000873e+03 9.966819999999999709e+03 1.884120000000000073e+04 1.115060000000000000e+07 1.004240000000000000e+07 7.590900000000000603e+01
  dtu_10mw_rwt_turb_22.0_47824.dat 2.112950000000000017e+01 1.084929999999999950e+00 9.392300000000000182e+02 3.017210000000000036e+01 1.454980000000000000e+05 5.486640000000000146e+04 2.238050000000000000e+04 1.435360000000000036e+04 -8.648760000000000218e+03 7.277149999999999636e+03 1.683140000000000146e+04 1.141960000000000000e+07 1.006620000000000000e+07 7.605700000000000216e+01
  dtu_10mw_rwt_turb_22.0_51321.dat 2.434469999999999956e+01 1.096549999999999914e+00 9.836019999999999754e+02 3.238219999999999743e+01 1.448380000000000000e+05 7.032169999999999709e+04 3.469580000000000291e+04 1.393860000000000036e+04 -8.711379999999999200e+03 1.343820000000000073e+04 1.980979999999999927e+04 1.200940000000000000e+07 1.010070000000000000e+07 7.614809999999999945e+01
  dtu_10mw_rwt_turb_22.0_52263.dat 2.227959999999999852e+01 1.091550000000000020e+00 1.019820000000000050e+03 3.052749999999999986e+01 1.419790000000000000e+05 6.444130000000000291e+04 2.771550000000000000e+04 1.378770000000000073e+04 -8.654780000000000655e+03 7.142439999999999600e+03 1.963009999999999854e+04 1.095560000000000000e+07 1.004640000000000000e+07 7.590109999999999957e+01
  dtu_10mw_rwt_turb_22.0_55769.dat 2.288700000000000045e+01 1.093299999999999939e+00 1.175880000000000109e+03 3.282050000000000267e+01 1.583400000000000000e+05 6.512609999999999854e+04 2.565720000000000073e+04 1.546829999999999927e+04 -8.001489999999999782e+03 1.355239999999999964e+04 2.105190000000000146e+04 1.116930000000000000e+07 1.007760000000000000e+07 7.604670000000000130e+01
  dtu_10mw_rwt_turb_23.0_21716.dat 2.474919999999999831e+01 1.088430000000000009e+00 1.097529999999999973e+03 3.441259999999999764e+01 1.716560000000000000e+05 6.338300000000000000e+04 2.819570000000000073e+04 1.463139999999999964e+04 -8.718889999999999418e+03 1.201970000000000073e+04 1.980470000000000073e+04 1.192740000000000000e+07 1.006520000000000000e+07 7.594989999999999952e+01
  dtu_10mw_rwt_turb_23.0_40322.dat 2.306070000000000064e+01 1.087599999999999900e+00 1.033549999999999955e+03 3.104749999999999943e+01 1.334400000000000000e+05 5.869280000000000291e+04 2.946350000000000000e+04 1.387550000000000000e+04 -8.937659999999999854e+03 1.730979999999999927e+04 1.935590000000000146e+04 1.095650000000000000e+07 1.004390000000000000e+07 7.637399999999999523e+01
  dtu_10mw_rwt_turb_23.0_43619.dat 2.423069999999999879e+01 1.107129999999999947e+00 9.846680000000000064e+02 3.466329999999999956e+01 1.556020000000000000e+05 6.084300000000000000e+04 3.003179999999999927e+04 1.411560000000000036e+04 -8.638079999999999927e+03 1.045420000000000073e+04 1.907850000000000000e+04 1.129520000000000000e+07 1.004420000000000000e+07 7.598409999999999798e+01
  dtu_10mw_rwt_turb_23.0_47165.dat 2.356850000000000023e+01 1.120889999999999942e+00 1.224019999999999982e+03 3.354129999999999967e+01 1.538960000000000000e+05 6.259209999999999854e+04 3.108829999999999927e+04 1.349150000000000000e+04 -6.884800000000000182e+03 1.077089999999999964e+04 1.737729999999999927e+04 1.186410000000000000e+07 1.021750000000000000e+07 7.623180000000000689e+01
  dtu_10mw_rwt_turb_23.0_47952.dat 2.283139999999999858e+01 1.090810000000000057e+00 1.048259999999999991e+03 3.502210000000000178e+01 1.537690000000000000e+05 8.003369999999999709e+04 3.071509999999999854e+04 1.417929999999999927e+04 -8.814120000000000800e+03 1.322560000000000036e+04 1.903300000000000000e+04 1.088890000000000000e+07 1.004680000000000000e+07 7.623779999999999291e+01
  dtu_10mw_rwt_turb_23.0_50292.dat 2.466140000000000043e+01 1.109909999999999952e+00 1.037500000000000000e+03 3.449020000000000152e+01 1.410840000000000000e+05 5.991409999999999854e+04 2.613929999999999927e+04 1.386279999999999927e+04 -8.705000000000000000e+03 1.074170000000000073e+04 1.831150000000000000e+04 1.141910000000000000e+07 1.007840000000000000e+07 7.598900000000000432e+01
  dtu_10mw_rwt_turb_24.0_14324.dat 2.498969999999999914e+01 1.106289999999999996e+00 1.002159999999999968e+03 3.590529999999999688e+01 1.354010000000000000e+05 5.982050000000000000e+04 3.509580000000000291e+04 1.374350000000000000e+04 -7.390069999999999709e+03 2.061259999999999854e+04 1.970020000000000073e+04 1.188340000000000000e+07 1.018380000000000000e+07 7.596490000000000009e+01
  dtu_10mw_rwt_turb_24.0_26862.dat 2.464280000000000115e+01 1.102970000000000006e+00 8.863559999999999945e+02 3.301469999999999771e+01 1.523050000000000000e+05 7.737969999999999709e+04 3.316080000000000291e+04 1.389350000000000000e+04 -8.923350000000000364e+03 1.280229999999999927e+04 1.895270000000000073e+04 1.116540000000000000e+07 1.005270000000000000e+07 7.612640000000000384e+01
  dtu_10mw_rwt_turb_24.0_47824.dat 2.330160000000000053e+01 1.103590000000000071e+00 9.264260000000000446e+02 3.313989999999999725e+01 1.408550000000000000e+05 5.976000000000000000e+04 2.355870000000000073e+04 1.429500000000000000e+04 -8.459370000000000800e+03 9.998239999999999782e+03 1.756020000000000073e+04 1.156650000000000000e+07 1.005590000000000000e+07 7.610739999999999839e+01
  dtu_10mw_rwt_turb_24.0_51321.dat 2.641189999999999927e+01 1.111269999999999980e+00 9.787119999999999891e+02 3.493719999999999715e+01 1.464320000000000000e+05 6.806039999999999418e+04 3.577040000000000146e+04 1.440879999999999927e+04 -8.520620000000000800e+03 1.598339999999999964e+04 1.968209999999999854e+04 1.190090000000000000e+07 1.005350000000000000e+07 7.612220000000000653e+01
  dtu_10mw_rwt_turb_24.0_52263.dat 2.422360000000000113e+01 1.101439999999999975e+00 1.026630000000000109e+03 3.331300000000000239e+01 1.583780000000000000e+05 6.355959999999999854e+04 2.984229999999999927e+04 1.439760000000000036e+04 -8.628110000000000582e+03 1.170910000000000036e+04 2.157770000000000073e+04 1.123340000000000000e+07 1.005390000000000000e+07 7.610850000000000648e+01
  dtu_10mw_rwt_turb_24.0_55769.dat 2.499289999999999878e+01 1.105839999999999934e+00 1.103380000000000109e+03 3.574269999999999925e+01 1.673550000000000000e+05 6.317550000000000000e+04 2.904679999999999927e+04 1.542370000000000073e+04 -8.486389999999999418e+03 1.769609999999999854e+04 2.233700000000000000e+04 1.143880000000000000e+07 1.007160000000000000e+07 7.616840000000000543e+01
   dtu_10mw_rwt_turb_5.0_21716.dat 2.682310000000000194e+00 6.340149999999999952e-01 5.554310000000000400e+02 8.242219999999999658e+00 7.911580000000000291e+04 1.715429999999999927e+04 5.111859999999999673e+03 3.503800000000000182e+03 -4.891870000000000118e+02 -1.828470000000000027e+03 1.048060000000000036e+04 3.084290000000000000e+06 1.955920000000000000e+06 7.538569999999999993e+01
   dtu_10mw_rwt_turb_5.0_40322.dat 2.682080000000000020e+00 6.335499999999999465e-01 5.506000000000000227e+02 8.270339999999999137e+00 8.565360000000000582e+04 1.203270000000000073e+04 1.909660000000000082e+03 2.973349999999999909e+03 -5.151799999999999500e+02 -2.965190000000000055e+03 9.671350000000000364e+03 2.600850000000000000e+06 1.644600000000000000e+06 7.524540000000000362e+01
   dtu_10mw_rwt_turb_5.0_43619.dat 2.682539999999999925e+00 6.349500000000000144e-01 6.886689999999999827e+02 1.026590000000000025e+01 1.168450000000000000e+05 2.128359999999999854e+04 7.935479999999999563e+03 5.121329999999999927e+03 -5.271929999999999836e+02 -8.482380000000000564e+02 1.121420000000000073e+04 4.307290000000000000e+06 2.734680000000000000e+06 7.540519999999999357e+01
   dtu_10mw_rwt_turb_5.0_47165.dat 2.681740000000000013e+00 6.342649999999999677e-01 5.398260000000000218e+02 9.957670000000000243e+00 1.125650000000000000e+05 1.466000000000000000e+04 6.547670000000000073e+03 2.912650000000000091e+03 -5.031360000000000241e+02 -1.632380000000000109e+03 9.912420000000000073e+03 2.403110000000000000e+06 1.520250000000000000e+06 7.543120000000000402e+01
   dtu_10mw_rwt_turb_5.0_47952.dat 2.682160000000000100e+00 6.322699999999999987e-01 5.123809999999999718e+02 8.640150000000000219e+00 9.365760000000000582e+04 1.336300000000000000e+04 2.654639999999999873e+03 2.783989999999999782e+03 -4.772760000000000105e+02 -1.331940000000000055e+03 9.830870000000000800e+03 2.005280000000000000e+06 1.264930000000000000e+06 7.538469999999999516e+01
   dtu_10mw_rwt_turb_5.0_50292.dat 2.681939999999999991e+00 6.351130000000000386e-01 5.414329999999999927e+02 7.571500000000000341e+00 8.962380000000000291e+04 1.759150000000000000e+04 4.132930000000000291e+03 3.724420000000000073e+03 -1.953679999999999950e+02 -9.950979999999999563e+02 1.038770000000000073e+04 2.931920000000000000e+06 1.853680000000000000e+06 7.535999999999999943e+01
   dtu_10mw_rwt_turb_6.0_14324.dat 1.667059999999999986e+00 6.368639999999999857e-01 7.372980000000000018e+02 9.716079999999999828e+00 1.314750000000000000e+05 2.522300000000000000e+04 7.109899999999999636e+03 5.211239999999999782e+03 -2.052010000000000218e+03 -4.211100000000000364e+03 1.025370000000000073e+04 4.824820000000000000e+06 3.067530000000000000e+06 7.527939999999999543e+01
   dtu_10mw_rwt_turb_6.0_26862.dat 2.363690000000000069e+00 6.375420000000000531e-01 7.185850000000000364e+02 9.900159999999999627e+00 1.074140000000000000e+05 2.395859999999999854e+04 5.264810000000000400e+03 5.549510000000000218e+03 -1.489220000000000027e+03 -4.371409999999999854e+03 1.078800000000000000e+04 4.825750000000000000e+06 3.046470000000000000e+06 7.515930000000000177e+01
   dtu_10mw_rwt_turb_6.0_47824.dat 2.683240000000000069e+00 6.335490000000000288e-01 5.943899999999999864e+02 8.477109999999999701e+00 9.743960000000000582e+04 1.512620000000000073e+04 2.866170000000000073e+03 3.621139999999999873e+03 -1.384149999999999920e+02 6.170009999999999764e+02 1.029039999999999964e+04 2.778310000000000000e+06 1.753810000000000000e+06 7.539300000000000068e+01
   dtu_10mw_rwt_turb_6.0_51321.dat 2.681859999999999911e+00 6.527089999999999836e-01 8.183060000000000400e+02 1.127059999999999995e+01 1.314140000000000000e+05 2.496850000000000000e+04 5.996039999999999964e+03 6.020880000000000109e+03 -1.149569999999999936e+03 -2.034400000000000091e+03 1.087500000000000000e+04 5.536830000000000000e+06 3.611590000000000000e+06 7.536090000000000089e+01
   dtu_10mw_rwt_turb_6.0_52263.dat 2.682249999999999801e+00 6.355899999999999883e-01 6.242000000000000455e+02 9.209059999999999135e+00 9.820419999999999709e+04 1.521379999999999927e+04 3.437889999999999873e+03 4.686359999999999673e+03 -1.006210000000000036e+03 -2.725179999999999836e+03 1.076979999999999927e+04 3.912500000000000000e+06 2.471360000000000000e+06 7.528950000000000387e+01
   dtu_10mw_rwt_turb_6.0_55769.dat 2.537150000000000016e+00 6.375180000000000291e-01 7.340720000000000027e+02 1.030030000000000001e+01 1.493640000000000000e+05 3.254859999999999854e+04 5.618279999999999745e+03 6.138390000000000327e+03 -1.542940000000000055e+03 -1.459740000000000009e+03 1.122210000000000036e+04 5.213950000000000000e+06 3.308800000000000000e+06 7.524720000000000653e+01
   dtu_10mw_rwt_turb_7.0_21716.dat 1.118200000000000083e+00 7.140929999999999778e-01 1.007350000000000023e+03 1.079400000000000048e+01 1.407250000000000000e+05 2.716540000000000146e+04 9.364600000000000364e+03 7.667340000000000146e+03 -1.759549999999999955e+03 -3.777210000000000036e+03 1.207120000000000073e+04 6.657280000000000000e+06 4.750950000000000000e+06 7.523439999999999372e+01
   dtu_10mw_rwt_turb_7.0_40322.dat 2.681259999999999977e+00 6.596140000000000336e-01 8.394030000000000200e+02 1.066649999999999920e+01 1.220160000000000000e+05 2.498650000000000000e+04 5.442640000000000327e+03 6.248390000000000327e+03 -2.139050000000000182e+03 -4.516609999999999673e+03 1.154520000000000073e+04 5.676220000000000000e+06 3.748790000000000000e+06 7.507439999999999714e+01
   dtu_10mw_rwt_turb_7.0_43619.dat 2.005949999999999900e+00 7.611099999999999532e-01 1.077680000000000064e+03 1.271260000000000012e+01 1.483700000000000000e+05 3.221820000000000073e+04 1.264620000000000073e+04 8.979770000000000437e+03 -1.739509999999999991e+03 -3.211730000000000018e+03 1.249889999999999964e+04 7.546230000000000000e+06 5.746420000000000000e+06 7.521250000000000568e+01
   dtu_10mw_rwt_turb_7.0_47165.dat 2.085830000000000073e+00 6.435220000000000384e-01 8.240220000000000482e+02 1.267290000000000028e+01 1.561630000000000000e+05 3.606669999999999709e+04 8.628879999999999200e+03 6.805189999999999600e+03 -1.849390000000000100e+03 -3.181670000000000073e+03 1.148689999999999964e+04 5.385630000000000000e+06 3.464670000000000000e+06 7.527880000000000393e+01
   dtu_10mw_rwt_turb_7.0_47952.dat 1.859459999999999891e+00 6.371139999999999581e-01 7.099420000000000073e+02 1.067709999999999937e+01 1.330250000000000000e+05 2.387500000000000000e+04 5.097149999999999636e+03 6.464239999999999782e+03 -2.242480000000000018e+03 -3.101210000000000036e+03 1.113750000000000000e+04 4.949930000000000000e+06 3.132060000000000000e+06 7.515800000000000125e+01
   dtu_10mw_rwt_turb_7.0_50292.dat 2.491950000000000109e+00 6.920589999999999797e-01 9.155850000000000364e+02 1.053320000000000078e+01 1.342420000000000000e+05 2.782629999999999927e+04 6.579859999999999673e+03 7.481569999999999709e+03 -1.340359999999999900e+03 -2.860869999999999891e+03 1.239260000000000036e+04 6.233580000000000000e+06 4.314310000000000000e+06 7.525140000000000384e+01
   dtu_10mw_rwt_turb_8.0_14324.dat 2.008999999999999952e-01 7.776990000000000292e-01 1.179900000000000091e+03 1.238410000000000011e+01 1.664640000000000000e+05 3.765909999999999854e+04 1.161050000000000000e+04 8.566309999999999491e+03 -4.630359999999999673e+03 -7.456659999999999854e+03 1.217079999999999927e+04 7.873180000000000000e+06 6.123960000000000000e+06 7.514530000000000598e+01
   dtu_10mw_rwt_turb_8.0_26862.dat 7.843219999999999636e-01 7.751580000000000137e-01 1.131730000000000018e+03 1.279149999999999920e+01 1.446570000000000000e+05 2.942759999999999854e+04 9.548139999999999418e+03 9.064850000000000364e+03 -4.158789999999999964e+03 -7.803810000000000400e+03 1.267500000000000000e+04 7.836200000000000000e+06 6.080840000000000000e+06 7.503889999999999816e+01
   dtu_10mw_rwt_turb_8.0_47824.dat 2.064369999999999816e+00 6.524140000000000494e-01 8.177229999999999563e+02 1.079020000000000046e+01 1.362380000000000000e+05 2.647000000000000000e+04 5.769739999999999782e+03 6.918449999999999818e+03 -1.223660000000000082e+03 -2.690620000000000118e+02 1.181870000000000073e+04 5.552570000000000000e+06 3.627000000000000000e+06 7.527370000000000516e+01
   dtu_10mw_rwt_turb_8.0_51321.dat 1.338379999999999903e+00 8.508620000000000072e-01 1.370089999999999918e+03 1.397600000000000087e+01 1.712020000000000000e+05 3.281919999999999709e+04 9.613149999999999636e+03 1.013539999999999964e+04 -3.022079999999999927e+03 -4.049760000000000218e+03 1.356029999999999927e+04 9.422350000000000000e+06 8.017570000000000000e+06 7.523609999999999332e+01
   dtu_10mw_rwt_turb_8.0_52263.dat 2.078500000000000014e+00 7.483579999999999677e-01 1.074609999999999900e+03 1.204410000000000025e+01 1.412200000000000000e+05 2.997820000000000073e+04 5.555350000000000364e+03 8.522180000000000291e+03 -2.936949999999999818e+03 -3.251980000000000018e+03 1.271410000000000036e+04 7.312140000000000000e+06 5.481150000000000000e+06 7.510779999999999745e+01
   dtu_10mw_rwt_turb_8.0_55769.dat 7.281879999999999464e-01 8.050469999999999571e-01 1.247480000000000018e+03 1.292859999999999943e+01 1.752840000000000000e+05 3.685519999999999709e+04 1.344950000000000000e+04 9.994600000000000364e+03 -3.421170000000000073e+03 -4.219149999999999636e+03 1.378179999999999927e+04 8.446160000000000000e+06 6.804400000000000000e+06 7.512449999999999761e+01
   dtu_10mw_rwt_turb_9.0_21716.dat 7.629000000000000310e-05 9.147420000000000551e-01 1.630710000000000036e+03 1.339860000000000007e+01 1.940980000000000000e+05 2.729809999999999854e+04 1.532979999999999927e+04 1.238279999999999927e+04 -3.479420000000000073e+03 -4.576939999999999600e+03 1.555900000000000000e+04 1.077180000000000000e+07 9.870960000000000000e+06 7.513150000000000261e+01
   dtu_10mw_rwt_turb_9.0_40322.dat 1.315709999999999935e+00 8.342509999999999648e-01 1.312000000000000000e+03 1.283590000000000053e+01 1.598420000000000000e+05 2.171709999999999854e+04 1.038860000000000036e+04 1.013070000000000073e+04 -4.935529999999999745e+03 -7.789649999999999636e+03 1.252450000000000000e+04 9.070970000000000000e+06 7.573320000000000000e+06 7.489860000000000184e+01
   dtu_10mw_rwt_turb_9.0_43619.dat 1.780350000000000099e+00 1.012180000000000080e+00 1.700250000000000000e+03 1.582699999999999996e+01 2.119290000000000000e+05 3.639690000000000146e+04 1.765200000000000000e+04 1.288400000000000000e+04 -4.053159999999999854e+03 -5.954340000000000146e+03 1.465589999999999964e+04 1.076730000000000000e+07 1.018380000000000000e+07 7.505370000000000630e+01
   dtu_10mw_rwt_turb_9.0_47165.dat 4.689499999999999780e-01 8.297020000000000506e-01 1.373200000000000045e+03 1.528500000000000014e+01 1.721860000000000000e+05 3.442990000000000146e+04 1.424889999999999964e+04 1.040620000000000073e+04 -4.211880000000000109e+03 -5.212090000000000146e+03 1.356689999999999964e+04 8.949630000000000000e+06 7.421840000000000000e+06 7.522280000000000655e+01
   dtu_10mw_rwt_turb_9.0_47952.dat 7.707130000000000187e-05 7.822310000000000096e-01 1.186799999999999955e+03 1.342050000000000054e+01 1.643040000000000000e+05 2.935640000000000146e+04 1.033750000000000000e+04 9.651739999999999782e+03 -5.353760000000000218e+03 -6.691890000000000327e+03 1.306410000000000036e+04 7.960100000000000000e+06 6.225630000000000000e+06 7.496890000000000498e+01
   dtu_10mw_rwt_turb_9.0_50292.dat 7.546540000000000470e-01 8.944990000000000441e-01 1.510680000000000064e+03 1.377650000000000041e+01 1.777290000000000000e+05 2.820159999999999854e+04 1.078400000000000000e+04 1.228629999999999927e+04 -3.537519999999999982e+03 -5.483449999999999818e+03 1.405250000000000000e+04 1.043920000000000000e+07 9.349850000000000000e+06 7.510250000000000625e+01
