Statistics: mean. Generated: 11/11/2020 08:38:31. No. files: 120.
                              File                       4                      10                      13                      15                      19                      20                      22                      23                      27                      28                      29                      72                     102                     110
  dtu_10mw_rwt_turb_10.0_14324.dat 2.899609724555333654e-02 8.296353542000000081e-01 1.207575081866666778e+03 1.061935775200000087e+01 1.427506451833333413e+05 1.184155210716333386e+04 2.609698648201566357e+03 9.526078488666667909e+03 -9.387828633333332618e+03 -2.147303567000000112e+04 2.582137617959666841e+03 8.825121581333333626e+06 7.372586972333333455e+06 4.265393818666666448e+01
  dtu_10mw_rwt_turb_10.0_26862.dat 1.170222564065776516e-01 8.621283975333332572e-01 1.272923099833333481e+03 1.075230520433333226e+01 1.505964911266666604e+05 1.202982062667233367e+04 2.840796842727633248e+03 9.991139782666665269e+03 -9.766592816666667204e+03 -2.267138328333333266e+04 2.678674628367066816e+03 9.182793229000000283e+06 8.018014552333333530e+06 4.233691259566666787e+01
  dtu_10mw_rwt_turb_10.0_47824.dat 2.645090831363167139e-02 7.248439030999999089e-01 9.209366382666665913e+02 9.181271086666667358e+00 1.060487852197966567e+05 7.689631392946434062e+03 -9.127184152042667620e+02 7.408631181666666635e+03 -7.100812370666666538e+03 -1.675260240493333185e+04 1.898384894458400140e+03 6.675675242333333008e+06 4.937272152333333157e+06 4.297362007333332912e+01
  dtu_10mw_rwt_turb_10.0_51321.dat 5.018773282776699540e-01 8.383295021999999097e-01 1.185183422833333452e+03 1.088209013566666528e+01 1.384766538100000180e+05 1.069708116055723440e+04 7.524189429531567157e+02 9.665798744666666607e+03 -9.437954595333334510e+03 -2.114770294433333402e+04 2.621774425967250409e+03 8.871424992333333939e+06 7.574058288999999873e+06 4.243581553166666964e+01
  dtu_10mw_rwt_turb_10.0_52263.dat 2.033587550545429626e-02 7.857535580000001296e-01 1.087112093366666613e+03 9.211143634333334163e+00 1.269981035200000188e+05 9.944044789425666750e+03 9.347191405884499318e+02 8.843560112333332654e+03 -8.591100092999999106e+03 -1.981337033866667116e+04 2.427168224667466802e+03 8.077248669999999925e+06 6.458220258000000380e+06 4.266508734733333341e+01
  dtu_10mw_rwt_turb_10.0_55769.dat 5.706176940260900832e-01 8.672744345999999771e-01 1.231281216966666761e+03 1.045294926066666541e+01 1.434183328666666639e+05 1.029226053848266565e+04 4.809936945304332880e+02 1.008200946233333343e+04 -9.680626935666667123e+03 -2.188076881100000173e+04 2.667008880261500053e+03 9.099326157999999821e+06 7.983291164333333261e+06 4.251234225500000008e+01
  dtu_10mw_rwt_turb_11.0_21716.dat 2.262590639444007845e+00 9.153300167666665876e-01 1.205074546399999917e+03 1.093274709833333169e+01 1.405502981399999990e+05 1.074602488172129779e+04 4.035352550285666098e+02 1.040524063033333368e+04 -1.010368992566666566e+04 -2.152660729566666851e+04 2.848920746520800094e+03 9.499284506333332509e+06 8.782724203666666523e+06 4.248010386733332666e+01
  dtu_10mw_rwt_turb_11.0_40322.dat 1.396914865380395554e+00 9.257532556666666634e-01 1.302218258099999957e+03 1.096676599633333282e+01 1.533230778899999859e+05 1.148771647405980002e+04 2.108030216285073493e+03 1.048507388033333336e+04 -1.030064081866666675e+04 -2.328929134333333059e+04 2.899800161060233222e+03 9.681788841666666791e+06 9.019213187333334237e+06 4.223793390433333172e+01
  dtu_10mw_rwt_turb_11.0_43619.dat 1.625916909447915781e+00 9.049830997333333515e-01 1.238959294166666723e+03 1.103971031600000074e+01 1.460934771066666581e+05 1.141586878700216585e+04 2.193253440823339133e+03 1.064425090966666539e+04 -1.024643789500000094e+04 -2.215619328599999790e+04 2.856988673779772853e+03 9.635418505333334208e+06 8.804175441666666418e+06 4.239005780333333462e+01
  dtu_10mw_rwt_turb_11.0_47165.dat 1.237787671380209620e+00 9.007134067666666688e-01 1.245654275333333544e+03 1.158999013966666958e+01 1.470990211233333393e+05 1.223591180927633468e+04 2.194951824895400023e+03 1.016132680299999993e+04 -1.004556717333333290e+04 -2.208728552199999831e+04 2.768774128741233653e+03 9.444687317666666582e+06 8.587435044666666538e+06 4.250096483833333139e+01
  dtu_10mw_rwt_turb_11.0_47952.dat 1.849602605788000108e-04 8.690919940999999316e-01 1.321458030666666673e+03 1.089751509400000096e+01 1.548302504933333257e+05 1.053825279410299845e+04 1.500737446697300129e+03 1.066137023733333262e+04 -1.031090916600000128e+04 -2.342851883000000453e+04 2.847575103079733253e+03 9.692577556666666642e+06 8.449823226333333179e+06 4.210024439899999749e+01
  dtu_10mw_rwt_turb_11.0_50292.dat 8.277470899357100009e-01 8.436379135333333945e-01 1.157365575733333344e+03 1.071530070266666712e+01 1.368312511433333275e+05 1.081728061978133155e+04 2.549112567879693415e+03 9.617605164999999033e+03 -9.247383598333333794e+03 -2.071302323666666780e+04 2.559804570263866481e+03 8.692906080666666850e+06 7.464106108666666783e+06 4.266957502066667018e+01
  dtu_10mw_rwt_turb_12.0_14324.dat 3.930909644779402079e+00 9.992410019333333171e-01 1.244553504433333273e+03 1.259673099866666846e+01 1.485714157566666545e+05 1.322035259058999873e+04 3.579195917110590017e+03 1.085628857099999914e+04 -1.065751447299999927e+04 -2.189822512300000017e+04 2.982863539998009855e+03 1.001813554933333397e+07 1.000298967166666687e+07 4.277130348400000059e+01
  dtu_10mw_rwt_turb_12.0_26862.dat 4.739390809740871013e+00 9.887534430333334567e-01 1.175601949833333265e+03 1.275817287000000100e+01 1.404138320600000152e+05 1.320285832245200072e+04 3.236939627821040176e+03 1.097916876966666860e+04 -1.069050547166666547e+04 -2.076379181166666604e+04 2.909181207555999663e+03 1.005037701266666688e+07 9.929877235999999568e+06 4.276651328633332838e+01
  dtu_10mw_rwt_turb_12.0_47824.dat 8.169673201765663695e-01 8.808072760000000834e-01 1.253101943099999971e+03 1.112487844233333156e+01 1.464008742233333178e+05 1.043972502065133267e+04 8.351418482647334258e+02 1.024416526866666754e+04 -9.870292827333334571e+03 -2.213838729400000011e+04 2.716994468530333052e+03 9.279448199666665867e+06 8.302231148666666821e+06 4.226296787733333105e+01
  dtu_10mw_rwt_turb_12.0_51321.dat 4.326171007331863549e+00 9.623539232000000165e-01 1.157174147433333246e+03 1.293595794899999873e+01 1.366625138600000064e+05 1.223007500303597226e+04 1.506633132500832971e+03 1.089250337899999795e+04 -1.060761881500000163e+04 -2.033597313599999688e+04 2.893650296405133304e+03 9.972669953999999911e+06 9.603183034666666761e+06 4.268729241500000171e+01
  dtu_10mw_rwt_turb_12.0_52263.dat 2.510873146684988289e+00 9.444318256333331663e-01 1.254753630466666891e+03 1.116125652433333038e+01 1.481369728233333153e+05 1.238115244608000103e+04 2.331873800381466936e+03 1.093177182666666522e+04 -1.061912294100000145e+04 -2.245740612266666722e+04 2.939593062048666525e+03 9.984260777666667476e+06 9.439210114000000060e+06 4.243414126966666089e+01
  dtu_10mw_rwt_turb_12.0_55769.dat 5.166430052731433520e+00 9.927460867666666466e-01 1.127960171966666394e+03 1.251220282399999917e+01 1.322725983100000012e+05 1.115416955189570035e+04 5.492179161101668114e+02 1.103446417266666504e+04 -1.057256088400000044e+04 -1.983766049333333285e+04 2.932840686029329845e+03 9.939583989000000060e+06 9.867838152333334088e+06 4.291793346599999381e+01
  dtu_10mw_rwt_turb_13.0_21716.dat 6.593741921884720192e+00 9.840464451666666168e-01 1.048984009000000015e+03 1.297335796499999816e+01 1.234769270866666629e+05 1.183111093331330085e+04 6.481997068210633870e+02 1.094076598700000068e+04 -1.058129323733333149e+04 -1.846031138866666515e+04 2.900188221952430013e+03 9.946724599666666240e+06 9.789591267999999225e+06 4.306023711633333306e+01
  dtu_10mw_rwt_turb_13.0_40322.dat 6.565548590646179683e+00 1.004787687933333507e+00 1.068149996200000032e+03 1.298899115100000046e+01 1.267742532666666666e+05 1.197638533554963215e+04 1.709209397960196611e+03 1.081993403166666576e+04 -1.059040610200000083e+04 -1.896096895566666353e+04 2.892531825465100610e+03 9.955829993666667491e+06 1.000000035999999940e+07 4.299380759933333707e+01
  dtu_10mw_rwt_turb_13.0_43619.dat 6.323972419615979668e+00 9.928826547666665947e-01 1.076800642133333213e+03 1.307709547400000005e+01 1.278763802766666777e+05 1.270249460736133187e+04 1.914874719180486636e+03 1.109391269233333333e+04 -1.068320026533333294e+04 -1.908298343166666746e+04 2.884832812107500104e+03 1.004356775866666622e+07 9.964264621333332732e+06 4.289174693933333771e+01
  dtu_10mw_rwt_turb_13.0_47165.dat 5.676781112281416242e+00 9.937908291666668337e-01 1.114142955666666921e+03 1.356482795466666502e+01 1.333329819333333289e+05 1.356090690062433532e+04 2.742014436354546888e+03 1.082711374366666678e+04 -1.068980815366666684e+04 -1.954074323833333256e+04 2.907570647511799507e+03 1.004975150200000033e+07 9.977383393666666001e+06 4.311484668899999662e+01
  dtu_10mw_rwt_turb_13.0_47952.dat 5.891414960666666367e+00 1.005418449933333402e+00 1.094156911100000116e+03 1.291770062133333496e+01 1.289797299399999902e+05 1.154271666214326979e+04 1.067813198713296742e+03 1.094103397533333373e+04 -1.058309726966666494e+04 -1.938970848200000182e+04 2.920936501709333243e+03 9.949163003666667268e+06 1.000000406799999997e+07 4.284627022200000113e+01
  dtu_10mw_rwt_turb_13.0_50292.dat 4.079663652441185562e+00 9.714579288666665979e-01 1.199335979366666606e+03 1.271085770233333179e+01 1.430666210566666850e+05 1.248252788056166537e+04 3.381233563400833191e+03 1.105652154066666844e+04 -1.061945426500000031e+04 -2.115573505233334072e+04 2.867144891922666829e+03 9.982821596000000834e+06 9.699311842333333567e+06 4.272521515666666403e+01
  dtu_10mw_rwt_turb_14.0_14324.dat 8.735021289666667244e+00 1.003779139699999989e+00 9.343187785333333295e+02 1.458001078966666597e+01 1.132522816900000034e+05 1.417397234120403482e+04 3.228991812633666541e+03 1.085334991966666530e+04 -1.060482368633333499e+04 -1.619142965894000190e+04 2.889523842694776249e+03 9.968794777666667476e+06 1.000001797033333406e+07 4.373491625666666494e+01
  dtu_10mw_rwt_turb_14.0_26862.dat 9.252449325333333974e+00 1.003111307166666633e+00 9.117117316000000073e+02 1.476476230633333309e+01 1.105978583499999804e+05 1.419926489422059967e+04 3.062049801019533334e+03 1.094228914033333240e+04 -1.060787507133333202e+04 -1.583519658733333381e+04 2.863322662008933094e+03 9.972504851333333179e+06 9.999991535333333537e+06 4.372164172666667525e+01
  dtu_10mw_rwt_turb_14.0_47824.dat 5.266588782698836901e+00 9.782526999999999751e-01 1.115024230900000020e+03 1.307087599566666825e+01 1.312638888766666641e+05 1.182085827586656524e+04 9.954204668101000379e+02 1.095854180366666697e+04 -1.055689465666666547e+04 -1.955955776266666726e+04 2.854120603969366130e+03 9.925253921333333477e+06 9.714785652333334088e+06 4.283039390999999085e+01
  dtu_10mw_rwt_turb_14.0_51321.dat 8.872454393549404017e+00 1.004318061966666731e+00 9.342094585666666262e+02 1.498685036200000020e+01 1.117425368033333507e+05 1.304666077449400109e+04 1.424887742652500037e+03 1.091992921633333208e+04 -1.059955122166666661e+04 -1.613240297593333344e+04 2.856827802314466680e+03 9.965278244000000879e+06 1.000008271266666614e+07 4.343423150499999963e+01
  dtu_10mw_rwt_turb_14.0_52263.dat 7.479163293000000046e+00 1.003435845900000123e+00 1.008262363599999958e+03 1.311112046199999703e+01 1.204439210433333355e+05 1.318811536700000033e+04 2.324164975183900424e+03 1.094861444599999959e+04 -1.060708294866666620e+04 -1.791053514066666685e+04 2.892621792989432834e+03 9.971351602333333343e+06 1.000001185133333318e+07 4.318232569666666620e+01
  dtu_10mw_rwt_turb_14.0_55769.dat 9.414345557866663938e+00 1.006329749500000093e+00 8.923923040999998193e+02 1.455511500900000144e+01 1.058063042866666656e+05 1.235627107108466589e+04 4.199826377171667673e+02 1.106962789066666846e+04 -1.057601782833333345e+04 -1.536683527181733189e+04 2.862093841926633104e+03 9.942769982666667551e+06 1.000000913000000082e+07 4.366483090333333905e+01
  dtu_10mw_rwt_turb_15.0_21716.dat 1.031670361223333288e+01 1.002914942966666612e+00 8.752271356999999625e+02 1.500546986066666832e+01 1.044274392400000070e+05 1.290488529988446680e+04 7.900326226635600051e+02 1.102859939333333386e+04 -1.061863466266666728e+04 -1.500547431563333339e+04 2.841749036204133517e+03 9.981105139000000432e+06 1.000008425400000066e+07 4.365013869000000568e+01
  dtu_10mw_rwt_turb_15.0_40322.dat 1.047192595866666665e+01 1.005442267666666556e+00 8.518101670000000922e+02 1.501554273366666692e+01 1.026089872300000134e+05 1.310198081275290133e+04 1.642146482509326688e+03 1.084091506833333369e+04 -1.058394440899999972e+04 -1.475738717531066686e+04 2.849859848961633361e+03 9.949840897333333269e+06 9.999996042666666210e+06 4.373388205633333570e+01
  dtu_10mw_rwt_turb_15.0_43619.dat 1.024867171433333368e+01 1.001416084166666609e+00 8.651495895666665774e+02 1.510842658066666466e+01 1.042906525633333367e+05 1.389942255692399885e+04 1.848444261003789961e+03 1.106830606733333298e+04 -1.062943767233333347e+04 -1.495465981722333345e+04 2.892488715747733295e+03 9.993065073999999091e+06 1.000000244933333248e+07 4.370903947899999764e+01
  dtu_10mw_rwt_turb_15.0_47165.dat 9.768945882000000580e+00 1.003086313566666554e+00 8.848087193333333289e+02 1.554460683166666790e+01 1.077231941266666690e+05 1.428998999452496719e+04 2.806196978777699769e+03 1.079102426166666737e+04 -1.061389157400000113e+04 -1.509523084330233360e+04 2.854079281628432909e+03 9.976958103666666895e+06 1.000002078233333305e+07 4.380808096333333879e+01
  dtu_10mw_rwt_turb_15.0_47952.dat 9.807294655666664696e+00 1.005352557433333294e+00 8.718615528333333486e+02 1.493944379533333233e+01 1.040883292833333398e+05 1.260323554701366811e+04 9.924699379570331530e+02 1.094838689599999998e+04 -1.058459745766666674e+04 -1.506644374500000049e+04 2.863658269190233568e+03 9.950553943666666746e+06 1.000000269199999981e+07 4.360977880000000084e+01
  dtu_10mw_rwt_turb_15.0_50292.dat 8.755517163999998687e+00 1.004945793399999898e+00 9.451042225333333135e+02 1.470554336533333206e+01 1.139818102233333339e+05 1.348581040481466698e+04 2.766896350605600219e+03 1.103751423433333184e+04 -1.059202351266666665e+04 -1.641265193356667078e+04 2.865633277236633148e+03 9.956885047666667029e+06 1.000003701833333261e+07 4.349228096333333582e+01
  dtu_10mw_rwt_turb_16.0_14324.dat 1.182110580933333388e+01 1.003489158866666564e+00 7.907008663999999953e+02 1.656929651333333453e+01 9.791860021000000415e+04 1.538484929405973162e+04 3.598029603897080051e+03 1.090882879900000080e+04 -1.061036273666666602e+04 -1.315532149269899855e+04 2.829116327420543257e+03 9.973881820000000298e+06 1.000002263266666606e+07 4.433693900333332749e+01
  dtu_10mw_rwt_turb_16.0_26862.dat 1.230799174166666710e+01 1.002917564066666767e+00 7.757975643666667338e+02 1.677176780299999947e+01 9.630890266666666139e+04 1.554768527886633456e+04 3.460214351469267058e+03 1.099883408200000122e+04 -1.061116820999999982e+04 -1.298849277676663405e+04 2.850795258813469900e+03 9.975785975333333015e+06 9.999990381333332509e+06 4.419163738333333669e+01
  dtu_10mw_rwt_turb_16.0_47824.dat 9.293967148666665068e+00 1.004821109566666815e+00 9.124131457999999384e+02 1.501813920033333360e+01 1.087997433600000077e+05 1.267736667577133449e+04 1.094599152166433441e+03 1.102225357399999848e+04 -1.059069640900000195e+04 -1.568849594606766732e+04 2.867690998225066778e+03 9.956990842000000179e+06 9.999986405999999493e+06 4.349932019999999966e+01
  dtu_10mw_rwt_turb_16.0_51321.dat 1.213253645433333361e+01 1.004300244733333347e+00 7.804504166666666833e+02 1.703355397400000015e+01 9.526589702333332389e+04 1.425293762294266708e+04 1.706344995052566901e+03 1.094892790433333357e+04 -1.060177865800000109e+04 -1.298432506663666572e+04 2.820893908691899924e+03 9.967387178999999538e+06 9.999978710333332419e+06 4.407507248666667010e+01
  dtu_10mw_rwt_turb_16.0_52263.dat 1.089105188599999963e+01 1.003635197799999990e+00 8.329879694000001109e+02 1.505916371166666501e+01 1.012360265133333305e+05 1.418831756148333261e+04 2.501245255328200074e+03 1.098724499199999991e+04 -1.060622391966666510e+04 -1.444032460603333311e+04 2.880937091139466702e+03 9.970626044333333150e+06 1.000001393799999915e+07 4.382782504333333407e+01
  dtu_10mw_rwt_turb_16.0_55769.dat 1.248835777466666741e+01 1.006726019933333216e+00 7.555704846666666299e+02 1.659048707533333200e+01 9.124717365333334601e+04 1.359793913106209766e+04 7.261257094306566842e+02 1.110102373033333242e+04 -1.057382443033333402e+04 -1.245690389435633369e+04 2.791265864049466472e+03 9.940704400666667148e+06 1.000001282633333281e+07 4.423981647000000095e+01
  dtu_10mw_rwt_turb_17.0_21716.dat 1.331431434766666477e+01 1.002693513599999919e+00 7.477024651666666841e+02 1.703264581666666544e+01 9.105094541333333473e+04 1.408928410290433203e+04 1.179680985665833532e+03 1.107301376200000050e+04 -1.062318562633333386e+04 -1.226827031301700117e+04 2.831147314238066429e+03 9.985673953666666523e+06 1.000006656633333303e+07 4.419260949333333599e+01
  dtu_10mw_rwt_turb_17.0_40322.dat 1.334599914266666687e+01 1.005409786733333366e+00 7.367074031000000787e+02 1.704458345966666855e+01 9.063325227666666615e+04 1.413061017379533223e+04 1.984445210616599979e+03 1.087443197666666674e+04 -1.058567881233333355e+04 -1.234660471808633156e+04 2.827596719959633447e+03 9.951407820000000298e+06 1.000000096066666581e+07 4.423564910066666300e+01
  dtu_10mw_rwt_turb_17.0_43619.dat 1.315103492766666449e+01 1.001123845633333342e+00 7.467644263999999339e+02 1.713186699666666613e+01 9.191184030666667968e+04 1.509932039853899914e+04 2.166934802128929732e+03 1.110447708200000125e+04 -1.063504369500000030e+04 -1.242985299828999814e+04 2.795899254708667286e+03 9.998189064666666090e+06 1.000000667266666703e+07 4.412785686666666862e+01
  dtu_10mw_rwt_turb_17.0_47165.dat 1.271605454133333346e+01 1.002991467799999814e+00 7.579768472000000656e+02 1.752972807433333102e+01 9.453990408000000753e+04 1.534791761854616561e+04 3.244693648583046524e+03 1.083187570866666647e+04 -1.061785055566666597e+04 -1.254427766295399852e+04 2.829536270114130275e+03 9.980261418333332986e+06 1.000004213166666590e+07 4.439644190666667356e+01
  dtu_10mw_rwt_turb_17.0_47952.dat 1.274301402333333222e+01 1.005492189133333270e+00 7.482431490666667742e+02 1.696389434300000332e+01 9.112120197333334363e+04 1.368044527887993536e+04 1.375417560177646465e+03 1.096139233099999910e+04 -1.058437165233333326e+04 -1.229155947259799905e+04 2.782833791209866376e+03 9.950357097333332524e+06 1.000000198166666739e+07 4.414066081000000707e+01
  dtu_10mw_rwt_turb_17.0_50292.dat 1.191180955466666624e+01 1.005000342466666696e+00 7.962489598666667234e+02 1.669948154000000073e+01 9.781403944333334221e+04 1.458361103716303478e+04 2.845466758401600600e+03 1.106259350000000086e+04 -1.059330851933333361e+04 -1.339788223762556663e+04 2.842601936401966668e+03 9.958051019666666165e+06 1.000003702566666715e+07 4.405495817333333264e+01
  dtu_10mw_rwt_turb_18.0_14324.dat 1.443035742333333538e+01 1.003061952899999998e+00 6.964426951666665673e+02 1.855995393666666615e+01 8.863402409999999509e+04 1.671408080493109810e+04 4.218663667965666718e+03 1.096039259966666577e+04 -1.061780566766666743e+04 -1.104070526021633304e+04 2.787705615737033895e+03 9.981044560666667297e+06 1.000002478299999982e+07 4.477267049000000299e+01
  dtu_10mw_rwt_turb_18.0_26862.dat 1.490699468666666583e+01 1.002605087200000078e+00 6.866900593666667874e+02 1.878071332000000027e+01 8.763282182333333185e+04 1.695094380535700111e+04 4.070636187081032858e+03 1.105091902833333370e+04 -1.061627995533333160e+04 -1.085307697395516698e+04 2.775813638944666764e+03 9.980700826666666195e+06 9.999989669333333150e+06 4.464186366000000561e+01
  dtu_10mw_rwt_turb_18.0_47824.dat 1.230323737666666695e+01 1.004957278066666682e+00 7.752717675666667674e+02 1.696570742333333115e+01 9.414027698999999848e+04 1.384737419994240008e+04 1.384109516091932846e+03 1.105204960166666569e+04 -1.059077937366666629e+04 -1.278952557238333429e+04 2.814266600771053163e+03 9.957165597666665912e+06 9.999987385333333164e+06 4.406110245333334063e+01
  dtu_10mw_rwt_turb_18.0_51321.dat 1.479395376399999940e+01 1.004252100500000022e+00 6.858870051666665404e+02 1.907465311666666707e+01 8.595550697000000218e+04 1.549520658641943919e+04 2.268852329988500060e+03 1.098268095933333461e+04 -1.060517469233333213e+04 -1.079652689159266629e+04 2.769870573917123238e+03 9.970740348333332688e+06 9.999972313999999315e+06 4.453813427333333408e+01
  dtu_10mw_rwt_turb_18.0_52263.dat 1.359495914500000069e+01 1.003521412699999837e+00 7.283154546000001801e+02 1.701081606233333332e+01 9.059569915000000037e+04 1.532330689187566895e+04 3.034830668893400343e+03 1.103030085333333409e+04 -1.060965060233333315e+04 -1.220527032207099910e+04 2.856790493372999663e+03 9.973799626666666940e+06 1.000001619966666587e+07 4.435275154000000697e+01
  dtu_10mw_rwt_turb_18.0_55769.dat 1.508482381799999850e+01 1.007031571266666425e+00 6.670982431333334262e+02 1.862023983666666993e+01 8.251124679999999353e+04 1.478307277573066494e+04 1.196622520087566500e+03 1.113310062333333371e+04 -1.057295094733333463e+04 -1.038951867134466738e+04 2.732644342339350260e+03 9.939848922666667029e+06 1.000001498133333400e+07 4.466994286999999986e+01
  dtu_10mw_rwt_turb_19.0_21716.dat 1.585128999466666677e+01 1.002429429866666721e+00 6.665025227333333078e+02 1.905612985333333143e+01 8.336230560000000696e+04 1.543622368480933073e+04 1.802354333725766537e+03 1.111603612000000066e+04 -1.062983116833333406e+04 -1.038177402192966656e+04 2.786171765010766649e+03 9.991634307666666806e+06 1.000008227733333409e+07 4.459302685999999483e+01
  dtu_10mw_rwt_turb_19.0_40322.dat 1.586450679666666552e+01 1.005450780800000166e+00 6.579044999333333408e+02 1.907595084933333496e+01 8.308694554000000062e+04 1.523627602605333414e+04 2.487050366682597087e+03 1.090606970366666792e+04 -1.058702145766666763e+04 -1.043785254649333365e+04 2.794305919665466718e+03 9.952652279666665941e+06 1.000000280900000036e+07 4.464050828333333243e+01
  dtu_10mw_rwt_turb_19.0_43619.dat 1.566925793900000130e+01 1.000727217066666785e+00 6.673748331333332544e+02 1.915083240000000231e+01 8.426182235666665656e+04 1.640245153432533334e+04 2.679740909444233239e+03 1.114272863166666684e+04 -1.064221513366666659e+04 -1.050738261942133249e+04 2.812369657053500305e+03 1.000486171133333258e+07 1.000000904866666719e+07 4.452849957333332753e+01
  dtu_10mw_rwt_turb_19.0_47165.dat 1.524708551633333542e+01 1.002687768399999957e+00 6.741885125000000016e+02 1.951791484333333315e+01 8.652342876333332970e+04 1.654312063187553576e+04 3.844653508692565993e+03 1.087144777933333353e+04 -1.062415989900000022e+04 -1.045643654406433234e+04 2.734892865959193387e+03 9.985951430333333090e+06 1.000004873266666755e+07 4.482464477333333264e+01
  dtu_10mw_rwt_turb_19.0_47952.dat 1.528682812666666635e+01 1.005698930366666799e+00 6.648053983333333008e+02 1.898631468999999683e+01 8.305783783666665840e+04 1.479934713185336659e+04 1.905109083575199975e+03 1.097452763400000003e+04 -1.058402705900000001e+04 -1.051921709143213411e+04 2.790926827079767008e+03 9.949851610999999568e+06 1.000001033266666718e+07 4.456735460333332810e+01
  dtu_10mw_rwt_turb_19.0_50292.dat 1.452334404333333140e+01 1.004852404966666723e+00 7.032649955333333764e+02 1.869457770999999724e+01 8.837670636000001105e+04 1.564554247677553212e+04 3.177225459066303301e+03 1.108167554533333350e+04 -1.059743903933333422e+04 -1.111209025089666829e+04 2.728243433849012945e+03 9.961704676000000909e+06 1.000004466133333370e+07 4.450596188333333458e+01
  dtu_10mw_rwt_turb_20.0_14324.dat 1.677990580000000165e+01 1.002670656966666796e+00 6.288526146333333600e+02 2.055273500333333203e+01 8.258709509666665690e+04 1.818236704491300043e+04 4.839926484226501088e+03 1.101201805900000181e+04 -1.062550658099999964e+04 -9.296697220992333314e+03 2.698049908942083675e+03 9.988304157333333045e+06 1.000002706499999948e+07 4.515677156333333642e+01
  dtu_10mw_rwt_turb_20.0_26862.dat 1.726380278666666612e+01 1.002261983366666831e+00 6.225255901666666887e+02 2.078941990666666939e+01 8.192943135999998776e+04 1.831315623618110112e+04 4.754253950342599637e+03 1.109591218800000206e+04 -1.062203115266666646e+04 -9.188706628414800434e+03 2.688374132097299480e+03 9.986146220000000671e+06 9.999987912000000477e+06 4.511694597999999701e+01
  dtu_10mw_rwt_turb_20.0_47824.dat 1.481589675666666572e+01 1.005064526766666688e+00 6.876104395000000977e+02 1.891636837666666437e+01 8.561297835666665924e+04 1.509023140538528423e+04 1.970774455159767058e+03 1.107839633700000013e+04 -1.059138681033333341e+04 -1.070719525046499984e+04 2.736936773400866969e+03 9.957930216000000015e+06 9.999976859333332628e+06 4.451237810666665951e+01
  dtu_10mw_rwt_turb_20.0_51321.dat 1.719410685333333433e+01 1.004265780633333049e+00 6.185370069333332594e+02 2.110754644000000013e+01 7.998456086333333224e+04 1.684692518657966866e+04 2.950844314812366974e+03 1.101301957933333324e+04 -1.060810023999999976e+04 -9.046195696016000511e+03 2.677808010123123950e+03 9.973865260999999940e+06 9.999960564333332703e+06 4.490573588999999544e+01
  dtu_10mw_rwt_turb_20.0_52263.dat 1.602882325999999935e+01 1.003464679833333317e+00 6.536545263000000432e+02 1.896725275333333371e+01 8.355138335000000370e+04 1.660399465266507832e+04 3.615734089125699938e+03 1.107640334400000211e+04 -1.061294785899999988e+04 -1.026973736978081251e+04 2.736874776117376769e+03 9.976890177333332598e+06 1.000002348333333246e+07 4.473175486333332884e+01
  dtu_10mw_rwt_turb_20.0_55769.dat 1.742485590333333079e+01 1.007282444233333463e+00 6.036151332666667031e+02 2.064493050333333102e+01 7.704521233666667831e+04 1.619614299927433422e+04 1.935897676422406676e+03 1.117181372333333275e+04 -1.057349033299999792e+04 -8.824216808522365682e+03 2.719334631430533591e+03 9.940442338333332911e+06 1.000001935600000061e+07 4.502131261999999623e+01
  dtu_10mw_rwt_turb_21.0_21716.dat 1.815589237000000011e+01 1.002008249133333306e+00 6.077608779333332905e+02 2.107631604999999908e+01 7.838174177233333467e+04 1.680353654878203452e+04 2.503167740247266465e+03 1.117239569100000153e+04 -1.063903778899999998e+04 -8.799675985062265681e+03 2.695139649846233624e+03 1.000021492300000042e+07 1.000022253166666627e+07 4.500888069666665814e+01
  dtu_10mw_rwt_turb_21.0_40322.dat 1.818797885666666403e+01 1.005526871166666725e+00 5.983952853333333906e+02 2.110887012999999968e+01 7.791290948333333654e+04 1.642555268159933257e+04 3.082024272689666304e+03 1.093553193233333150e+04 -1.058853246633333401e+04 -8.723667794932000106e+03 2.671546305692133501e+03 9.954331591666666791e+06 9.999998437333334237e+06 4.497745513666665573e+01
  dtu_10mw_rwt_turb_21.0_43619.dat 1.796618943666666723e+01 1.000235054966666759e+00 6.096801953666666805e+02 2.116709807999999882e+01 7.936839513333333889e+04 1.780874349253840046e+04 3.307830164711700036e+03 1.118464779533333422e+04 -1.065053345266666656e+04 -8.837372001548434127e+03 2.665970384862499941e+03 1.001285799866666645e+07 1.000000490433333255e+07 4.489686303999999950e+01
  dtu_10mw_rwt_turb_21.0_47165.dat 1.755648905000000326e+01 1.002299935433333289e+00 6.125622145333333037e+02 2.151375179000000060e+01 8.119772288666667009e+04 1.776989392002420209e+04 4.490388062492066638e+03 1.090625173633333179e+04 -1.063179700766666610e+04 -8.741114383430900489e+03 2.666999353717083068e+03 9.993098036333333701e+06 1.000006280133333243e+07 4.515761306333332925e+01
  dtu_10mw_rwt_turb_21.0_47952.dat 1.760323188333333633e+01 1.005994561633333229e+00 6.034331394666667165e+02 2.100848305333333599e+01 7.776220809133331932e+04 1.598198719152739795e+04 2.540905183692952960e+03 1.098398130500000116e+04 -1.058233246366666572e+04 -8.903040142120666133e+03 2.722968068924466934e+03 9.948615029333332554e+06 9.999997811000000685e+06 4.496092310666666236e+01
  dtu_10mw_rwt_turb_21.0_50292.dat 1.688130211333333364e+01 1.004553485466666674e+00 6.359516644666666707e+02 2.068774486333333229e+01 8.212467616999999154e+04 1.679941448245266656e+04 3.639077897424587263e+03 1.111116678799999863e+04 -1.060335940766666681e+04 -9.404095043523733693e+03 2.660451560779699776e+03 9.967321433666666970e+06 1.000004406766666658e+07 4.489033653999999984e+01
  dtu_10mw_rwt_turb_22.0_14324.dat 1.897716025666666795e+01 1.002155071066666681e+00 5.769549116399999775e+02 2.254570072333333641e+01 7.848075794999999925e+04 1.965039055411693698e+04 5.635503839487246296e+03 1.106130906366666568e+04 -1.063507353066666656e+04 -7.822680984774133321e+03 2.633382886192733622e+03 9.997001075999999419e+06 1.000003347366666608e+07 4.555246314000000041e+01
  dtu_10mw_rwt_turb_22.0_26862.dat 1.945561947999999930e+01 1.001876466433333279e+00 5.733371852666666655e+02 2.279885663000000307e+01 7.828966727333332528e+04 1.997291750329811475e+04 5.519971536355199532e+03 1.114776048399999672e+04 -1.062878959733333249e+04 -7.752296718663166757e+03 2.606444020737390019e+03 9.992544702999999747e+06 9.999990601666666567e+06 4.538373327000000046e+01
  dtu_10mw_rwt_turb_22.0_47824.dat 1.709852908999999954e+01 1.005221056899999965e+00 6.243379145333333327e+02 2.086845907999999739e+01 7.993010876666667173e+04 1.638865663931633389e+04 2.563240037905006830e+03 1.111336970633333294e+04 -1.059272400133333213e+04 -9.032914009579999401e+03 2.670611466030933116e+03 9.958945512000000104e+06 9.999991735666666180e+06 4.486940907999999695e+01
  dtu_10mw_rwt_turb_22.0_51321.dat 1.940171705000000202e+01 1.004358621966666698e+00 5.680537280333334138e+02 2.313828352666666888e+01 7.603914133666668204e+04 1.813131894690999980e+04 3.689302950597266317e+03 1.104569569566666723e+04 -1.061097551566666698e+04 -7.591617418534789067e+03 2.613518223540366762e+03 9.976381241666667163e+06 9.999972455000000075e+06 4.529744784333333030e+01
  dtu_10mw_rwt_turb_22.0_52263.dat 1.825000744000000097e+01 1.003257291833333342e+00 5.987786789666668028e+02 2.092660963000000152e+01 7.914614011999999639e+04 1.797108408844999940e+04 4.381875136690566251e+03 1.111532223999999951e+04 -1.061821368299999995e+04 -8.649513578192765635e+03 2.623543291615600538e+03 9.981794963999999687e+06 1.000001668333333358e+07 4.513848300333333441e+01
  dtu_10mw_rwt_turb_22.0_55769.dat 1.960144889000000035e+01 1.007508343966666553e+00 5.562838796866667508e+02 2.266735929666666749e+01 7.340617878666665638e+04 1.752254048176536526e+04 2.573345901074566427e+03 1.120618644766666512e+04 -1.057454879299999993e+04 -7.428083366548232334e+03 2.652144951457099978e+03 9.941487722666665912e+06 1.000002046233333275e+07 4.534505268999999572e+01
  dtu_10mw_rwt_turb_23.0_21716.dat 2.032884162000000217e+01 1.001462141400000005e+00 5.618769633999999087e+02 2.310340993999999881e+01 7.513496459033332940e+04 1.837706823037591676e+04 3.246597935455836705e+03 1.121875026733333289e+04 -1.064970382666666592e+04 -7.420333241018933222e+03 2.602659057066699916e+03 1.001038550966666639e+07 1.000006648699999973e+07 4.536145829666666174e+01
  dtu_10mw_rwt_turb_23.0_40322.dat 2.032908554666666845e+01 1.005675788400000048e+00 5.554444408333333740e+02 2.314287235999999837e+01 7.486933317666666699e+04 1.766481260579066657e+04 3.673008827304643546e+03 1.096257282566666618e+04 -1.058892343466666534e+04 -7.368876213667266711e+03 2.558046905868633530e+03 9.954627014333333820e+06 1.000000183633333258e+07 4.529052912333332870e+01
  dtu_10mw_rwt_turb_23.0_43619.dat 2.009565441000000163e+01 9.997834261666666000e-01 5.673174762333333092e+02 2.317969317666666740e+01 7.647526119933335576e+04 1.910977473998466303e+04 4.045489120867666770e+03 1.121272964599999978e+04 -1.065841682433333335e+04 -7.632425994980166251e+03 2.584908086546866798e+03 1.002023282033333369e+07 1.000000012666666694e+07 4.529908097999999228e+01
  dtu_10mw_rwt_turb_23.0_47165.dat 1.970646371333333491e+01 1.001888146099999988e+00 5.665120396333333019e+02 2.351086321666666734e+01 7.792688588333333610e+04 1.915657183915866699e+04 5.229836606177000249e+03 1.093958096566666609e+04 -1.063970905800000037e+04 -7.520783994592332419e+03 2.649008922263370096e+03 1.000079342600000091e+07 1.000017666833333299e+07 4.550495378666666824e+01
  dtu_10mw_rwt_turb_23.0_47952.dat 1.977510083666666674e+01 1.006147131566666797e+00 5.569766190333332361e+02 2.302886963666666631e+01 7.433264743266667938e+04 1.711163687016966651e+04 3.320728331120199982e+03 1.099345141133333163e+04 -1.058212806233333322e+04 -7.433924332587666868e+03 2.632284061829920120e+03 9.948425167333332822e+06 9.999995812999999151e+06 4.526238352000000020e+01
  dtu_10mw_rwt_turb_23.0_50292.dat 1.905472624333333087e+01 1.004488978833333324e+00 5.873563256333334266e+02 2.268221063333333376e+01 7.821067785666667623e+04 1.788121981056050208e+04 4.151691497965433882e+03 1.112032501400000001e+04 -1.060729252866666684e+04 -8.079986371245566261e+03 2.634687609457633243e+03 9.970618505666667596e+06 1.000005532300000079e+07 4.520892368000000516e+01
  dtu_10mw_rwt_turb_24.0_14324.dat 2.103866660333333272e+01 1.001705337933333384e+00 5.377751410724666812e+02 2.453653951666666444e+01 7.603941816766666307e+04 2.118728357076199973e+04 6.439521877447433326e+03 1.110051986566666528e+04 -1.064331243966666625e+04 -6.600439163772400207e+03 2.570001228351699865e+03 1.000503638133333251e+07 1.000008201333333366e+07 4.582053842999999915e+01
  dtu_10mw_rwt_turb_24.0_26862.dat 2.152276683333333906e+01 1.001522823533333328e+00 5.359612132666666184e+02 2.480450837999999791e+01 7.623409007345999999e+04 2.160285897442766873e+04 6.335264415984334846e+03 1.118768558200000007e+04 -1.063512302366666881e+04 -6.541084375779165384e+03 2.529210460168466852e+03 9.998657358666665852e+06 9.999984827333332971e+06 4.566022098333333190e+01
  dtu_10mw_rwt_turb_24.0_47824.dat 1.923583244666666658e+01 1.005344084499999902e+00 5.750085061300000007e+02 2.282988438999999659e+01 7.608034051333334355e+04 1.762558739741413228e+04 3.259084496298567046e+03 1.114496271366666952e+04 -1.059349136033333343e+04 -7.691955330558233072e+03 2.629543919649099735e+03 9.960017331000000238e+06 9.999982278999999166e+06 4.520149777999999685e+01
  dtu_10mw_rwt_turb_24.0_51321.dat 2.148627348333333131e+01 1.004384721866666608e+00 5.299006090999999969e+02 2.515973346999999904e+01 7.377236883733332797e+04 1.959046188233275461e+04 4.465169669460099612e+03 1.107086631766666505e+04 -1.061429308399999900e+04 -6.427578549974777161e+03 2.566114771520899922e+03 9.979584494000000879e+06 9.999960610333332792e+06 4.557533567333333480e+01
  dtu_10mw_rwt_turb_24.0_52263.dat 2.033960208666666958e+01 1.002830677800000014e+00 5.571726549999999634e+02 2.289424221999999887e+01 7.619695299516664818e+04 1.932382237741086647e+04 5.068101761561166313e+03 1.115195408500000121e+04 -1.062640606366666725e+04 -7.366705127605033340e+03 2.556368282600566545e+03 9.989550517999999225e+06 1.000002057433333248e+07 4.541086345000000080e+01
  dtu_10mw_rwt_turb_24.0_55769.dat 2.163044401000000150e+01 1.007633705400000190e+00 5.215246041199999354e+02 2.468533320333333236e+01 7.153289404956666112e+04 1.889734445648399924e+04 3.344734519456000271e+03 1.123267238833333431e+04 -1.057733855433333520e+04 -6.248991977244400005e+03 2.574546239396166129e+03 9.943814222999999300e+06 1.000002820933333412e+07 4.569153039000000405e+01
   dtu_10mw_rwt_turb_5.0_21716.dat 1.880711149499999957e+00 6.279144581666666891e-01 3.517467650333333040e+02 4.733396075666666647e+00 3.629318620878333604e+04 2.003747461367097003e+03 -4.431597734075733570e+03 1.823610286799999813e+03 -1.666421858900000188e+03 -7.677506740333333255e+03 4.733150730184001418e+02 1.566784157099999953e+06 9.842139376333333785e+05 4.419248739666666381e+01
   dtu_10mw_rwt_turb_5.0_40322.dat 1.729638793346405912e+00 6.282399735333333846e-01 3.583432243666666750e+02 4.937032515999999482e+00 3.777740925668233103e+04 1.919913782600663353e+03 -3.838492346424646257e+03 1.652295880266666927e+03 -1.601484985666666489e+03 -7.865022371333333467e+03 4.553192479705156188e+02 1.505577228600000031e+06 9.461015227666667197e+05 4.414874441999999988e+01
   dtu_10mw_rwt_turb_5.0_43619.dat 1.684865289868187954e+00 6.274075167666667285e-01 3.653833340666666345e+02 4.932277796999999353e+00 3.971340284745700046e+04 2.908514581838272989e+03 -2.700672508607166492e+03 2.178510473466667008e+03 -1.951019014799999923e+03 -7.987377597266668090e+03 5.538989759229000356e+02 1.834469735399999889e+06 1.151261631800000090e+06 4.414533152999999999e+01
   dtu_10mw_rwt_turb_5.0_47165.dat 1.007929194540664986e+00 6.278895926333333266e-01 3.762868248999999992e+02 5.737739547666667050e+00 4.073616523652166507e+04 2.306363895444576883e+03 -3.082835859042366792e+03 1.626060235333333139e+03 -1.615106140200000027e+03 -8.022622728333332816e+03 4.555495232803000931e+02 1.518171768133333419e+06 9.536709780666666338e+05 4.415852480666666224e+01
   dtu_10mw_rwt_turb_5.0_47952.dat 1.689482037245315871e+00 6.279869414666666705e-01 3.202836423666666406e+02 4.867993000333333597e+00 3.287662094597133546e+04 1.592857583984721259e+03 -4.316219838225700187e+03 1.442900545266666768e+03 -1.272435868533333405e+03 -7.140128774333334150e+03 3.597974867664333942e+02 1.196566846700000111e+06 7.515915685000000522e+05 4.417510628666666861e+01
   dtu_10mw_rwt_turb_5.0_50292.dat 1.595963856910610268e+00 6.280132409333332166e-01 2.941458162333333348e+02 4.682600711999999277e+00 3.112523522886133287e+04 1.664128259911466557e+03 -3.063662852223299979e+03 1.200682529275999968e+03 -1.051458511166666767e+03 -6.752076913900001273e+03 2.999115047287667153e+02 9.887354091999999946e+05 6.212244116333333077e+05 4.431797643333332815e+01
   dtu_10mw_rwt_turb_6.0_14324.dat 4.204651805485124516e-01 6.281189237999998953e-01 5.338931824000000006e+02 6.690242599333333651e+00 6.017781958029067027e+04 4.196139380051643457e+03 -1.783515736140899890e+03 3.163564773999999943e+03 -3.128338146999999935e+03 -1.048202121233333310e+04 8.742870087292299104e+02 2.940701203333333135e+06 1.847927200999999885e+06 4.398146255333332988e+01
   dtu_10mw_rwt_turb_6.0_26862.dat 4.970414081849132693e-01 6.275239867666667637e-01 5.412300760000000537e+02 6.745454410666666512e+00 6.129831717455000035e+04 4.659174361952733307e+03 -1.598312656752633302e+03 3.445997218333333421e+03 -3.343525705000000471e+03 -1.066226910766666697e+04 9.304139157383332304e+02 3.143131103999999817e+06 1.973273980200000107e+06 4.384690020000000032e+01
   dtu_10mw_rwt_turb_6.0_47824.dat 1.424619181040874816e+00 6.280235261333333430e-01 3.585474643000000015e+02 5.300567486999999467e+00 3.737303631202633551e+04 1.832387157958989746e+03 -4.184888090368066514e+03 1.786835784899999908e+03 -1.583969759400000157e+03 -7.683217023766666898e+03 4.419084656049333262e+02 1.489547054000000004e+06 9.357793769399999874e+05 4.407411244666666761e+01
   dtu_10mw_rwt_turb_6.0_51321.dat 5.452565002367426583e-01 6.295428953666666327e-01 5.268449674333334087e+02 6.785080439666666408e+00 5.804367312749933626e+04 3.938775171347466767e+03 -3.174531636249299936e+03 3.401137520000000222e+03 -3.265005648000000292e+03 -1.042141484533333460e+04 9.114712944033333315e+02 3.069567961000000127e+06 1.936301418666666606e+06 4.379432322666666266e+01
   dtu_10mw_rwt_turb_6.0_52263.dat 1.450467541674854477e+00 6.277964467000000104e-01 4.348985568333332594e+02 5.317680311999999354e+00 4.774296968120933161e+04 3.137663150900133587e+03 -2.739371398673466501e+03 2.576849021333333440e+03 -2.437276665999999750e+03 -9.104283854333332783e+03 6.877389742597533768e+02 2.291340594933333341e+06 1.439192725233333418e+06 4.402204146999999068e+01
   dtu_10mw_rwt_turb_6.0_55769.dat 6.701586162877447572e-01 6.280580306333333196e-01 5.314571117000000413e+02 6.273782968666666626e+00 5.835689435813700402e+04 4.093270074475910405e+03 -3.324404342840706249e+03 3.737141453666666621e+03 -3.452528378666667322e+03 -1.044705635799999982e+04 9.677549184954665407e+02 3.246210475666666869e+06 2.039866393566666637e+06 4.384432795333334099e+01
   dtu_10mw_rwt_turb_7.0_21716.dat 2.900589039296073146e-01 6.447666103999999399e-01 6.446264409666667916e+02 6.816180573999999659e+00 7.186704907600001025e+04 5.064765175225727035e+03 -2.922775525649666633e+03 4.748106824666667308e+03 -4.557295396333333883e+03 -1.235660253666666722e+04 1.214190353548556914e+03 4.284289437666666694e+06 2.795308598000000231e+06 4.362396127333333595e+01
   dtu_10mw_rwt_turb_7.0_40322.dat 4.743873219430113086e-01 6.315213486666666487e-01 6.189333197999999356e+02 6.939888848000000721e+00 6.963267531293600041e+04 5.165359128520666673e+03 -2.274442511459650177e+03 4.497405942666666306e+03 -4.413882214333333650e+03 -1.199870692699999927e+04 1.264809075211066556e+03 4.149212656333333347e+06 2.624946579666666687e+06 4.360020310333332816e+01
   dtu_10mw_rwt_turb_7.0_43619.dat 4.334002857644064233e-01 6.486095962333332521e-01 6.355697951999999304e+02 6.953935903999999724e+00 7.238935321753667085e+04 5.934503046521396755e+03 -1.254631918579293369e+03 4.890895075999999790e+03 -4.631204556333333130e+03 -1.232369135166666820e+04 1.304821526541400317e+03 4.354981477666666731e+06 2.879068429333333392e+06 4.364720636333333204e+01
   dtu_10mw_rwt_turb_7.0_47165.dat 1.416153430739119645e-01 6.293897502333334337e-01 6.114990188666666882e+02 7.669620360999999775e+00 6.954881618221766257e+04 5.574192950752366414e+03 -1.754627198864699949e+03 4.307869950666667137e+03 -4.269004372333333777e+03 -1.169778004133333343e+04 1.189671606474900045e+03 4.012829406666666735e+06 2.529319776333333459e+06 4.374267486999999477e+01
   dtu_10mw_rwt_turb_7.0_47952.dat 4.678771004487949914e-01 6.280609282333332599e-01 5.715373154666665414e+02 6.865283038666667004e+00 6.363194821966666495e+04 4.293756083226333431e+03 -2.736292591518453264e+03 3.983898989666666694e+03 -3.770191550666666444e+03 -1.110241608099999939e+04 1.045427470852999932e+03 3.544609417666666675e+06 2.226907560666666832e+06 4.369709589666666716e+01
   dtu_10mw_rwt_turb_7.0_50292.dat 7.050068927639921990e-01 6.320291339999999369e-01 5.331513423666667677e+02 6.709617253666666947e+00 6.036561448177666898e+04 4.495225361261999751e+03 -1.414486771274933290e+03 3.587926884866666569e+03 -3.383505749333332915e+03 -1.054164376933333551e+04 9.924104790398666864e+02 3.180919151333333459e+06 2.022058809966666624e+06 4.385880013999999960e+01
   dtu_10mw_rwt_turb_8.0_14324.dat 1.971385845174666775e-03 6.731644558666667333e-01 8.017555648666667594e+02 8.649101112000000313e+00 9.308435365113335138e+04 8.056116066191833852e+03 -1.089731802734999206e+02 6.318778957333333892e+03 -6.241192444666666233e+03 -1.474851942333333318e+04 1.761522699222740130e+03 5.866806345666666515e+06 3.975882361666666809e+06 4.344303108666666446e+01
   dtu_10mw_rwt_turb_8.0_26862.dat 4.475747032611365750e-02 6.927567400666666542e-01 8.430194177333333982e+02 8.749917267333334081e+00 9.802671225333333132e+04 8.570498360767332997e+03 1.565940547070333082e+02 6.715220138666667481e+03 -6.559825335333332987e+03 -1.555176367066666717e+04 1.837442950702999951e+03 6.167748351333333179e+06 4.334346339999999851e+06 4.331084526666666079e+01
   dtu_10mw_rwt_turb_8.0_47824.dat 3.481360101486802860e-01 6.320551774999999539e-01 6.000987250333332668e+02 7.241945559000000365e+00 6.711787431128999742e+04 4.644044015865999427e+03 -2.602608463419066993e+03 4.373002169666667214e+03 -4.128762908000000607e+03 -1.150452696689999902e+04 1.190071375191333345e+03 3.881830544000000227e+06 2.460264270933333319e+06 4.355358390333333318e+01
   dtu_10mw_rwt_turb_8.0_51321.dat 6.763099131001103215e-02 6.904955609999999799e-01 8.251869330999999192e+02 8.831914214000001095e+00 9.455999042833334533e+04 7.487147950183999455e+03 -1.394186182539862784e+03 6.517950200333332759e+03 -6.348656447666666281e+03 -1.520179814233333309e+04 1.749400254373666940e+03 5.967665307333333418e+06 4.210410360999999568e+06 4.317506650333334051e+01
   dtu_10mw_rwt_turb_8.0_52263.dat 3.881229422303150156e-01 6.559671182666666489e-01 7.079339775666666128e+02 7.264880601666665605e+00 8.088740793266666878e+04 6.549975621997899907e+03 -1.197261432542466764e+03 5.570732712333333438e+03 -5.388200269999999364e+03 -1.350927963633333457e+04 1.508095705811563221e+03 5.065523040000000037e+06 3.364486264333333354e+06 4.350585444666667456e+01
   dtu_10mw_rwt_turb_8.0_55769.dat 8.359932426820856910e-02 6.978009027666667308e-01 8.464963051333332942e+02 8.378591279000000114e+00 9.669940995666665549e+04 7.483703563486299572e+03 -1.621128121198089957e+03 6.987939178333333075e+03 -6.663807313999999678e+03 -1.553691343233333464e+04 1.809405930982666632e+03 6.264302008333333768e+06 4.437194251000000164e+06 4.322853080333332798e+01
   dtu_10mw_rwt_turb_9.0_21716.dat 4.960249884666665570e-05 7.551283080666665315e-01 1.007089198866666607e+03 8.880901174666666620e+00 1.157921274600000033e+05 8.489679275322330795e+03 -1.030803329443533357e+03 8.132837740999999369e+03 -7.896610395333334054e+03 -1.833633541666666497e+04 2.190899520253199626e+03 7.424097172666667029e+06 5.768632873666666448e+06 4.289941460666667439e+01
   dtu_10mw_rwt_turb_9.0_40322.dat 6.853865817138400651e-02 7.408384473333332609e-01 9.748626917333333495e+02 8.948197695333334423e+00 1.130872503666666453e+05 8.857001831635367125e+03 -7.474359648276666235e+01 7.756351442666667936e+03 -7.630406163333332188e+03 -1.787745171833333370e+04 2.085107574876799845e+03 7.171994653666666709e+06 5.384802082999999635e+06 4.292020737333333358e+01
   dtu_10mw_rwt_turb_9.0_43619.dat 5.204596197713200201e-02 7.565100380666667235e-01 9.870350440333334063e+02 8.997237970000000473e+00 1.152891166633333341e+05 9.226027285844458675e+03 7.676544645370298667e+02 8.133605559999999969e+03 -7.808636115999999674e+03 -1.808725392700000157e+04 2.196850732517966662e+03 7.343724936666666530e+06 5.732138204333333299e+06 4.290062507100000033e+01
   dtu_10mw_rwt_turb_9.0_47165.dat 7.150811236729999291e-03 7.292985930333333311e-01 9.319273550333333560e+02 9.625606666333332839e+00 1.085715644166666607e+05 9.149626338129666692e+03 1.293232944804167630e+02 7.434573129000000336e+03 -7.353042080333333615e+03 -1.696733238300000085e+04 2.018060474996433186e+03 6.912870990333333611e+06 5.122623680666666478e+06 4.305631909999999607e+01
   dtu_10mw_rwt_turb_9.0_47952.dat 5.173465627666666041e-05 7.079996731666665655e-01 8.847210512333333554e+02 8.878468684333334693e+00 1.018456128833333350e+05 7.524505811600432935e+03 -8.354234946540332203e+02 7.225851356666666106e+03 -6.950714167666666981e+03 -1.616484977666666418e+04 1.944011626688366732e+03 6.534097900333333760e+06 4.645532280333333649e+06 4.307550541333332461e+01
   dtu_10mw_rwt_turb_9.0_50292.dat 7.192908189540332675e-02 6.948462285999998933e-01 8.383006386999999222e+02 8.716096792333331678e+00 9.767720121666668274e+04 7.892076015291263502e+03 4.817479157696333800e+02 6.738009706666667626e+03 -6.457284125000000131e+03 -1.546733336299999974e+04 1.779636252959539888e+03 6.070325775999999605e+06 4.337193595999999903e+06 4.332345604033333331e+01
