Statistics: del10. Generated: 11/11/2020 08:38:31. No. files: 120.
                              File                       4                      10                      13                      15                      19                      20                      22                      23                      27                      28                      29                      72                     102                     110
  dtu_10mw_rwt_turb_10.0_14324.dat 7.847893688126272860e-01 1.457127234586974018e-01 5.100306322356563555e+02 5.492430945996524372e+00 7.652053532586430083e+04 2.158646011072600595e+04 1.604458513890190079e+04 3.037438466867412444e+03 2.565620019175867128e+03 1.536907566712437438e+04 1.641766832287611760e+04 2.081775428279950051e+06 2.749378175619525835e+06 5.633118151426084097e+01
  dtu_10mw_rwt_turb_10.0_26862.dat 1.321061005531106947e+00 1.647733592964180094e-01 4.802179779415146754e+02 5.546207929773253831e+00 7.378773264985131391e+04 1.828927609307176681e+04 1.599787827175711936e+04 3.142301081006863569e+03 2.815545845150670175e+03 1.462768011580742132e+04 1.570584083959107375e+04 2.346601985508256126e+06 3.064986621061621699e+06 5.735162269447812378e+01
  dtu_10mw_rwt_turb_10.0_47824.dat 3.002471014797479243e-01 1.147944868976106536e-01 4.471168613256336357e+02 4.743789553927031832e+00 1.054105885044816678e+05 3.018811699435692572e+04 1.183205286045330104e+04 3.739083802109052158e+03 3.432855522043098063e+03 1.529686119209542630e+04 1.606402678828063290e+04 3.215204342253005598e+06 2.974548953380347230e+06 5.559636029150164660e+01
  dtu_10mw_rwt_turb_10.0_51321.dat 3.836068190968303426e+00 2.106465023710687168e-01 6.181637694740409188e+02 6.641941771680729190e+00 9.496199077973328531e+04 2.160701004279891276e+04 1.663633690843992008e+04 4.115539313858114838e+03 3.315596750967822572e+03 1.681321079259958060e+04 1.645536068049774985e+04 2.987029618157710414e+06 3.662045616077465937e+06 5.731125356249200564e+01
  dtu_10mw_rwt_turb_10.0_52263.dat 2.188540073649135886e-01 1.502379562091773757e-01 5.237494812397228543e+02 5.539219955230087145e+00 8.121701594213534554e+04 1.423237377134670896e+04 1.247418067055570646e+04 4.085609102099715983e+03 3.100017785848053336e+03 1.493635596124620679e+04 1.621929086427908805e+04 2.878279837965773884e+06 3.540964726202323567e+06 5.630686007459440390e+01
  dtu_10mw_rwt_turb_10.0_55769.dat 2.587232144539803880e+00 1.961827732393707502e-01 6.309504736234090387e+02 5.859711291085102580e+00 8.865607409730216023e+04 2.298040953246263234e+04 1.731636152690590097e+04 3.524254230698502397e+03 3.106990221859770372e+03 1.670924966894622776e+04 1.775881379480749456e+04 2.684155517706277315e+06 3.420363259486380499e+06 5.727930299091627830e+01
  dtu_10mw_rwt_turb_11.0_21716.dat 4.522013071624950697e+00 1.968582886491616335e-01 6.081103906098986727e+02 5.602444213989588917e+00 9.383784159911079041e+04 2.868271371135942900e+04 2.007929885882565213e+04 3.462874139579272651e+03 3.195035375180249957e+03 1.707989653516395265e+04 1.668290590143736699e+04 2.731899570887389593e+06 3.392919566555248573e+06 5.726441007533832561e+01
  dtu_10mw_rwt_turb_11.0_40322.dat 3.316751489734692804e+00 1.536689619267346540e-01 5.062006784942396393e+02 5.740301887741842357e+00 7.833987872125268041e+04 1.649510523846778233e+04 1.622275039446055598e+04 2.793841046185232244e+03 2.221380228989223269e+03 1.494437065566761885e+04 1.593554134939613141e+04 1.993753002841881709e+06 2.674975668303815648e+06 5.761650834359079454e+01
  dtu_10mw_rwt_turb_11.0_43619.dat 4.704511784223428528e+00 1.695191315547012190e-01 5.564146827853367085e+02 7.261824515552681270e+00 7.844351673348373151e+04 1.979696221306196458e+04 2.144268088838141557e+04 3.631501409947574302e+03 3.445491330912576814e+03 1.717098176166883059e+04 1.681578927974370890e+04 2.320636297140309587e+06 3.011687182134911884e+06 5.749327507804126469e+01
  dtu_10mw_rwt_turb_11.0_47165.dat 3.350049348362717616e+00 1.814733672563736133e-01 5.832030914266716763e+02 7.169369033733506313e+00 9.180054810943601478e+04 2.195839760777084666e+04 2.022967514776115786e+04 3.438273276462743524e+03 2.919362472847447407e+03 1.784083885634109902e+04 1.587197343642738997e+04 2.318401587255853228e+06 3.023634122776483651e+06 5.746382423810066342e+01
  dtu_10mw_rwt_turb_11.0_47952.dat 2.823783790400238858e-02 9.667233133867725314e-02 3.951949332297435831e+02 5.882216395975992995e+00 6.397740802178755985e+04 1.754327485713958595e+04 1.752284261306590270e+04 2.858758463269164622e+03 3.968717144165958416e+03 1.506302489505390440e+04 1.694743636738410351e+04 1.599117118842169410e+06 2.125262497805476189e+06 5.769210552022832417e+01
  dtu_10mw_rwt_turb_11.0_50292.dat 4.087073076453890508e+00 1.972545526029106933e-01 6.165448160862952136e+02 6.315267464844938061e+00 8.357413581409174367e+04 2.064464026943992212e+04 1.435467155701127922e+04 3.780834387120917654e+03 2.913846614101439172e+03 1.596934248913449119e+04 1.658545009578761528e+04 2.612991462903638836e+06 3.357415211801076774e+06 5.675536506158312022e+01
  dtu_10mw_rwt_turb_12.0_14324.dat 5.487523588336292057e+00 6.341899515121307562e-02 6.813754745236644794e+02 6.509716601346132947e+00 7.809398068484716350e+04 2.598040318245292656e+04 1.780144221871104310e+04 2.211840898121726241e+03 4.478503204562205610e+03 1.971353215381037080e+04 1.627285234884692363e+04 8.508988604164316785e+05 2.596506871445173747e+05 5.737630551107426413e+01
  dtu_10mw_rwt_turb_12.0_26862.dat 4.940818455405781684e+00 9.351227571293653507e-02 5.604637236019332249e+02 6.544849692125491281e+00 7.532956665539907408e+04 2.378170734673090919e+04 1.685931709858138493e+04 1.995613348970675361e+03 1.399779618842875607e+03 1.651153323739832922e+04 1.601745076930691903e+04 7.658565035462570377e+05 8.247476270669110818e+05 5.735610412278769843e+01
  dtu_10mw_rwt_turb_12.0_47824.dat 2.962336067349379043e+00 2.042188185831999014e-01 6.031211865079902736e+02 5.514292149188987580e+00 8.936238776034751208e+04 1.931734572924948588e+04 1.560672121676363531e+04 3.596768968045797465e+03 3.179154804385772422e+03 1.754282061447892920e+04 1.648291582239991840e+04 2.802985019510071725e+06 3.531541760734442156e+06 5.791241272304664278e+01
  dtu_10mw_rwt_turb_12.0_51321.dat 6.219811943613634320e+00 1.468912746628550647e-01 6.245807177859671810e+02 7.299267287245282176e+00 7.576777971665392397e+04 2.475722621006833651e+04 2.152552315205978448e+04 2.424390513720249601e+03 2.610331314754139385e+03 1.875480187433184983e+04 1.665125833764250274e+04 1.602742522948653670e+06 2.155985860790863633e+06 5.766713648512251211e+01
  dtu_10mw_rwt_turb_12.0_52263.dat 4.900957642029882599e+00 1.363271285009745593e-01 5.898834987215429919e+02 6.452330640075486734e+00 7.692643347757373704e+04 2.977436456718089903e+04 1.616720406365098097e+04 2.506277776556454228e+03 1.785424360837688027e+03 1.515155513582926687e+04 1.643958646537193272e+04 1.386796188875560416e+06 1.920380846012147143e+06 5.757419736875794314e+01
  dtu_10mw_rwt_turb_12.0_55769.dat 5.533677164187455588e+00 1.349198243905851691e-01 6.820345659848314881e+02 6.684221103764869554e+00 8.330782439600564248e+04 3.444864822518535948e+04 2.019996987892548714e+04 3.081051002886039441e+03 1.614615386044837578e+03 2.036455335923349412e+04 1.758570258286346507e+04 1.269876769853658043e+06 1.820568953857116867e+06 5.720977688111397441e+01
  dtu_10mw_rwt_turb_13.0_21716.dat 6.423258090901699191e+00 1.364712311336633843e-01 6.709686668822803313e+02 6.538578969323062040e+00 8.417771731559207547e+04 3.130627462184840260e+04 2.192430613322124555e+04 2.679376519089817521e+03 4.558124821336115929e+03 1.927172211839661031e+04 1.710301340888496270e+04 1.536727989210043801e+06 2.021938727303847205e+06 5.660655712129035066e+01
  dtu_10mw_rwt_turb_13.0_40322.dat 5.491561384590447403e+00 5.278653954126023146e-02 5.881101594202056049e+02 6.625767930949169049e+00 6.598615914916446491e+04 2.211948618441825238e+04 1.817154159185031676e+04 1.890163447282605375e+03 1.583461855518185303e+03 1.729200788876276783e+04 1.620130732272431123e+04 5.737238021046321373e+05 4.595529239757181494e+04 5.720807922850748639e+01
  dtu_10mw_rwt_turb_13.0_43619.dat 6.566366521656786581e+00 1.033074550618399978e-01 6.441546196708195566e+02 7.972626204277156070e+00 8.292403197704664490e+04 2.009929160833597780e+04 2.171368025587128795e+04 2.242583050758240006e+03 2.411153996246107909e+03 1.910942892717746508e+04 1.705269381088871887e+04 8.726702731329158414e+05 9.392038988328690175e+05 5.719008697312494860e+01
  dtu_10mw_rwt_turb_13.0_47165.dat 6.074514986941536243e+00 9.725991054482020781e-02 6.780670356241245145e+02 7.924130574436735408e+00 8.241159469654687564e+04 2.169748383835949789e+04 2.228698375678450611e+04 2.517620851052006856e+03 2.533037960104067224e+03 2.042945640325649583e+04 1.658258230172923140e+04 9.024675819851803826e+05 7.106933114496062044e+05 5.687086794726917560e+01
  dtu_10mw_rwt_turb_13.0_47952.dat 3.459093249543184534e+00 5.273628621482302076e-02 4.905796736024358893e+02 6.911947233861506668e+00 7.070267789943049138e+04 2.464405164701915783e+04 2.083471460490070240e+04 2.261870230766413897e+03 1.255155329632952544e+03 1.705372294958092971e+04 1.725557100553372584e+04 5.591284024894593749e+05 3.487283299426390295e+04 5.713271984198961206e+01
  dtu_10mw_rwt_turb_13.0_50292.dat 6.363077046577607199e+00 1.295720377287679081e-01 6.395747604916414275e+02 7.219928695971686849e+00 8.510729294733826828e+04 1.819200249896583773e+04 1.630258081575295364e+04 2.501571483646510387e+03 1.372847314006580064e+03 1.917961910368584358e+04 1.703192943346611719e+04 1.099955462887478294e+06 1.596330467025171034e+06 5.731080844991037537e+01
  dtu_10mw_rwt_turb_14.0_14324.dat 4.620401840716860775e+00 6.777173212506226729e-02 5.687712330152648974e+02 7.504335193011884009e+00 6.586401001641462790e+04 4.067427730881345633e+04 2.030401902849316320e+04 2.456703591907815735e+03 3.114468075647708247e+03 2.041558910349594953e+04 1.676734837727582999e+04 7.868933999338852009e+05 9.378814819975415594e+04 5.555159446082806340e+01
  dtu_10mw_rwt_turb_14.0_26862.dat 3.822758321372696777e+00 5.410378449075765872e-02 3.997716777323469159e+02 7.394790086510391269e+00 5.542660726803409489e+04 2.336964082989954841e+04 1.910075956406920523e+04 1.880207198591848055e+03 1.560754585716498013e+03 1.575893649802551590e+04 1.664944886558413418e+04 5.906682888488954632e+05 4.512626853513672540e+04 5.572480806091729733e+01
  dtu_10mw_rwt_turb_14.0_47824.dat 5.780762090438058109e+00 1.301872896541156621e-01 5.835860451454532267e+02 6.255483596293976767e+00 8.162876025609509088e+04 2.591833759106612342e+04 1.910451878143973590e+04 2.750759150238747225e+03 1.507260074068183485e+03 1.854041413809291407e+04 1.693015376372834726e+04 1.277803198895026697e+06 1.839882767172212480e+06 5.740473695209109906e+01
  dtu_10mw_rwt_turb_14.0_51321.dat 7.863521891908964889e+00 7.908972538226968774e-02 6.948584654739297548e+02 7.849633219185053079e+00 8.679137597577115230e+04 4.047883624726453854e+04 2.353723584375445353e+04 2.463353483253262766e+03 3.021282617371292872e+03 2.024619537586387378e+04 1.706693803959131037e+04 9.131359595398904057e+05 1.369552356065269851e+05 5.644888020424497199e+01
  dtu_10mw_rwt_turb_14.0_52263.dat 5.575914874868034055e+00 6.430042004738507899e-02 5.147944858235164247e+02 7.332252232574221651e+00 7.527277014670873177e+04 1.735046737858646156e+04 1.822285233372234143e+04 2.091156967351772437e+03 1.632288284935088541e+03 1.632149123836800209e+04 1.680627111359220726e+04 7.002097733606024412e+05 4.686179169647571689e+04 5.643247828669576904e+01
  dtu_10mw_rwt_turb_14.0_55769.dat 6.894908617715149290e+00 7.333280168088175677e-02 7.119768017106626985e+02 7.490144775836568236e+00 8.855116044224059442e+04 2.343264434842544506e+04 2.235853839512538980e+04 3.042474126848692777e+03 1.506515743668808682e+03 2.256480711233156035e+04 1.857306507995889842e+04 7.628776881505877245e+05 4.167988985204719938e+04 5.576510438091143840e+01
  dtu_10mw_rwt_turb_15.0_21716.dat 7.788894300780427216e+00 8.787344871100968846e-02 7.107455034189318894e+02 7.461203563268771433e+00 9.455823061542410869e+04 3.591569450999725814e+04 2.474653826842368653e+04 2.630898510465858635e+03 2.990562729969626616e+03 2.019768097333106198e+04 1.771954725006793524e+04 1.024542724734569318e+06 9.702525951694700052e+04 5.551038334899078563e+01
  dtu_10mw_rwt_turb_15.0_40322.dat 4.359694651534422150e+00 5.948287933589756910e-02 4.559018382675685075e+02 7.443710529462737924e+00 5.824270760859202710e+04 3.009275666181117413e+04 2.111240452470446689e+04 2.206933591278810127e+03 1.439528636078240879e+03 1.764408451002297079e+04 1.700111645711091114e+04 6.509914911154053407e+05 3.851415312442505819e+04 5.572427440313941105e+01
  dtu_10mw_rwt_turb_15.0_43619.dat 6.141682601429792498e+00 7.462242649041229969e-02 5.421871473918615720e+02 8.554156333497687115e+00 6.689378030706076242e+04 3.061193452168345902e+04 2.200596213708754658e+04 2.540279340180826239e+03 2.718080593515205692e+03 1.897199757992708328e+04 1.761481683269193309e+04 8.212237649223749759e+05 8.144872545120312134e+04 5.574758731514955201e+01
  dtu_10mw_rwt_turb_15.0_47165.dat 6.373943754256247374e+00 8.535724786359551175e-02 6.806976441406205822e+02 8.606755169145401396e+00 8.258515586241029087e+04 3.563669767501743627e+04 2.357765576104164938e+04 2.500405315370471271e+03 1.889744094988796405e+03 2.014534050037401539e+04 1.745312010453496259e+04 9.104741498271529563e+05 5.434842148890106182e+04 5.548288126909313434e+01
  dtu_10mw_rwt_turb_15.0_47952.dat 2.859980340558497147e+00 6.040933642380503371e-02 4.479029245698685031e+02 8.007886197160459574e+00 6.557984469242091291e+04 3.905141146278340602e+04 2.240251149145467934e+04 2.763451724562171876e+03 1.476307795292747414e+03 1.827202972274205968e+04 1.796278224724459506e+04 6.439281045117629692e+05 3.927007877658382495e+04 5.569572890330741899e+01
  dtu_10mw_rwt_turb_15.0_50292.dat 6.068544817254126755e+00 6.759000369172511735e-02 5.824017074575638162e+02 8.082577501729454994e+00 6.976816024314344395e+04 2.274367725066974162e+04 1.755477943840483204e+04 2.370615483144574227e+03 2.383572328212263074e+03 1.896814358652661031e+04 1.748346366635876984e+04 7.235230996549305273e+05 7.141963128387453617e+04 5.608243625911029540e+01
  dtu_10mw_rwt_turb_16.0_14324.dat 4.436327602811224402e+00 8.184567777184907633e-02 5.386673911778317461e+02 8.452576946735389285e+00 6.576274897626024904e+04 4.922795489507248567e+04 2.247384911394147275e+04 2.693601081122431424e+03 2.534094368387693976e+03 2.037027082988714028e+04 1.747412185880506513e+04 9.186769131410192931e+05 7.087449426982182194e+04 5.452589069050051052e+01
  dtu_10mw_rwt_turb_16.0_26862.dat 3.412245273173208027e+00 6.504999336684118283e-02 3.666790082372672828e+02 8.041174648768798505e+00 5.501183201749981527e+04 3.239747325368833117e+04 2.096444262568221529e+04 2.139743919342462050e+03 1.401328417189561605e+03 1.648724849349657961e+04 1.753705667546342374e+04 7.027575494704041630e+05 3.670626098550097959e+04 5.467380833478996038e+01
  dtu_10mw_rwt_turb_16.0_47824.dat 6.205765868677402430e+00 7.158236820638820552e-02 5.277434235175998083e+02 6.941781223017016167e+00 7.532564348651509499e+04 4.049526955639721564e+04 2.041202408049933729e+04 3.072489059420131525e+03 1.588066203300043753e+03 2.002755169189767912e+04 1.737408818582796448e+04 7.732534085239311680e+05 4.535696678854362835e+04 5.613743587004282176e+01
  dtu_10mw_rwt_turb_16.0_51321.dat 6.451403838058339169e+00 8.832915587826052628e-02 5.281475924032349667e+02 8.421571738090595005e+00 7.111122185722774884e+04 3.248714080676662707e+04 2.606973901452984137e+04 2.800887853860656833e+03 2.606946549665759449e+03 2.111431575263878040e+04 1.775372088680327943e+04 9.825141105539426208e+05 7.706674818827671697e+04 5.514562231947076754e+01
  dtu_10mw_rwt_turb_16.0_52263.dat 4.720832822788201710e+00 7.134548907629420511e-02 4.466451638572716547e+02 8.148351097833554491e+00 6.875966444810242683e+04 2.103321769158909956e+04 2.008048152194636350e+04 2.341518703588361859e+03 2.323138270543707677e+03 1.678468647522180981e+04 1.775432347833970198e+04 8.077578649774206569e+05 6.905661401978370850e+04 5.511869127285731906e+01
  dtu_10mw_rwt_turb_16.0_55769.dat 5.852775671033514371e+00 8.289001439819716766e-02 6.034653413784978966e+02 8.284836122921667823e+00 8.000228891285281861e+04 3.336233834520880919e+04 2.450950475500816901e+04 3.360631796841498272e+03 2.726364178955680018e+03 2.286027017038160193e+04 1.979103173947920732e+04 9.016744368613464758e+05 8.075506676745771256e+04 5.469645997641916324e+01
  dtu_10mw_rwt_turb_17.0_21716.dat 6.475948981430286189e+00 9.491511072254610326e-02 5.973709049714146886e+02 8.378097949161448454e+00 8.400958155768775032e+04 4.440988291899888281e+04 2.597831702253501498e+04 2.696623535400605761e+03 4.548747001659811758e+03 2.058809650843326017e+04 1.887549186860153350e+04 1.147365396378745092e+06 1.371196284506068332e+05 5.449060719590293189e+01
  dtu_10mw_rwt_turb_17.0_40322.dat 4.004342747516776768e+00 6.723468971387727700e-02 4.404740466944055015e+02 8.207869042205100385e+00 5.767056070210126200e+04 2.873542940552364234e+04 2.387044642839022345e+04 2.427459389112889767e+03 1.640079851234116859e+03 1.784554637985020236e+04 1.769583635295096610e+04 7.026151964309000177e+05 4.470763306414947147e+04 5.481201996514333530e+01
  dtu_10mw_rwt_turb_17.0_43619.dat 5.729186996722123837e+00 8.555338257957920134e-02 4.896976467688539856e+02 9.179731606572099523e+00 7.084885737547749886e+04 4.357968097535548441e+04 2.471443026729539270e+04 2.756060956642587371e+03 2.353817809759570537e+03 1.851272704643830730e+04 1.825408381376343095e+04 9.211879196522684069e+05 6.558477944645904063e+04 5.476614696536299220e+01
  dtu_10mw_rwt_turb_17.0_47165.dat 5.995633908511551979e+00 9.855739434533125620e-02 6.228444962380460765e+02 9.287157201602406431e+00 7.700075906276874593e+04 3.906992536019490944e+04 2.428238203871281075e+04 2.836893177263562393e+03 2.651314898026843366e+03 2.009290921654727936e+04 1.780870070194031359e+04 1.102312992206943454e+06 7.382898148041652166e+04 5.448498029210320936e+01
  dtu_10mw_rwt_turb_17.0_47952.dat 2.850541022250665080e+00 6.923028630151889518e-02 4.553572655733962051e+02 9.144167195854411290e+00 7.126617553398192103e+04 4.974566423470867448e+04 2.447061430485953315e+04 3.174558770905064648e+03 1.904884938044172713e+03 1.909817980501611964e+04 1.939221385035308413e+04 7.315472860197604168e+05 5.103771571651474369e+04 5.468762342751930561e+01
  dtu_10mw_rwt_turb_17.0_50292.dat 5.466524148358066881e+00 8.320114000901407403e-02 5.136483236203093838e+02 9.021603063594419325e+00 6.541664391568107385e+04 3.185144464486797369e+04 2.000243742578500314e+04 2.714349063291010225e+03 2.050636921071199140e+03 1.841814988605178951e+04 1.826266006542295145e+04 8.725239835737660760e+05 6.013401894291134522e+04 5.495647135569628006e+01
  dtu_10mw_rwt_turb_18.0_14324.dat 4.510027271548621819e+00 9.540564734580030126e-02 5.578767077458921904e+02 9.299426103591590831e+00 6.839698743596828717e+04 3.971797055517540866e+04 2.532892271428104868e+04 2.727509926153743436e+03 3.910317118166249656e+03 2.390414164287363019e+04 1.820117446570438551e+04 1.069634308471255936e+06 1.176017840049739752e+05 5.360733209726355852e+01
  dtu_10mw_rwt_turb_18.0_26862.dat 3.410830821004147140e+00 7.994606725129579927e-02 3.748621772016772979e+02 8.570088263330202238e+00 6.021749188141756167e+04 3.858822439506740920e+04 2.293095975532814919e+04 2.464493533269361706e+03 1.771569406162542009e+03 1.899588200308617888e+04 1.899054224183276165e+04 8.590758316076375777e+05 4.461291529363032168e+04 5.378137040233117716e+01
  dtu_10mw_rwt_turb_18.0_47824.dat 5.378317960695523148e+00 8.486094770909280438e-02 4.619106710085445684e+02 7.652136020991444632e+00 6.285391096616864525e+04 3.343003460263234592e+04 2.136767505819599319e+04 3.134529641888612787e+03 2.587942948211788462e+03 1.948584251866046543e+04 1.827003708219524924e+04 9.604389614257997600e+05 7.787517733129860426e+04 5.505575489643580767e+01
  dtu_10mw_rwt_turb_18.0_51321.dat 6.028573242352610606e+00 1.020560630128866247e-01 4.818343610866962194e+02 9.307931906702437530e+00 7.250359551080806705e+04 4.713352101698438491e+04 2.816427945524657116e+04 3.205819662544508446e+03 2.420618881276220691e+03 2.227889228502812693e+04 1.900632353391928700e+04 1.121566094283626648e+06 7.132045193989937252e+04 5.425506242467052687e+01
  dtu_10mw_rwt_turb_18.0_52263.dat 4.589404296899779467e+00 8.286799016044636701e-02 4.395488660453595458e+02 9.012455469526861052e+00 7.958154170419041475e+04 4.424999685092364962e+04 2.152944713569796295e+04 2.766280221598811750e+03 2.039403324625022378e+03 1.761169221080079660e+04 1.852797166983935313e+04 8.778503027551890118e+05 5.951503656499239150e+04 5.428192196694176630e+01
  dtu_10mw_rwt_turb_18.0_55769.dat 5.616071961848343008e+00 8.989617519492383579e-02 5.758533585621577231e+02 9.147417509090843168e+00 8.641470009717113862e+04 6.014627598164447409e+04 2.631935729972299669e+04 3.872835143092601356e+03 2.015400285406208241e+03 2.294528012968835901e+04 2.075261670339992270e+04 9.555324702492344659e+05 5.518342501315357367e+04 5.385855870340122209e+01
  dtu_10mw_rwt_turb_19.0_21716.dat 6.151770514585660266e+00 1.084324215209047371e-01 5.646457283026633149e+02 9.230046453983511867e+00 8.705700128992585815e+04 5.090832664881400706e+04 2.830553740672114873e+04 3.010610638877240035e+03 4.516627295034466442e+03 2.129920718306523486e+04 1.960136078787550287e+04 1.269501198196513811e+06 1.370268108187362959e+05 5.360730459442670082e+01
  dtu_10mw_rwt_turb_19.0_40322.dat 3.842730734015829874e+00 7.616677514099290391e-02 4.628737479292001922e+02 8.900386901722358246e+00 6.144092290528982994e+04 3.694153498146383936e+04 2.666263901832042029e+04 2.826964314286363333e+03 1.793244627851244104e+03 2.093414568070352834e+04 1.854778252088388399e+04 8.034441591087769484e+05 4.853252218772517517e+04 5.391549145921394626e+01
  dtu_10mw_rwt_turb_19.0_43619.dat 5.617875638571739216e+00 9.915347548813417677e-02 4.766629442702340498e+02 9.908652773841485129e+00 7.305812981191129074e+04 3.506543019944935077e+04 2.584115810413766667e+04 2.845536744761282534e+03 2.302807164868360360e+03 1.962362394496017805e+04 1.915587109542582039e+04 1.042324747892195708e+06 6.723880237581618712e+04 5.396295725885150318e+01
  dtu_10mw_rwt_turb_19.0_47165.dat 5.890722402704178684e+00 1.107716987685426480e-01 6.010380053869517951e+02 9.957695378554168641e+00 7.482636713786369364e+04 5.061697926812335209e+04 2.550709523714440729e+04 2.982201117909386994e+03 2.900536701171286495e+03 2.061620840396582571e+04 1.924970114122025552e+04 1.227503621381378267e+06 8.396164942178937781e+04 5.367181773582194637e+01
  dtu_10mw_rwt_turb_19.0_47952.dat 2.904834047533091823e+00 7.849730314593342251e-02 4.860325086301781994e+02 1.022085321308422401e+01 8.066787865744576266e+04 5.762142460614107404e+04 2.704155954129923703e+04 3.453578925814697868e+03 2.001517744398229070e+03 2.081011996578947583e+04 2.000355754082152271e+04 8.380314530096902745e+05 5.154825002150046930e+04 5.391885776261231911e+01
  dtu_10mw_rwt_turb_19.0_50292.dat 5.243368781419957436e+00 9.360520323096772899e-02 5.086238525850339443e+02 9.930087285887193360e+00 6.617407859736896353e+04 3.376653621152879350e+04 2.197811578568030382e+04 2.790156159101205049e+03 2.012444352619564825e+03 2.020792233142799887e+04 1.938988599681009873e+04 9.979375741828107275e+05 5.412353850996569963e+04 5.408822546358825889e+01
  dtu_10mw_rwt_turb_20.0_14324.dat 4.536670788993967030e+00 1.083209655529897009e-01 5.813486554139618647e+02 1.016355107360099552e+01 7.610081496497066109e+04 5.007721370274787478e+04 2.798052240612268361e+04 3.329727311138405184e+03 3.229266696593598681e+03 2.354890016304605524e+04 1.928698391888756669e+04 1.225834885935907718e+06 9.414938302962761372e+04 5.291658700881755806e+01
  dtu_10mw_rwt_turb_20.0_26862.dat 3.575026042126073555e+00 8.936882860575999510e-02 3.664295960360294657e+02 9.186271654912021134e+00 6.507993409335083561e+04 5.036530967595109541e+04 2.561878770916918074e+04 2.814053420518181156e+03 1.919012912696510057e+03 2.110900162399976034e+04 1.963753191244777918e+04 9.740416704145587282e+05 5.136365114534770692e+04 5.303788016997547317e+01
  dtu_10mw_rwt_turb_20.0_47824.dat 5.005768062173094890e+00 9.831299129025379557e-02 4.356832067505663986e+02 8.365868299295071253e+00 6.692177247076290951e+04 4.751413356858622865e+04 2.529520515942354177e+04 3.410965310667571885e+03 1.767927828505459956e+03 1.935233984913258246e+04 1.899167152666297625e+04 1.051802351299793227e+06 4.492516071216517594e+04 5.427211370779269828e+01
  dtu_10mw_rwt_turb_20.0_51321.dat 5.760445263793814163e+00 1.172219370199030913e-01 4.839049837225958868e+02 1.015407184722611511e+01 7.731755977536724822e+04 4.916595747377107909e+04 2.919901729093130052e+04 3.452574581734043022e+03 2.370852167019324497e+03 2.254261388923000777e+04 1.962130901720737165e+04 1.286560019944389816e+06 6.606120326928595023e+04 5.347774704902819565e+01
  dtu_10mw_rwt_turb_20.0_52263.dat 4.573818206551282017e+00 9.390262451230492469e-02 4.469396117404909887e+02 9.816301590192997750e+00 7.355890086051009712e+04 4.773978656698911800e+04 2.498877718143423408e+04 2.904042856166149704e+03 2.794642550591802319e+03 1.859131084466379252e+04 1.951001848581722879e+04 1.055651886386666214e+06 8.213601499634442735e+04 5.347817862667206157e+01
  dtu_10mw_rwt_turb_20.0_55769.dat 5.509935737488951268e+00 9.985978651989720067e-02 5.751659720801973208e+02 1.003283949553414800e+01 8.163754323753967765e+04 5.554475566153159161e+04 2.842718085795988009e+04 3.707514109160126736e+03 3.786594207459193512e+03 2.376688460155319626e+04 2.182517720972554889e+04 1.151189187978162663e+06 1.131135299779102497e+05 5.307923907126670571e+01
  dtu_10mw_rwt_turb_21.0_21716.dat 6.002662751786965956e+00 1.239424878864677226e-01 5.284864883587150644e+02 1.037802721911765325e+01 8.629844662480567058e+04 4.963565147713493207e+04 2.970219949444476151e+04 3.046666162006099057e+03 5.450373105197330005e+03 2.229891185668395337e+04 2.098239708547532064e+04 1.495634609366181307e+06 2.638628828882202506e+05 5.296062925499924035e+01
  dtu_10mw_rwt_turb_21.0_40322.dat 3.980088999940441852e+00 8.986766685614214212e-02 4.802062252633730850e+02 9.628428180812342418e+00 7.415297294556898123e+04 4.229421702563593863e+04 2.907457963096260573e+04 3.315006939887298358e+03 2.908868489936362039e+03 2.369939580877175104e+04 2.006012084020250768e+04 9.657311893776113866e+05 9.031857798911104328e+04 5.324092871375008684e+01
  dtu_10mw_rwt_turb_21.0_43619.dat 5.548902851896117205e+00 1.136176989056978115e-01 4.780547383756546083e+02 1.069753329715823931e+01 7.722821717963612173e+04 4.301878005637374008e+04 2.746486108268161115e+04 3.129418141154859313e+03 2.502289180182440305e+03 2.078602717632018903e+04 2.018279745179753445e+04 1.194840473005813546e+06 7.214432780434224696e+04 5.328170703354713567e+01
  dtu_10mw_rwt_turb_21.0_47165.dat 5.755687156247737413e+00 1.265545427408714674e-01 6.215771279561424763e+02 1.068022069783324035e+01 7.955045918463940325e+04 4.738261445690698019e+04 2.756970341103460669e+04 2.876386041024588849e+03 4.637994691039615645e+03 2.153867038829932790e+04 2.008438860965272761e+04 1.504812683550746180e+06 1.417196687279386970e+05 5.296081193286710231e+01
  dtu_10mw_rwt_turb_21.0_47952.dat 2.904135380059438276e+00 9.228487043727254258e-02 5.088575391869148916e+02 1.135542175252077612e+01 8.872942611533735180e+04 5.322060083630685403e+04 2.971376810496145845e+04 3.505496614714060343e+03 2.548760975541038988e+03 2.208600374464938795e+04 2.058385747873752189e+04 9.738131544324113056e+05 7.504721903703172575e+04 5.318533882650434208e+01
  dtu_10mw_rwt_turb_21.0_50292.dat 5.246900771271238106e+00 1.073693347864629610e-01 4.748999922937756537e+02 1.091245216771003079e+01 6.600526298021436378e+04 3.606133203027128184e+04 2.276828334243110294e+04 3.300397724527186256e+03 2.094625907162363546e+03 2.160364756885204770e+04 2.051129880250154383e+04 1.134924498913409421e+06 5.699228695377110853e+04 5.340494599337493042e+01
  dtu_10mw_rwt_turb_22.0_14324.dat 4.518139461182221872e+00 1.228360086467119722e-01 5.816888946964926390e+02 1.095638907579470001e+01 8.035779294002331153e+04 7.732988300160100334e+04 3.080863127710056506e+04 3.824984037257283035e+03 3.525591804519692687e+03 2.531507746065288302e+04 2.053898164473477664e+04 1.362191996641066624e+06 1.061123450283124257e+05 5.222578717478146615e+01
  dtu_10mw_rwt_turb_22.0_26862.dat 3.615857135691753932e+00 1.055217666019010458e-01 4.144897212425995008e+02 9.892571786319331650e+00 7.316378410472493852e+04 4.658989848691103543e+04 2.821594228560918782e+04 2.944326644979835237e+03 2.294126397437769810e+03 2.238101278278842074e+04 2.080756920908080428e+04 1.157542047965877689e+06 5.767616161516930879e+04 5.240765050502621136e+01
  dtu_10mw_rwt_turb_22.0_47824.dat 4.852060127841514969e+00 1.093046388221894372e-01 4.609676238371198451e+02 9.005730006888594374e+00 7.303828135364492482e+04 3.703233834415907040e+04 2.567329126958776033e+04 3.460698002597580853e+03 2.941777879135092462e+03 2.111008079310742687e+04 1.973940423811631263e+04 1.213572270644582808e+06 8.933804924516510800e+04 5.349726766842367454e+01
  dtu_10mw_rwt_turb_22.0_51321.dat 5.489370910279808946e+00 1.300630723415428791e-01 4.989921629849100668e+02 1.092662330841180740e+01 8.369787294905961608e+04 5.920939982449988747e+04 3.150379620210813300e+04 3.841895915777756272e+03 3.433709139575076733e+03 2.545175487173930742e+04 2.088275895478136226e+04 1.544204726231336361e+06 1.068780136363809725e+05 5.287804938309257352e+01
  dtu_10mw_rwt_turb_22.0_52263.dat 4.641182472667656711e+00 1.044085498411046198e-01 4.814562462205694260e+02 1.062789297102495034e+01 7.794309661519865040e+04 6.045362275314482395e+04 2.632138955470036672e+04 3.301237165302282392e+03 2.227379635100552150e+03 2.019508633844042197e+04 2.051891076144533145e+04 1.107035126655192580e+06 5.915436767643949133e+04 5.280646129761028362e+01
  dtu_10mw_rwt_turb_22.0_55769.dat 5.454756026207983055e+00 1.126270547659572602e-01 6.150756103787707616e+02 1.100143768531856381e+01 8.977333420588583976e+04 6.398406890124325582e+04 3.013217923703076303e+04 4.336404250978906020e+03 3.338913462122953661e+03 2.511798157381659985e+04 2.320372845890415556e+04 1.164735851972131059e+06 9.945100917562792893e+04 5.249031854620351112e+01
  dtu_10mw_rwt_turb_23.0_21716.dat 5.964569281600073936e+00 1.427814196407456437e-01 5.382245750071000430e+02 1.154549558120164043e+01 9.745656595943025604e+04 5.809714128014823655e+04 3.242997208599143050e+04 3.534812779003932974e+03 3.039463564617479733e+03 2.331124768462715656e+04 2.222684046201300953e+04 1.613010089509505546e+06 8.134372274253210344e+04 5.229100787340924228e+01
  dtu_10mw_rwt_turb_23.0_40322.dat 3.986093129976312266e+00 9.583515848071053056e-02 5.091686762100393935e+02 1.036558527333364133e+01 7.499241393240299658e+04 5.434181548700878193e+04 3.187550496131413092e+04 3.404560426236388139e+03 2.287031054548702286e+03 2.555103553910004848e+04 2.079803022314540431e+04 1.042684457973520854e+06 6.024007355203473708e+04 5.270322807540750176e+01
  dtu_10mw_rwt_turb_23.0_43619.dat 5.261622815432190237e+00 1.220653304195438577e-01 4.769742916583446117e+02 1.140882814844298210e+01 8.504997943694383139e+04 5.461081721182792535e+04 2.782785466527335302e+04 3.552009219901814049e+03 2.444256320953897102e+03 2.124021173051914593e+04 2.100767118917495100e+04 1.302905427943151910e+06 5.850375977003125445e+04 5.260783648771700882e+01
  dtu_10mw_rwt_turb_23.0_47165.dat 5.591924654119285520e+00 1.392011095048925062e-01 6.312110814552538613e+02 1.146870146819017222e+01 8.391583934923016932e+04 4.988608467116364773e+04 2.888129819851837965e+04 3.041059447013337376e+03 5.196450406490604109e+03 2.265909443261483830e+04 2.007381984153562007e+04 1.682968552139535779e+06 2.241581297676907270e+05 5.230952178474401393e+01
  dtu_10mw_rwt_turb_23.0_47952.dat 3.076301073206486159e+00 9.623379878838429768e-02 5.284680578882529289e+02 1.237024991469631807e+01 9.301745532417701907e+04 8.369589925161728752e+04 3.126867281951701443e+04 4.189380434415749733e+03 2.300632078264401116e+03 2.471322456322979269e+04 2.233495680009472562e+04 1.024571422331786482e+06 6.142418386568151618e+04 5.258739470352732326e+01
  dtu_10mw_rwt_turb_23.0_50292.dat 5.165424163039588734e+00 1.196112288346107000e-01 5.222185596881721494e+02 1.179994855702398660e+01 7.522147452443058137e+04 4.894947763023113657e+04 2.571149553462944823e+04 3.297045144193587475e+03 2.969639309219270672e+03 2.332649394140284130e+04 2.112228916389340884e+04 1.308043234301540535e+06 9.093151003437959298e+04 5.279018151336364895e+01
  dtu_10mw_rwt_turb_24.0_14324.dat 4.479958338185980438e+00 1.348524616767146911e-01 5.870074134835556379e+02 1.178678771886215770e+01 8.129702175547732622e+04 5.473070576742869889e+04 3.350837109317306022e+04 3.385428518387511303e+03 4.805094984519587342e+03 2.717224795367486513e+04 2.155866118020208160e+04 1.596602276220083004e+06 1.917106260394591372e+05 5.163552359066236619e+01
  dtu_10mw_rwt_turb_24.0_26862.dat 3.784445085848481050e+00 1.173510059937250966e-01 4.302638204827981099e+02 1.054138589231696521e+01 8.660226521637452242e+04 6.442125617963543482e+04 2.861373532211177007e+04 3.533904567196208063e+03 2.373197059801811974e+03 2.327637174518486427e+04 2.138759657034678821e+04 1.237971542006391566e+06 6.572141487142044934e+04 5.183154049685389708e+01
  dtu_10mw_rwt_turb_24.0_47824.dat 4.791022880316676336e+00 1.257054421953776313e-01 5.051336703883602013e+02 9.831048376756056584e+00 7.634064874408068135e+04 5.753066651728835132e+04 2.555364595550098602e+04 3.671063240884477182e+03 2.725198427422273198e+03 2.305688763636583462e+04 2.038893024296413569e+04 1.390329960755148670e+06 7.511495377010523225e+04 5.285827388658993442e+01
  dtu_10mw_rwt_turb_24.0_51321.dat 5.449805889379041979e+00 1.453096050666683459e-01 5.279129551073133371e+02 1.156739940587756443e+01 9.289792661664301704e+04 5.349073619512426376e+04 3.248731911792974279e+04 4.054090828826057987e+03 2.815685126366365694e+03 2.823758122029036895e+04 2.161150590246977299e+04 1.576894896253451239e+06 7.285189155869527895e+04 5.231231247092475201e+01
  dtu_10mw_rwt_turb_24.0_52263.dat 4.644559470928424361e+00 1.161656973726957476e-01 5.012639253301607596e+02 1.159768571530971570e+01 9.534324318146020232e+04 5.604396016658153530e+04 2.841896738684201046e+04 3.693113662150689834e+03 2.670288320506351738e+03 2.242175773676071913e+04 2.140724506010737605e+04 1.257657258086664369e+06 7.449910420672639157e+04 5.220719005526907353e+01
  dtu_10mw_rwt_turb_24.0_55769.dat 5.319307057817822759e+00 1.257069826380664002e-01 6.077501083568720333e+02 1.187841068703822067e+01 1.009512044225078862e+05 5.822757763972641987e+04 3.156704046770135756e+04 4.314996823134559236e+03 2.912873269827207878e+03 2.748410448380964226e+04 2.477981658439968669e+04 1.379045341499741422e+06 8.436857045339296747e+04 5.191369445207747191e+01
   dtu_10mw_rwt_turb_5.0_21716.dat 1.370226825612005150e+00 7.926662553429220104e-03 2.133162248281496147e+02 3.501393708045049014e+00 5.527114334370288998e+04 1.880669269686658299e+04 9.611742532493124600e+03 1.802427165891811001e+03 1.549268467369322025e+03 6.717472918118744929e+03 1.418869953379345498e+04 1.456255037365657743e+06 9.255922475979083683e+05 5.242219427966123391e+01
   dtu_10mw_rwt_turb_5.0_40322.dat 1.516758170082431301e+00 6.453995143856082993e-03 2.021505525504710761e+02 3.772457482510373161e+00 5.579299891028035199e+04 1.167890278987352212e+04 6.982204394357001547e+03 1.374742784466325247e+03 1.189638334594968455e+03 5.827743401548520524e+03 1.374999489001647453e+04 1.120979715679058339e+06 7.103448235423712758e+05 5.247986554393119007e+01
   dtu_10mw_rwt_turb_5.0_43619.dat 1.415842288410650074e+00 8.706546077552756654e-03 2.763856403726608164e+02 4.855103520118350779e+00 8.717636677375018189e+04 1.973276914080921779e+04 1.073463042325319839e+04 2.634299250912432854e+03 2.141338939485116498e+03 8.937897075466469687e+03 1.440885853634220985e+04 2.008202731931322254e+06 1.277668978598571150e+06 5.237099023101799133e+01
   dtu_10mw_rwt_turb_5.0_47165.dat 1.501769060945028045e+00 7.275438958519975588e-03 2.045901790783619276e+02 4.359592311606116155e+00 8.711466911354353942e+04 1.620808803825496580e+04 1.009251327602858146e+04 1.448398048301479548e+03 1.128748614050907918e+03 8.003792863716297688e+03 1.387536702442703790e+04 1.056492838066082913e+06 6.702077737861439819e+05 5.268602210991734580e+01
   dtu_10mw_rwt_turb_5.0_47952.dat 1.518961482865987422e+00 5.438715397121787927e-03 2.005484639757418677e+02 3.862690498526677008e+00 6.215967103829950793e+04 1.618895819962278074e+04 8.592252270065748235e+03 1.325072803711557299e+03 8.786278771700912102e+02 7.085038281318908957e+03 1.409060768460051622e+04 8.269331642936497228e+05 5.220841124669154524e+05 5.253801644538580717e+01
   dtu_10mw_rwt_turb_5.0_50292.dat 1.433564759628845664e+00 7.323030524574784123e-03 2.239412867608442355e+02 3.527780137331291144e+00 6.788255795749521349e+04 1.852725167726548898e+04 7.503220803518045614e+03 2.037333631489718300e+03 1.539916089005065260e+03 7.564834666230592120e+03 1.405420022582389538e+04 1.445030734779197024e+06 9.141425942829501582e+05 5.232609853809178446e+01
   dtu_10mw_rwt_turb_6.0_14324.dat 8.861005960974279727e-01 1.173933627117427353e-02 2.070888413812213003e+02 3.314678437509143816e+00 8.207140437920714612e+04 2.328606260173967166e+04 9.574226260457262470e+03 1.958730150873217326e+03 1.713652351363894013e+03 8.462216366778273368e+03 1.393562774407032884e+04 1.628087781024710741e+06 1.046506803760153824e+06 5.276611812474299512e+01
   dtu_10mw_rwt_turb_6.0_26862.dat 1.337309028274334288e+00 9.981372928570993175e-03 2.066427299247671669e+02 3.694626390635067370e+00 6.512002978249197622e+04 2.190135042232063279e+04 9.237937732479507758e+03 2.276833298514173293e+03 2.006355266062837927e+03 7.414570925120386164e+03 1.410201975491197481e+04 1.896684141896828311e+06 1.203998591252311366e+06 5.319585564311513082e+01
   dtu_10mw_rwt_turb_6.0_47824.dat 1.439013169318229757e+00 6.895458078192003362e-03 2.675804959611850222e+02 3.827978445444952360e+00 8.121784640457293426e+04 1.652435798188527406e+04 7.928726640945656072e+03 1.846103902863342682e+03 1.517637558191848257e+03 8.712481361018939424e+03 1.414571423654571845e+04 1.435780544468225446e+06 9.066639396051373333e+05 5.288684182838441927e+01
   dtu_10mw_rwt_turb_6.0_51321.dat 1.528053665560193286e+00 2.005577433735634615e-02 3.016175167728166571e+02 4.773668269474907966e+00 8.355206618933424761e+04 2.268941256537376830e+04 9.686584832832850225e+03 2.479368752412810863e+03 2.516187434025373477e+03 9.066529064391959764e+03 1.442349322088489862e+04 2.353381202087956481e+06 1.551297590784225147e+06 5.356632539292903061e+01
   dtu_10mw_rwt_turb_6.0_52263.dat 1.425710228018286729e+00 8.075992782738378173e-03 2.116068068061934468e+02 4.022014175529570856e+00 6.672440022788812348e+04 1.632364616182951795e+04 7.645971784025545276e+03 2.147994432658108053e+03 1.763437369306167739e+03 7.336747334534326001e+03 1.419374445266108341e+04 1.657267668222417589e+06 1.050750963565086480e+06 5.288284830800322567e+01
   dtu_10mw_rwt_turb_6.0_55769.dat 1.435544415028369158e+00 1.154003333967914408e-02 2.638042614481570354e+02 4.211728951532514031e+00 9.924184218305627292e+04 3.482406712184225762e+04 1.080750381719594225e+04 2.586057334835057191e+03 2.200218596231965876e+03 1.040946940856863148e+04 1.479694073555862269e+04 2.086519823319284478e+06 1.334038251105421223e+06 5.320306565694049539e+01
   dtu_10mw_rwt_turb_7.0_21716.dat 6.440928087544435243e-01 5.566110728706402666e-02 3.433782097849434649e+02 4.004227763949320895e+00 7.827597410061082337e+04 2.779732338158171115e+04 1.266462228636914369e+04 3.238410920264287597e+03 2.875400032194084815e+03 9.911820799022529172e+03 1.481158607021793796e+04 2.696629472039478831e+06 2.013784223306956701e+06 5.348536445095028569e+01
   dtu_10mw_rwt_turb_7.0_40322.dat 1.517219830637468680e+00 2.146679619909803646e-02 2.806337843228507154e+02 4.445429249219857049e+00 7.358516100516478764e+04 2.387914509750198704e+04 8.947535209670215409e+03 2.235646678471512132e+03 2.072473056379667014e+03 7.558172730898897498e+03 1.414143224637671665e+04 1.943189154256070033e+06 1.324375495446798159e+06 5.329883398103328318e+01
   dtu_10mw_rwt_turb_7.0_43619.dat 1.194823858807907868e+00 7.616435909454032094e-02 4.006279122501960046e+02 5.697526241306888117e+00 1.074663858472426073e+05 2.960990467980357425e+04 1.347277014668765332e+04 3.877509368708634156e+03 3.332272887111318596e+03 1.158987414948842525e+04 1.505440289695493993e+04 3.120255258384151384e+06 2.493841932282182854e+06 5.353795719128252983e+01
   dtu_10mw_rwt_turb_7.0_47165.dat 1.101100697377447757e+00 1.645954023281175072e-02 2.663666702996641220e+02 5.467107430650934852e+00 1.039261376457361184e+05 3.826805032329259120e+04 1.186202552387545074e+04 2.966598243046718380e+03 2.145740133005070675e+03 9.744262975313919014e+03 1.439888124847291510e+04 1.996998431608655723e+06 1.314285243171483045e+06 5.340686710884615707e+01
   dtu_10mw_rwt_turb_7.0_47952.dat 1.067577012522892721e+00 1.137012710075493808e-02 1.929640222271256107e+02 4.303989175282385560e+00 7.859725267610690207e+04 2.865613953717319964e+04 9.770908334814961563e+03 2.415719781742560826e+03 1.597506849354470432e+03 8.274965977048519562e+03 1.463452430603480025e+04 1.514555411786665441e+06 9.663098572492287494e+05 5.330647601706225913e+01
   dtu_10mw_rwt_turb_7.0_50292.dat 1.409609434093890945e+00 4.145862653258820113e-02 3.448382504958679533e+02 4.432940536189921232e+00 8.697119404775966541e+04 2.720587629067711532e+04 8.688680719056845192e+03 3.515846043166513937e+03 2.796747740460156820e+03 9.881720214678853154e+03 1.467293268941133829e+04 2.624137067579635419e+06 1.859134182260132860e+06 5.313709688203302761e+01
   dtu_10mw_rwt_turb_8.0_14324.dat 1.143769009496096029e-01 8.611191730430718672e-02 3.222689219070156810e+02 4.379624045454821868e+00 9.700405275520330179e+04 3.470375241398672370e+04 1.262517502429943670e+04 2.319858727267803715e+03 2.034645337083603636e+03 1.160134536078431120e+04 1.453691538796279019e+04 1.882068600045539904e+06 1.846874877612649696e+06 5.393374249812524823e+01
   dtu_10mw_rwt_turb_8.0_26862.dat 4.447284587431573066e-01 8.637261583322389247e-02 3.130562126315188038e+02 4.501776987833113530e+00 8.307892058162314061e+04 2.816568395081921335e+04 1.135117286359496939e+04 2.834252260109350573e+03 2.334995449095064032e+03 9.585352319974052079e+03 1.492711214384000959e+04 2.205773950859103817e+06 2.043062122191677568e+06 5.476402614381513700e+01
   dtu_10mw_rwt_turb_8.0_47824.dat 1.167767096566347140e+00 1.927697586933268745e-02 3.123351545085956218e+02 4.095588750362815667e+00 9.830196930016631086e+04 2.983767345502095486e+04 9.018713686042916379e+03 2.977736933726092957e+03 2.634376664698141667e+03 1.092008889050736798e+04 1.462218167339518550e+04 2.465710428528354969e+06 1.629195554301211145e+06 5.367783404966672123e+01
   dtu_10mw_rwt_turb_8.0_51321.dat 7.577498163118676633e-01 1.243906018978664513e-01 4.898429928974231302e+02 5.773817968918345755e+00 9.415030978405175847e+04 3.268327965334884357e+04 1.331390218660049322e+04 3.739301566555448062e+03 3.720904012683274232e+03 1.247708673618880857e+04 1.534117148568747325e+04 3.481137030094555113e+06 3.305665460027368739e+06 5.495118189290756305e+01
   dtu_10mw_rwt_turb_8.0_52263.dat 1.228293772028595798e+00 7.494122241809908491e-02 3.566325056534392957e+02 4.646980367830984449e+00 8.069735082122911990e+04 3.114797982761467574e+04 9.478806454384035533e+03 3.225462938644346650e+03 2.696356816702324977e+03 1.090727828422232960e+04 1.485006376382516828e+04 2.518849190026340540e+06 2.097795120944947936e+06 5.393290723396926012e+01
   dtu_10mw_rwt_turb_8.0_55769.dat 4.124656525795199480e-01 1.052955532438567127e-01 4.549251087827689730e+02 4.995128742475167805e+00 9.556408804928728205e+04 3.775713895699371642e+04 1.475913868970612566e+04 3.307242293922859062e+03 3.118579644811731214e+03 1.386694490931472683e+04 1.609328585452532388e+04 2.896657879655867815e+06 2.661285611253653653e+06 5.478468548689451723e+01
   dtu_10mw_rwt_turb_9.0_21716.dat 1.600843658649385182e-05 1.607931412546842187e-01 6.042078602614900547e+02 4.703922522593585676e+00 9.541945582953917619e+04 2.363204124427355055e+04 1.745829435626199484e+04 4.506216500322907450e+03 4.256698394135270064e+03 1.497563463974636943e+04 1.615388832047459437e+04 3.971494522949402221e+06 4.182574479883377440e+06 5.567055917133663456e+01
   dtu_10mw_rwt_turb_9.0_40322.dat 7.457265411137978806e-01 1.114017727247238049e-01 4.142325571977562504e+02 4.943901216178764102e+00 8.377014808117295615e+04 1.999667037290533699e+04 1.193019665209576851e+04 2.841819535102874397e+03 2.499420417598100357e+03 1.093080087739609371e+04 1.509311476725955072e+04 2.344257272070231847e+06 2.471614338307127822e+06 5.527043447482646599e+01
   dtu_10mw_rwt_turb_9.0_43619.dat 1.011570199263341907e+00 2.069404604032479833e-01 6.129447202085013942e+02 6.481986794350878434e+00 1.086906091578016058e+05 3.244265957438545593e+04 1.740505155955600276e+04 4.694817386162646471e+03 3.955668187681142172e+03 1.611091482288611223e+04 1.643937121599232341e+04 3.684466659703243058e+06 4.130907343035584781e+06 5.575797899519090350e+01
   dtu_10mw_rwt_turb_9.0_47165.dat 2.665130081265230100e-01 1.181980442075876159e-01 4.606667947815379875e+02 6.419019760654261830e+00 9.628627928846598661e+04 2.931435088495683522e+04 1.696388855079354471e+04 3.583380919637303123e+03 2.985535713817946998e+03 1.426402429243559891e+04 1.570207965809273082e+04 2.771030770159360021e+06 2.758295693987624254e+06 5.542383439864623540e+01
   dtu_10mw_rwt_turb_9.0_47952.dat 1.749686935382669932e-05 7.678763528984315634e-02 2.943202330856540812e+02 4.990702538950475997e+00 7.594759889093720994e+04 2.574546157142553784e+04 1.311355363296861833e+04 2.609847629260088979e+03 1.655544325887384957e+03 1.099382794346640912e+04 1.587938130676626679e+04 1.542331858016409446e+06 1.596008374405063223e+06 5.498198660514609770e+01
   dtu_10mw_rwt_turb_9.0_50292.dat 4.280219065552051672e-01 1.458707670531206313e-01 5.332067116805263822e+02 5.405538696041613633e+00 8.888680774098292750e+04 2.782021331246930276e+04 1.038831679848178464e+04 4.852552291432744823e+03 4.009744732573425608e+03 1.455133551106581217e+04 1.553337779085729198e+04 3.752860875867138617e+06 3.837980651632577181e+06 5.466916750041684026e+01
