Statistics: min. Generated: 11/11/2020 08:38:31. No. files: 120.
                              File                       4                      10                      13                      15                      19                      20                      22                      23                      27                      28                      29                      72                     102                     110
  dtu_10mw_rwt_turb_10.0_14324.dat -1.356710000000000034e-02 7.405720000000000081e-01 8.869800000000000182e+02 5.585009999999999586e+00 7.686819999999999709e+04 -4.986310000000000400e+03 -1.019900000000000000e+04 6.981949999999999818e+03 -1.227760000000000036e+04 -3.731969999999999709e+04 -8.429860000000000582e+03 7.126000000000000000e+06 5.273360000000000000e+06 1.079579999999999984e+01
  dtu_10mw_rwt_turb_10.0_26862.dat -1.340820000000000033e-02 7.174439999999999706e-01 8.385969999999999800e+02 5.484479999999999578e+00 7.087030000000000291e+04 -5.268180000000000291e+03 -1.106189999999999964e+04 7.046560000000000400e+03 -1.217470000000000073e+04 -3.713019999999999709e+04 -8.090260000000000218e+03 6.704140000000000000e+06 4.812040000000000000e+06 9.551690000000000680e+00
  dtu_10mw_rwt_turb_10.0_47824.dat -1.179469999999999954e-03 6.179719999999999658e-01 4.796499999999999773e+02 4.406620000000000203e+00 -1.555860000000000036e+04 -1.523239999999999964e+04 -1.022260000000000036e+04 3.436849999999999909e+03 -9.422760000000000218e+03 -2.848109999999999854e+04 -9.783280000000000655e+03 3.101340000000000000e+06 1.934420000000000000e+06 1.081630000000000003e+01
  dtu_10mw_rwt_turb_10.0_51321.dat -1.429919999999999976e-02 6.506220000000000336e-01 6.220969999999999800e+02 4.767299999999999649e+00 4.131050000000000000e+04 -1.032879999999999927e+04 -1.461070000000000073e+04 5.755590000000000146e+03 -1.179389999999999964e+04 -3.558769999999999709e+04 -8.898040000000000873e+03 5.497930000000000000e+06 3.576830000000000000e+06 8.523519999999999541e+00
  dtu_10mw_rwt_turb_10.0_52263.dat -2.102199999999999815e-03 6.572649999999999881e-01 6.882540000000000191e+02 4.663610000000000255e+00 5.397650000000000000e+04 -2.462449999999999818e+03 -1.041910000000000036e+04 5.843699999999999818e+03 -1.153229999999999927e+04 -3.289409999999999854e+04 -9.075530000000000655e+03 5.610820000000000000e+06 3.684280000000000000e+06 9.401930000000000121e+00
  dtu_10mw_rwt_turb_10.0_55769.dat -1.197029999999999969e-02 6.849579999999999558e-01 6.723740000000000236e+02 5.107669999999999710e+00 5.191840000000000146e+04 -9.330680000000000291e+03 -1.475679999999999927e+04 6.290050000000000182e+03 -1.213950000000000000e+04 -3.513630000000000291e+04 -1.103489999999999964e+04 6.083120000000000000e+06 4.159160000000000000e+06 7.829299999999999926e+00
  dtu_10mw_rwt_turb_11.0_21716.dat -1.028500000000000074e-02 6.798990000000000311e-01 7.294180000000000064e+02 6.321340000000000181e+00 4.552919999999999709e+04 -1.071300000000000000e+04 -1.748500000000000000e+04 6.664550000000000182e+03 -1.227110000000000036e+04 -3.723819999999999709e+04 -9.984139999999999418e+03 6.000460000000000000e+06 4.074750000000000000e+06 8.359939999999999927e+00
  dtu_10mw_rwt_turb_11.0_40322.dat -1.616669999999999913e-02 7.500520000000000520e-01 8.738160000000000309e+02 5.026980000000000004e+00 7.549230000000000291e+04 -3.592860000000000127e+03 -1.275179999999999927e+04 7.545409999999999854e+03 -1.182420000000000073e+04 -3.745019999999999709e+04 -9.000850000000000364e+03 7.316620000000000000e+06 5.486320000000000000e+06 8.674049999999999372e+00
  dtu_10mw_rwt_turb_11.0_43619.dat -1.204659999999999932e-02 7.268179999999999641e-01 7.665539999999999736e+02 5.311539999999999928e+00 8.195069999999999709e+04 -6.008119999999999891e+03 -1.221289999999999964e+04 7.034670000000000073e+03 -1.334439999999999964e+04 -3.636480000000000291e+04 -8.667139999999999418e+03 6.871950000000000000e+06 4.993820000000000000e+06 8.887240000000000251e+00
  dtu_10mw_rwt_turb_11.0_47165.dat -1.396430000000000067e-02 7.290079999999999893e-01 8.041440000000000055e+02 4.615479999999999805e+00 6.262319999999999709e+04 -5.595500000000000000e+03 -1.777890000000000146e+04 6.668939999999999600e+03 -1.253629999999999927e+04 -3.769219999999999709e+04 -8.102649999999999636e+03 6.892090000000000000e+06 5.015820000000000000e+06 8.585670000000000357e+00
  dtu_10mw_rwt_turb_11.0_47952.dat -2.125689999999999958e-03 7.904959999999999765e-01 1.023559999999999945e+03 5.985940000000000261e+00 9.860000000000000000e+04 -5.272759999999999536e+02 -1.244979999999999927e+04 8.007750000000000000e+03 -1.381039999999999964e+04 -3.605090000000000146e+04 -9.700899999999999636e+03 8.126970000000000000e+06 6.422490000000000000e+06 9.435840000000000671e+00
  dtu_10mw_rwt_turb_11.0_50292.dat -1.038269999999999992e-02 6.914639999999999675e-01 7.584829999999999472e+02 5.494469999999999743e+00 6.992419999999999709e+04 -5.214710000000000036e+03 -9.129280000000000655e+03 6.070859999999999673e+03 -1.187270000000000073e+04 -3.682540000000000146e+04 -9.309069999999999709e+03 6.224400000000000000e+06 4.304860000000000000e+06 8.968690000000000495e+00
  dtu_10mw_rwt_turb_12.0_14324.dat -7.564559999999999687e-03 9.398210000000000175e-01 6.004950000000000045e+02 6.704150000000000276e+00 7.897480000000000291e+04 -7.094079999999999927e+03 -1.227829999999999927e+04 8.908709999999999127e+03 -1.373639999999999964e+04 -3.663919999999999709e+04 -8.668549999999999272e+03 9.422440000000000000e+06 9.886500000000000000e+06 8.419169999999999376e+00
  dtu_10mw_rwt_turb_12.0_26862.dat -4.009190000000000149e-03 8.786450000000000093e-01 7.538110000000000355e+02 6.366590000000000416e+00 8.721830000000000291e+04 -7.696760000000000218e+03 -1.092700000000000000e+04 9.157000000000000000e+03 -1.226870000000000073e+04 -3.589409999999999854e+04 -7.952100000000000364e+03 9.478940000000000000e+06 8.775070000000000000e+06 8.007809999999999206e+00
  dtu_10mw_rwt_turb_12.0_47824.dat -1.915029999999999857e-02 6.720300000000000162e-01 6.577859999999999445e+02 5.572729999999999961e+00 5.081619999999999709e+04 -4.639750000000000000e+03 -1.268289999999999964e+04 6.153729999999999563e+03 -1.199800000000000000e+04 -3.533619999999999709e+04 -8.686590000000000146e+03 5.862450000000000000e+06 3.934900000000000000e+06 8.430199999999999250e+00
  dtu_10mw_rwt_turb_12.0_51321.dat -6.954479999999999863e-03 7.914860000000000229e-01 6.544890000000000327e+02 6.377200000000000202e+00 7.993269999999999709e+04 -7.454760000000000218e+03 -1.654350000000000000e+04 8.622120000000000800e+03 -1.301439999999999964e+04 -3.886280000000000291e+04 -8.747950000000000728e+03 8.133490000000000000e+06 6.430270000000000000e+06 7.079430000000000334e+00
  dtu_10mw_rwt_turb_12.0_52263.dat -1.965880000000000058e-02 8.006330000000000391e-01 7.967469999999999573e+02 5.884079999999999977e+00 8.377119999999999709e+04 -1.209889999999999964e+04 -1.186960000000000036e+04 8.597579999999999927e+03 -1.218820000000000073e+04 -3.519519999999999709e+04 -8.635340000000000146e+03 8.330110000000000000e+06 6.664820000000000000e+06 9.301019999999999399e+00
  dtu_10mw_rwt_turb_12.0_55769.dat -8.885449999999999598e-03 8.152160000000000517e-01 6.864270000000000209e+02 6.382749999999999702e+00 6.915989999999999418e+04 -1.601610000000000036e+04 -1.863450000000000000e+04 8.175060000000000400e+03 -1.202320000000000073e+04 -3.794490000000000146e+04 -9.655229999999999563e+03 8.623850000000000000e+06 7.020630000000000000e+06 8.685769999999999769e+00
  dtu_10mw_rwt_turb_13.0_21716.dat -1.963389999999999927e-02 7.968830000000000080e-01 5.461970000000000027e+02 7.748499999999999943e+00 6.348100000000000000e+04 -1.199460000000000036e+04 -1.982559999999999854e+04 8.748600000000000364e+03 -1.388700000000000000e+04 -3.750500000000000000e+04 -9.446520000000000437e+03 8.281380000000000000e+06 6.606510000000000000e+06 9.128690000000000637e+00
  dtu_10mw_rwt_turb_13.0_40322.dat -7.581359999999999662e-03 9.541250000000000009e-01 7.114990000000000236e+02 6.172299999999999898e+00 7.897660000000000582e+04 -7.536119999999999891e+03 -1.426060000000000036e+04 9.366270000000000437e+03 -1.198039999999999964e+04 -3.627319999999999709e+04 -7.997560000000000400e+03 9.530600000000000000e+06 9.969530000000000000e+06 6.593029999999999724e+00
  dtu_10mw_rwt_turb_13.0_43619.dat -1.614140000000000019e-02 8.708069999999999977e-01 6.169439999999999600e+02 7.033619999999999983e+00 6.201109999999999854e+04 -6.191829999999999927e+03 -1.472120000000000073e+04 8.575899999999999636e+03 -1.272570000000000073e+04 -3.589180000000000291e+04 -9.001020000000000437e+03 9.393150000000000000e+06 8.567860000000000000e+06 7.981609999999999872e+00
  dtu_10mw_rwt_turb_13.0_47165.dat -1.312289999999999984e-02 8.860080000000000178e-01 5.408509999999999991e+02 6.124039999999999928e+00 7.084250000000000000e+04 -4.013690000000000055e+03 -1.748329999999999927e+04 8.193590000000000146e+03 -1.294570000000000073e+04 -4.016480000000000291e+04 -8.776100000000000364e+03 9.413480000000000000e+06 9.031200000000000000e+06 9.299329999999999430e+00
  dtu_10mw_rwt_turb_13.0_47952.dat 2.384360000000000035e+00 9.657240000000000268e-01 7.063849999999999909e+02 7.169929999999999914e+00 7.481619999999999709e+04 -8.827600000000000364e+03 -1.490989999999999964e+04 8.634079999999999927e+03 -1.151010000000000036e+04 -3.551809999999999854e+04 -8.999469999999999345e+03 9.464160000000000000e+06 9.974470000000000000e+06 9.321020000000000749e+00
  dtu_10mw_rwt_turb_13.0_50292.dat -1.271560000000000051e-02 8.272899999999999698e-01 5.734400000000000546e+02 7.050989999999999647e+00 6.811469999999999709e+04 -8.988540000000000418e+02 -1.108629999999999927e+04 8.562370000000000800e+03 -1.183829999999999927e+04 -3.760859999999999854e+04 -8.649639999999999418e+03 8.922300000000000000e+06 7.388080000000000000e+06 9.817819999999999325e+00
  dtu_10mw_rwt_turb_14.0_14324.dat 4.552830000000000155e+00 9.365059999999999496e-01 3.810790000000000077e+02 7.922860000000000014e+00 6.274209999999999854e+04 -1.709040000000000146e+04 -1.489850000000000000e+04 8.463600000000000364e+03 -1.301220000000000073e+04 -3.083429999999999927e+04 -9.293729999999999563e+03 9.363810000000000000e+06 9.933930000000000000e+06 1.162790000000000035e+01
  dtu_10mw_rwt_turb_14.0_26862.dat 5.421459999999999724e+00 9.590300000000000491e-01 5.956050000000000182e+02 7.491089999999999804e+00 6.493600000000000000e+04 -5.812090000000000146e+03 -1.362729999999999927e+04 8.886450000000000728e+03 -1.192470000000000073e+04 -2.856850000000000000e+04 -8.638280000000000655e+03 9.487810000000000000e+06 9.966250000000000000e+06 1.030139999999999922e+01
  dtu_10mw_rwt_turb_14.0_47824.dat -1.033449999999999994e-02 8.128670000000000062e-01 6.748250000000000455e+02 6.980039999999999800e+00 6.671200000000000000e+04 -8.969899999999999636e+03 -1.725040000000000146e+04 8.718569999999999709e+03 -1.178850000000000000e+04 -3.722800000000000000e+04 -8.689000000000000000e+03 8.567390000000000000e+06 6.951790000000000000e+06 1.052319999999999922e+01
  dtu_10mw_rwt_turb_14.0_51321.dat -1.094729999999999922e-03 9.108330000000000037e-01 4.898829999999999814e+02 8.173769999999999314e+00 5.681469999999999709e+04 -1.651920000000000073e+04 -1.839709999999999854e+04 8.725110000000000582e+03 -1.303850000000000000e+04 -3.620090000000000146e+04 -9.037239999999999782e+03 9.377360000000000000e+06 9.937390000000000000e+06 8.725479999999999237e+00
  dtu_10mw_rwt_turb_14.0_52263.dat 2.027080000000000215e+00 9.448689999999999589e-01 5.952509999999999764e+02 7.089970000000000105e+00 5.667059999999999854e+04 7.529299999999999500e+02 -1.173329999999999927e+04 9.017510000000000218e+03 -1.199079999999999927e+04 -3.271190000000000146e+04 -8.709590000000000146e+03 9.391440000000000000e+06 9.970000000000000000e+06 1.138020000000000032e+01
  dtu_10mw_rwt_turb_14.0_55769.dat 8.171009999999999662e-01 9.353040000000000243e-01 4.755729999999999791e+02 7.626809999999999867e+00 5.385809999999999854e+04 -6.553010000000000218e+03 -2.077309999999999854e+04 8.314239999999999782e+03 -1.178620000000000073e+04 -3.803719999999999709e+04 -1.113179999999999927e+04 9.359140000000000000e+06 9.968100000000000000e+06 1.098339999999999961e+01
  dtu_10mw_rwt_turb_15.0_21716.dat 2.267180000000000029e-01 9.071320000000000494e-01 4.371279999999999859e+02 9.171269999999999811e+00 4.336059999999999854e+04 -1.682870000000000073e+04 -2.232290000000000146e+04 8.902090000000000146e+03 -1.316279999999999927e+04 -3.691519999999999709e+04 -9.321709999999999127e+03 9.287590000000000000e+06 9.942920000000000000e+06 1.100019999999999953e+01
  dtu_10mw_rwt_turb_15.0_40322.dat 5.377799999999999692e+00 9.450969999999999649e-01 5.461169999999999618e+02 7.314600000000000435e+00 5.732459999999999854e+04 -1.308820000000000073e+04 -1.724800000000000000e+04 8.995100000000000364e+03 -1.184300000000000000e+04 -3.117990000000000146e+04 -9.010409999999999854e+03 9.465930000000000000e+06 9.973040000000000000e+06 8.717549999999999244e+00
  dtu_10mw_rwt_turb_15.0_43619.dat 3.711450000000000138e+00 9.404139999999999722e-01 4.769039999999999964e+02 8.787449999999999761e+00 5.156290000000000146e+04 -1.063720000000000073e+04 -1.611129999999999927e+04 8.250549999999999272e+03 -1.256279999999999927e+04 -2.992179999999999927e+04 -9.576649999999999636e+03 9.305290000000000000e+06 9.944110000000000000e+06 9.707890000000000796e+00
  dtu_10mw_rwt_turb_15.0_47165.dat 2.430860000000000021e+00 9.316159999999999997e-01 4.095860000000000127e+02 7.736729999999999663e+00 4.965009999999999854e+04 -1.581489999999999964e+04 -1.907870000000000073e+04 8.254319999999999709e+03 -1.223370000000000073e+04 -3.400719999999999709e+04 -1.027300000000000000e+04 9.182450000000000000e+06 9.962460000000000000e+06 1.047519999999999918e+01
  dtu_10mw_rwt_turb_15.0_47952.dat 7.202880000000000393e+00 9.570790000000000131e-01 4.790830000000000268e+02 8.368349999999999511e+00 5.724890000000000146e+04 -2.458220000000000073e+04 -1.814200000000000000e+04 8.242579999999999927e+03 -1.189929999999999927e+04 -3.035059999999999854e+04 -1.017589999999999964e+04 9.401100000000000000e+06 9.970850000000000000e+06 1.192259999999999920e+01
  dtu_10mw_rwt_turb_15.0_50292.dat 3.814529999999999976e+00 9.431450000000000111e-01 4.391209999999999809e+02 8.687929999999999708e+00 5.026659999999999854e+04 -3.190429999999999836e+03 -1.310070000000000073e+04 8.834020000000000437e+03 -1.256050000000000000e+04 -3.168909999999999854e+04 -9.992989999999999782e+03 9.404420000000000000e+06 9.953560000000000000e+06 1.030199999999999960e+01
  dtu_10mw_rwt_turb_16.0_14324.dat 7.695750000000000313e+00 9.260829999999999895e-01 2.418930000000000007e+02 9.194990000000000663e+00 4.305800000000000000e+04 -2.627270000000000073e+04 -1.731509999999999854e+04 8.258440000000000509e+03 -1.280620000000000073e+04 -2.870829999999999927e+04 -9.442149999999999636e+03 9.290360000000000000e+06 9.951640000000000000e+06 1.311720000000000041e+01
  dtu_10mw_rwt_turb_16.0_26862.dat 8.981889999999999930e+00 9.457980000000000276e-01 4.687520000000000095e+02 8.886079999999999757e+00 5.713340000000000146e+04 -1.163270000000000073e+04 -1.383800000000000000e+04 8.990590000000000146e+03 -1.194929999999999927e+04 -2.561279999999999927e+04 -1.001570000000000073e+04 9.433880000000000000e+06 9.973780000000000000e+06 1.175530000000000008e+01
  dtu_10mw_rwt_turb_16.0_47824.dat 2.534219999999999917e+00 9.198229999999999462e-01 4.948129999999999882e+02 8.508570000000000633e+00 4.866340000000000146e+04 -1.713200000000000000e+04 -1.908779999999999927e+04 8.459829999999999927e+03 -1.221629999999999927e+04 -3.600800000000000000e+04 -8.768620000000000800e+03 9.484530000000000000e+06 9.966300000000000000e+06 1.119790000000000063e+01
  dtu_10mw_rwt_turb_16.0_51321.dat 5.459550000000000125e+00 9.027659999999999574e-01 3.651240000000000236e+02 9.987429999999999808e+00 4.236990000000000146e+04 -1.198010000000000036e+04 -1.941000000000000000e+04 8.326799999999999272e+03 -1.284989999999999964e+04 -3.201820000000000073e+04 -9.793950000000000728e+03 9.338080000000000000e+06 9.949230000000000000e+06 1.147220000000000084e+01
  dtu_10mw_rwt_turb_16.0_52263.dat 6.965959999999999930e+00 9.384599999999999609e-01 4.724230000000000018e+02 8.214560000000000528e+00 4.270900000000000000e+04 -1.174720000000000027e+03 -1.352470000000000073e+04 8.833379999999999200e+03 -1.248479999999999927e+04 -2.809579999999999927e+04 -9.993920000000000073e+03 9.302170000000000000e+06 9.952970000000000000e+06 1.280739999999999945e+01
  dtu_10mw_rwt_turb_16.0_55769.dat 5.487870000000000026e+00 9.251030000000000086e-01 3.157130000000000223e+02 8.834300000000000708e+00 4.014900000000000000e+04 -1.302910000000000036e+04 -2.289909999999999854e+04 8.246690000000000509e+03 -1.280670000000000073e+04 -3.371240000000000146e+04 -1.202270000000000073e+04 9.221100000000000000e+06 9.946610000000000000e+06 1.212299999999999933e+01
  dtu_10mw_rwt_turb_17.0_21716.dat 5.431930000000000369e+00 8.979690000000000172e-01 3.083969999999999914e+02 1.057569999999999943e+01 3.050479999999999927e+04 -1.780459999999999854e+04 -2.351700000000000000e+04 8.747350000000000364e+03 -1.408979999999999927e+04 -3.388840000000000146e+04 -1.054110000000000036e+04 9.227370000000000000e+06 9.908740000000000000e+06 1.208120000000000083e+01
  dtu_10mw_rwt_turb_17.0_40322.dat 8.757400000000000517e+00 9.426120000000000054e-01 4.357110000000000127e+02 8.461019999999999541e+00 4.109490000000000146e+04 -9.786459999999999127e+03 -1.980990000000000146e+04 8.684350000000000364e+03 -1.206139999999999964e+04 -2.777329999999999927e+04 -9.087790000000000873e+03 9.396690000000000000e+06 9.969650000000000000e+06 9.517110000000000625e+00
  dtu_10mw_rwt_turb_17.0_43619.dat 6.917469999999999786e+00 9.301770000000000316e-01 3.851109999999999900e+02 1.029669999999999952e+01 3.700409999999999854e+04 -2.326270000000000073e+04 -1.822029999999999927e+04 8.334760000000000218e+03 -1.258020000000000073e+04 -2.582340000000000146e+04 -1.090320000000000073e+04 9.221120000000000000e+06 9.953340000000000000e+06 1.096679999999999922e+01
  dtu_10mw_rwt_turb_17.0_47165.dat 5.849219999999999864e+00 9.164949999999999486e-01 2.912370000000000232e+02 9.237259999999999138e+00 4.211440000000000146e+04 -1.662720000000000073e+04 -1.864509999999999854e+04 8.000359999999999673e+03 -1.280529999999999927e+04 -3.140840000000000146e+04 -1.000329999999999927e+04 9.020160000000000000e+06 9.951140000000000000e+06 1.210440000000000005e+01
  dtu_10mw_rwt_turb_17.0_47952.dat 1.017810000000000059e+01 9.523190000000000266e-01 3.617479999999999905e+02 9.617860000000000298e+00 3.776590000000000146e+04 -3.173840000000000146e+04 -2.043990000000000146e+04 7.838279999999999745e+03 -1.211220000000000073e+04 -3.044240000000000146e+04 -1.166060000000000036e+04 9.325100000000000000e+06 9.956390000000000000e+06 1.359759999999999991e+01
  dtu_10mw_rwt_turb_17.0_50292.dat 7.717950000000000088e+00 9.284080000000000110e-01 3.258530000000000086e+02 1.013920000000000066e+01 3.961480000000000291e+04 -9.664889999999999418e+03 -1.578500000000000000e+04 8.798329999999999927e+03 -1.233239999999999964e+04 -2.693040000000000146e+04 -9.637549999999999272e+03 9.269640000000000000e+06 9.953810000000000000e+06 1.228100000000000058e+01
  dtu_10mw_rwt_turb_18.0_14324.dat 1.006250000000000000e+01 9.115469999999999962e-01 1.537630000000000052e+02 1.054279999999999973e+01 2.804840000000000146e+04 -1.811340000000000146e+04 -1.908820000000000073e+04 8.392030000000000655e+03 -1.375189999999999964e+04 -2.711129999999999927e+04 -9.996120000000000800e+03 9.256300000000000000e+06 9.919390000000000000e+06 1.413090000000000046e+01
  dtu_10mw_rwt_turb_18.0_26862.dat 1.154540000000000077e+01 9.326849999999999863e-01 3.912780000000000200e+02 1.040680000000000049e+01 4.066990000000000146e+04 -1.336250000000000000e+04 -1.463579999999999927e+04 8.609750000000000000e+03 -1.234600000000000000e+04 -2.581320000000000073e+04 -1.143489999999999964e+04 9.320240000000000000e+06 9.971740000000000000e+06 1.274179999999999957e+01
  dtu_10mw_rwt_turb_18.0_47824.dat 6.759859999999999758e+00 9.061660000000000270e-01 3.306850000000000023e+02 1.009329999999999927e+01 4.717169999999999709e+04 -1.442850000000000000e+04 -2.031229999999999927e+04 8.257270000000000437e+03 -1.289039999999999964e+04 -3.104350000000000000e+04 -9.767340000000000146e+03 9.366220000000000000e+06 9.946730000000000000e+06 1.348610000000000042e+01
  dtu_10mw_rwt_turb_18.0_51321.dat 8.757609999999999673e+00 8.856739999999999613e-01 2.875059999999999718e+02 1.100580000000000069e+01 2.862850000000000000e+04 -2.063100000000000000e+04 -2.047170000000000073e+04 7.990100000000000364e+03 -1.330300000000000000e+04 -3.088590000000000146e+04 -1.179820000000000073e+04 9.294430000000000000e+06 9.934850000000000000e+06 1.276009999999999955e+01
  dtu_10mw_rwt_turb_18.0_52263.dat 9.721220000000000638e+00 9.329720000000000235e-01 3.701270000000000095e+02 9.266730000000000800e+00 2.287090000000000146e+04 -2.329820000000000073e+04 -1.452620000000000073e+04 8.573079999999999927e+03 -1.236079999999999927e+04 -2.625600000000000000e+04 -1.009860000000000036e+04 9.252350000000000000e+06 9.959220000000000000e+06 1.376379999999999981e+01
  dtu_10mw_rwt_turb_18.0_55769.dat 8.498979999999999535e+00 9.160270000000000357e-01 2.798679999999999950e+02 1.001479999999999926e+01 1.851490000000000146e+04 -3.797950000000000000e+04 -2.421440000000000146e+04 8.005550000000000182e+03 -1.214739999999999964e+04 -2.885050000000000000e+04 -1.312539999999999964e+04 9.288100000000000000e+06 9.955670000000000000e+06 1.343200000000000038e+01
  dtu_10mw_rwt_turb_19.0_21716.dat 8.584239999999999426e+00 8.868780000000000552e-01 2.328110000000000070e+02 1.206670000000000087e+01 1.851059999999999854e+04 -2.129959999999999854e+04 -2.317590000000000146e+04 8.535149999999999636e+03 -1.410650000000000000e+04 -3.178909999999999854e+04 -1.121529999999999927e+04 9.201410000000000000e+06 9.908210000000000000e+06 1.300999999999999979e+01
  dtu_10mw_rwt_turb_19.0_40322.dat 1.153889999999999993e+01 9.379960000000000520e-01 3.169069999999999823e+02 9.662839999999999208e+00 3.161150000000000000e+04 -1.564829999999999927e+04 -2.297479999999999927e+04 8.303799999999999272e+03 -1.219220000000000073e+04 -2.767709999999999854e+04 -1.047089999999999964e+04 9.321330000000000000e+06 9.963680000000000000e+06 1.029190000000000005e+01
  dtu_10mw_rwt_turb_19.0_43619.dat 9.570970000000000866e+00 9.156549999999999967e-01 3.134730000000000132e+02 1.143280000000000030e+01 2.954700000000000000e+04 -1.356689999999999964e+04 -1.937500000000000000e+04 8.394750000000000000e+03 -1.282010000000000036e+04 -2.563820000000000073e+04 -1.104800000000000000e+04 9.149490000000000000e+06 9.951460000000000000e+06 1.193779999999999930e+01
  dtu_10mw_rwt_turb_19.0_47165.dat 8.542270000000000252e+00 9.003229999999999844e-01 2.243400000000000034e+02 1.054560000000000031e+01 3.225220000000000073e+04 -2.508490000000000146e+04 -1.781370000000000073e+04 8.015869999999999891e+03 -1.306589999999999964e+04 -2.851900000000000000e+04 -1.135950000000000000e+04 8.977650000000000000e+06 9.939490000000000000e+06 1.322020000000000017e+01
  dtu_10mw_rwt_turb_19.0_47952.dat 1.270749999999999957e+01 9.409910000000000219e-01 2.703799999999999955e+02 1.072160000000000046e+01 1.825840000000000146e+04 -3.637890000000000146e+04 -2.135290000000000146e+04 7.411850000000000364e+03 -1.220910000000000036e+04 -2.874670000000000073e+04 -1.229960000000000036e+04 9.270330000000000000e+06 9.961740000000000000e+06 1.458890000000000065e+01
  dtu_10mw_rwt_turb_19.0_50292.dat 1.062349999999999994e+01 9.144250000000000433e-01 2.607389999999999759e+02 1.137059999999999960e+01 3.153409999999999854e+04 -1.345650000000000000e+04 -1.722070000000000073e+04 8.449190000000000509e+03 -1.250360000000000036e+04 -2.793220000000000073e+04 -1.174029999999999927e+04 9.172100000000000000e+06 9.961920000000000000e+06 1.308060000000000045e+01
  dtu_10mw_rwt_turb_20.0_14324.dat 1.255509999999999948e+01 9.003130000000000299e-01 8.434999999999999432e+01 1.198129999999999917e+01 2.529600000000000000e+04 -2.392670000000000073e+04 -1.944159999999999854e+04 7.870819999999999709e+03 -1.350610000000000036e+04 -2.599590000000000146e+04 -1.061639999999999964e+04 9.122110000000000000e+06 9.935210000000000000e+06 1.456250000000000000e+01
  dtu_10mw_rwt_turb_20.0_26862.dat 1.370969999999999978e+01 9.263460000000000027e-01 3.159499999999999886e+02 1.176430000000000042e+01 2.817459999999999854e+04 -1.729679999999999927e+04 -1.758800000000000000e+04 8.157199999999999818e+03 -1.245760000000000036e+04 -2.710540000000000146e+04 -1.158979999999999927e+04 9.244880000000000000e+06 9.957640000000000000e+06 1.360219999999999985e+01
  dtu_10mw_rwt_turb_20.0_47824.dat 9.860580000000000567e+00 8.940080000000000249e-01 3.141179999999999950e+02 1.175910000000000011e+01 2.243840000000000146e+04 -2.545129999999999927e+04 -2.393770000000000073e+04 8.330809999999999491e+03 -1.226189999999999964e+04 -2.927240000000000146e+04 -1.079770000000000073e+04 9.289800000000000000e+06 9.964450000000000000e+06 1.444369999999999976e+01
  dtu_10mw_rwt_turb_20.0_51321.dat 1.156359999999999921e+01 8.700130000000000363e-01 2.040989999999999895e+02 1.210619999999999941e+01 2.292809999999999854e+04 -1.864970000000000073e+04 -2.119929999999999927e+04 8.152810000000000400e+03 -1.296850000000000000e+04 -3.072209999999999854e+04 -1.208579999999999927e+04 9.146060000000000000e+06 9.952810000000000000e+06 1.365789999999999971e+01
  dtu_10mw_rwt_turb_20.0_52263.dat 1.205860000000000021e+01 9.225109999999999699e-01 3.151129999999999995e+02 1.029870000000000019e+01 2.923290000000000146e+04 -2.055709999999999854e+04 -1.848900000000000000e+04 8.545020000000000437e+03 -1.279920000000000073e+04 -2.524400000000000000e+04 -1.061079999999999927e+04 9.148740000000000000e+06 9.947500000000000000e+06 1.473399999999999999e+01
  dtu_10mw_rwt_turb_20.0_55769.dat 1.095279999999999987e+01 9.152050000000000463e-01 2.031589999999999918e+02 1.122269999999999968e+01 1.719470000000000073e+04 -2.750390000000000146e+04 -2.777209999999999854e+04 7.869909999999999854e+03 -1.368260000000000036e+04 -2.797570000000000073e+04 -1.284120000000000073e+04 9.053620000000000000e+06 9.918240000000000000e+06 1.384859999999999935e+01
  dtu_10mw_rwt_turb_21.0_21716.dat 1.123709999999999987e+01 8.651370000000000449e-01 2.213720000000000141e+02 1.321860000000000035e+01 9.601579999999999927e+03 -2.236620000000000073e+04 -2.713450000000000000e+04 8.520030000000000655e+03 -1.565229999999999927e+04 -2.863359999999999854e+04 -1.278839999999999964e+04 9.210050000000000000e+06 9.805250000000000000e+06 1.368200000000000038e+01
  dtu_10mw_rwt_turb_21.0_40322.dat 1.362529999999999930e+01 9.271099999999999897e-01 2.466699999999999875e+02 1.080219999999999914e+01 1.907659999999999854e+04 -1.419339999999999964e+04 -2.420700000000000000e+04 7.782760000000000218e+03 -1.328160000000000036e+04 -2.788740000000000146e+04 -1.275010000000000036e+04 9.232610000000000000e+06 9.932800000000000000e+06 1.134290000000000020e+01
  dtu_10mw_rwt_turb_21.0_43619.dat 1.191280000000000072e+01 9.038359999999999728e-01 2.452160000000000082e+02 1.246749999999999936e+01 1.488029999999999927e+04 -1.610770000000000073e+04 -1.986090000000000146e+04 8.086819999999999709e+03 -1.313979999999999927e+04 -2.372500000000000000e+04 -1.293489999999999964e+04 9.024150000000000000e+06 9.947510000000000000e+06 1.272589999999999932e+01
  dtu_10mw_rwt_turb_21.0_47165.dat 1.103730000000000011e+01 8.799649999999999972e-01 1.459919999999999902e+02 1.182610000000000028e+01 2.744209999999999854e+04 -2.122940000000000146e+04 -1.876450000000000000e+04 8.296799999999999272e+03 -1.446189999999999964e+04 -2.606540000000000146e+04 -1.362270000000000073e+04 8.820340000000000000e+06 9.897760000000000000e+06 1.410929999999999929e+01
  dtu_10mw_rwt_turb_21.0_47952.dat 1.500670000000000037e+01 9.308389999999999720e-01 1.954699999999999989e+02 1.192500000000000071e+01 5.134260000000000218e+03 -2.709070000000000073e+04 -2.283720000000000073e+04 7.516939999999999600e+03 -1.290529999999999927e+04 -2.643529999999999927e+04 -1.251179999999999927e+04 9.117930000000000000e+06 9.941300000000000000e+06 1.473399999999999999e+01
  dtu_10mw_rwt_turb_21.0_50292.dat 1.286289999999999978e+01 9.033870000000000511e-01 2.294950000000000045e+02 1.258869999999999933e+01 2.887350000000000000e+04 -6.970439999999999600e+03 -1.636739999999999964e+04 7.851390000000000327e+03 -1.252210000000000036e+04 -2.756829999999999927e+04 -1.310639999999999964e+04 9.030000000000000000e+06 9.959790000000000000e+06 1.391590000000000060e+01
  dtu_10mw_rwt_turb_22.0_14324.dat 1.456600000000000072e+01 8.819190000000000085e-01 1.689120000000000132e+01 1.346310000000000073e+01 1.225629999999999927e+04 -4.740859999999999854e+04 -2.355070000000000073e+04 7.595039999999999964e+03 -1.387970000000000073e+04 -2.697690000000000146e+04 -1.253850000000000000e+04 9.037400000000000000e+06 9.923930000000000000e+06 1.516600000000000037e+01
  dtu_10mw_rwt_turb_22.0_26862.dat 1.580610000000000070e+01 9.074820000000000109e-01 2.143880000000000052e+02 1.294710000000000072e+01 1.878900000000000000e+04 -1.705800000000000000e+04 -1.788500000000000000e+04 7.907319999999999709e+03 -1.284779999999999927e+04 -2.760000000000000000e+04 -1.384750000000000000e+04 9.138610000000000000e+06 9.954650000000000000e+06 1.419790000000000063e+01
  dtu_10mw_rwt_turb_22.0_47824.dat 1.246010000000000062e+01 8.835769999999999458e-01 1.981690000000000111e+02 1.346260000000000012e+01 2.317459999999999854e+04 -7.289390000000000327e+03 -2.543459999999999854e+04 8.270000000000000000e+03 -1.334229999999999927e+04 -2.781450000000000000e+04 -1.140470000000000073e+04 9.210140000000000000e+06 9.939070000000000000e+06 1.545470000000000077e+01
  dtu_10mw_rwt_turb_22.0_51321.dat 1.414579999999999949e+01 8.573030000000000372e-01 1.852110000000000127e+02 1.330450000000000088e+01 1.247829999999999927e+04 -3.027900000000000000e+04 -2.309620000000000073e+04 7.315989999999999782e+03 -1.498629999999999927e+04 -3.139300000000000000e+04 -1.324039999999999964e+04 9.107200000000000000e+06 9.917300000000000000e+06 1.480680000000000085e+01
  dtu_10mw_rwt_turb_22.0_52263.dat 1.405780000000000030e+01 9.185670000000000224e-01 1.998259999999999934e+02 1.132349999999999923e+01 1.302350000000000000e+04 -3.867709999999999854e+04 -1.748509999999999854e+04 8.215780000000000655e+03 -1.246029999999999927e+04 -2.569959999999999854e+04 -1.193120000000000073e+04 9.092720000000000000e+06 9.954480000000000000e+06 1.556859999999999999e+01
  dtu_10mw_rwt_turb_22.0_55769.dat 1.323949999999999960e+01 8.953809999999999825e-01 6.590569999999999595e+01 1.248820000000000086e+01 2.192889999999999873e+03 -4.367759999999999854e+04 -2.730990000000000146e+04 7.831350000000000364e+03 -1.356800000000000000e+04 -2.790790000000000146e+04 -1.445220000000000073e+04 9.149960000000000000e+06 9.923800000000000000e+06 1.491520000000000046e+01
  dtu_10mw_rwt_turb_23.0_21716.dat 1.353240000000000087e+01 8.424300000000000122e-01 1.472139999999999986e+02 1.443430000000000035e+01 1.150579999999999927e+03 -3.513350000000000000e+04 -2.847859999999999854e+04 8.208549999999999272e+03 -1.396539999999999964e+04 -2.663900000000000000e+04 -1.399160000000000036e+04 9.158750000000000000e+06 9.937820000000000000e+06 1.479470000000000063e+01
  dtu_10mw_rwt_turb_23.0_40322.dat 1.564540000000000042e+01 9.206550000000000011e-01 1.335229999999999961e+02 1.197569999999999979e+01 1.425479999999999927e+04 -2.745309999999999854e+04 -2.863309999999999854e+04 8.004289999999999964e+03 -1.264070000000000073e+04 -2.860420000000000073e+04 -1.423979999999999927e+04 9.134230000000000000e+06 9.956970000000000000e+06 1.157740000000000080e+01
  dtu_10mw_rwt_turb_23.0_43619.dat 1.438690000000000069e+01 8.931900000000000395e-01 1.827899999999999920e+02 1.359029999999999916e+01 9.903250000000000000e+03 -2.260470000000000073e+04 -1.988979999999999927e+04 7.934000000000000000e+03 -1.273220000000000073e+04 -2.213570000000000073e+04 -1.352179999999999927e+04 9.000120000000000000e+06 9.958610000000000000e+06 1.420459999999999923e+01
  dtu_10mw_rwt_turb_23.0_47165.dat 1.335779999999999923e+01 8.648989999999999734e-01 1.039050000000000011e+02 1.315179999999999971e+01 1.347979999999999927e+04 -2.511340000000000146e+04 -2.016300000000000000e+04 8.521090000000000146e+03 -1.545589999999999964e+04 -2.665679999999999927e+04 -1.213539999999999964e+04 8.761570000000000000e+06 9.863260000000000000e+06 1.467469999999999963e+01
  dtu_10mw_rwt_turb_23.0_47952.dat 1.709400000000000119e+01 9.230420000000000291e-01 1.666150000000000091e+02 1.326469999999999949e+01 1.893210000000000036e+03 -5.512040000000000146e+04 -2.468650000000000000e+04 6.774060000000000400e+03 -1.237550000000000000e+04 -2.651270000000000073e+04 -1.495879999999999927e+04 9.106390000000000000e+06 9.958200000000000000e+06 1.553009999999999913e+01
  dtu_10mw_rwt_turb_23.0_50292.dat 1.518299999999999983e+01 8.874819999999999931e-01 1.342889999999999873e+02 1.384029999999999916e+01 1.616479999999999927e+04 -2.544579999999999927e+04 -1.978479999999999927e+04 8.241170000000000073e+03 -1.383160000000000036e+04 -2.724950000000000000e+04 -1.360789999999999964e+04 8.971620000000000000e+06 9.935900000000000000e+06 1.471930000000000049e+01
  dtu_10mw_rwt_turb_24.0_14324.dat 1.661949999999999861e+01 8.644899999999999807e-01 -2.130279999999999951e+00 1.508120000000000083e+01 6.002750000000000000e+03 -3.214279999999999927e+04 -2.337120000000000073e+04 8.046600000000000364e+03 -1.534689999999999964e+04 -2.607890000000000146e+04 -1.249060000000000036e+04 9.017480000000000000e+06 9.850840000000000000e+06 1.587429999999999986e+01
  dtu_10mw_rwt_turb_24.0_26862.dat 1.765810000000000102e+01 8.978300000000000169e-01 1.755459999999999923e+02 1.400929999999999964e+01 -2.296499999999999986e+00 -2.885850000000000000e+04 -1.657179999999999927e+04 7.346390000000000327e+03 -1.270950000000000000e+04 -2.736590000000000146e+04 -1.461320000000000073e+04 9.042210000000000000e+06 9.955040000000000000e+06 1.514119999999999955e+01
  dtu_10mw_rwt_turb_24.0_47824.dat 1.474109999999999943e+01 8.717869999999999786e-01 6.070669999999999789e+01 1.481969999999999921e+01 1.699970000000000073e+04 -3.068140000000000146e+04 -2.290229999999999927e+04 7.917239999999999782e+03 -1.317260000000000036e+04 -2.726140000000000146e+04 -1.193200000000000000e+04 9.035280000000000000e+06 9.947050000000000000e+06 1.556540000000000035e+01
  dtu_10mw_rwt_turb_24.0_51321.dat 1.629200000000000159e+01 8.427999999999999936e-01 1.009819999999999993e+02 1.471860000000000035e+01 1.253670000000000073e+03 -2.485129999999999927e+04 -2.319029999999999927e+04 7.616659999999999854e+03 -1.336320000000000073e+04 -3.298119999999999709e+04 -1.331439999999999964e+04 8.976910000000000000e+06 9.945040000000000000e+06 1.514390000000000036e+01
  dtu_10mw_rwt_turb_24.0_52263.dat 1.604670000000000130e+01 9.002989999999999604e-01 1.735140000000000100e+02 1.237069999999999936e+01 -9.533500000000000000e+03 -2.947459999999999854e+04 -2.023090000000000146e+04 7.876159999999999854e+03 -1.304070000000000073e+04 -2.657759999999999854e+04 -1.284589999999999964e+04 9.031860000000000000e+06 9.941560000000000000e+06 1.581460000000000043e+01
  dtu_10mw_rwt_turb_24.0_55769.dat 1.541200000000000081e+01 8.823339999999999517e-01 5.758619999999999806e+01 1.378829999999999956e+01 -1.049979999999999927e+04 -3.650509999999999854e+04 -2.760879999999999927e+04 7.793500000000000000e+03 -1.334079999999999927e+04 -2.852009999999999854e+04 -1.578029999999999927e+04 9.000830000000000000e+06 9.932110000000000000e+06 1.567070000000000007e+01
   dtu_10mw_rwt_turb_5.0_21716.dat 2.661910000000000109e-01 6.191689999999999694e-01 1.579809999999999945e+02 1.776729999999999920e+00 -1.125110000000000036e+04 -1.164279999999999927e+04 -1.133970000000000073e+04 1.793820000000000050e+02 -3.280219999999999800e+03 -1.286260000000000036e+04 -9.163950000000000728e+03 4.608220000000000000e+05 2.884500000000000000e+05 1.491370000000000040e+01
   dtu_10mw_rwt_turb_5.0_40322.dat -6.805179999999999649e-04 6.222090000000000121e-01 1.747259999999999991e+02 1.205419999999999936e+00 -1.463339999999999964e+04 -6.520380000000000109e+03 -1.054339999999999964e+04 3.715710000000000264e+02 -2.761780000000000200e+03 -1.326120000000000073e+04 -8.656979999999999563e+03 4.839100000000000000e+05 3.031330000000000000e+05 1.462129999999999974e+01
   dtu_10mw_rwt_turb_5.0_43619.dat -1.258519999999999951e-03 6.197110000000000118e-01 1.653870000000000005e+02 1.075599999999999890e+00 -2.811279999999999927e+04 -1.054529999999999927e+04 -1.085889999999999964e+04 1.289099999999999966e+02 -4.586090000000000146e+03 -1.704559999999999854e+04 -9.293309999999999491e+03 5.007520000000000000e+05 3.128650000000000000e+05 1.439509999999999934e+01
   dtu_10mw_rwt_turb_5.0_47165.dat -1.594879999999999909e-03 6.222969999999999891e-01 1.645929999999999893e+02 1.723100000000000076e+00 -3.187809999999999854e+04 -1.058250000000000000e+04 -1.184689999999999964e+04 2.682219999999999800e+02 -2.558010000000000218e+03 -1.480339999999999964e+04 -8.922920000000000073e+03 4.755310000000000000e+05 2.975650000000000000e+05 1.450919999999999987e+01
   dtu_10mw_rwt_turb_5.0_47952.dat -1.157789999999999904e-03 6.225840000000000263e-01 1.358110000000000070e+02 1.756050000000000111e+00 -1.315960000000000036e+04 -1.294020000000000073e+04 -1.207439999999999964e+04 2.783039999999999736e+02 -2.134989999999999782e+03 -1.390329999999999927e+04 -8.957799999999999272e+03 4.450840000000000000e+05 2.788020000000000000e+05 1.507980000000000054e+01
   dtu_10mw_rwt_turb_5.0_50292.dat -4.605079999999999894e-04 6.216629999999999656e-01 1.203760000000000048e+02 1.216450000000000031e+00 -2.492100000000000000e+04 -1.326579999999999927e+04 -9.732100000000000364e+03 -1.314439999999999884e+02 -3.113010000000000218e+03 -1.462879999999999927e+04 -9.070770000000000437e+03 1.940550000000000000e+05 1.216760000000000000e+05 1.405930000000000035e+01
   dtu_10mw_rwt_turb_6.0_14324.dat -1.423840000000000001e-03 6.157310000000000283e-01 3.614529999999999745e+02 3.835550000000000015e+00 -1.300820000000000073e+04 -1.447379999999999927e+04 -9.399360000000000582e+03 1.852869999999999891e+03 -5.119590000000000146e+03 -1.896659999999999854e+04 -8.375059999999999491e+03 1.930350000000000000e+06 1.207550000000000000e+06 1.412700000000000067e+01
   dtu_10mw_rwt_turb_6.0_26862.dat -1.920049999999999969e-03 6.193689999999999474e-01 3.357379999999999995e+02 3.309070000000000178e+00 -2.742000000000000000e+03 -1.146200000000000000e+04 -1.141389999999999964e+04 1.400549999999999955e+03 -5.128319999999999709e+03 -1.702529999999999927e+04 -8.705399999999999636e+03 1.385570000000000000e+06 8.626740000000000000e+05 1.324559999999999960e+01
   dtu_10mw_rwt_turb_6.0_47824.dat -1.298200000000000005e-03 6.210299999999999709e-01 9.358490000000000464e+01 1.397080000000000100e+00 -4.323409999999999854e+04 -1.199329999999999927e+04 -1.179150000000000000e+04 1.284590000000000032e+02 -2.945869999999999891e+03 -1.535029999999999927e+04 -8.813770000000000437e+03 1.222810000000000000e+05 7.658680000000000291e+04 1.399920000000000009e+01
   dtu_10mw_rwt_turb_6.0_51321.dat -3.262199999999999822e-03 6.156110000000000193e-01 2.479639999999999986e+02 2.481809999999999850e+00 -8.054850000000000364e+03 -1.110839999999999964e+04 -1.171000000000000000e+04 1.374269999999999982e+03 -5.914069999999999709e+03 -1.855870000000000073e+04 -9.222629999999999200e+03 1.080610000000000000e+06 6.752530000000000000e+05 1.344420000000000037e+01
   dtu_10mw_rwt_turb_6.0_52263.dat -2.228200000000000059e-03 6.216610000000000191e-01 2.519770000000000039e+02 1.652079999999999993e+00 -1.540339999999999964e+04 -1.128320000000000073e+04 -9.782739999999999782e+03 1.023690000000000055e+03 -4.164979999999999563e+03 -1.525139999999999964e+04 -8.787149999999999636e+03 9.490020000000000000e+05 5.924250000000000000e+05 1.389649999999999963e+01
   dtu_10mw_rwt_turb_6.0_55769.dat -1.988349999999999840e-03 6.176310000000000411e-01 2.713299999999999841e+02 2.752679999999999794e+00 -1.924270000000000073e+04 -2.286620000000000073e+04 -1.325650000000000000e+04 1.410660000000000082e+03 -5.548470000000000255e+03 -1.997500000000000000e+04 -9.136770000000000437e+03 1.445290000000000000e+06 8.992700000000000000e+05 1.302650000000000041e+01
   dtu_10mw_rwt_turb_7.0_21716.dat -2.050650000000000216e-03 6.130170000000000341e-01 3.938899999999999864e+02 3.581490000000000062e+00 9.612110000000000582e+03 -1.649709999999999854e+04 -1.211070000000000073e+04 1.750089999999999918e+03 -7.102560000000000400e+03 -2.140979999999999927e+04 -9.011579999999999927e+03 1.646650000000000000e+06 1.025770000000000000e+06 1.300159999999999982e+01
   dtu_10mw_rwt_turb_7.0_40322.dat -2.217080000000000179e-03 6.209810000000000052e-01 3.106899999999999977e+02 2.355179999999999829e+00 -1.040439999999999964e+04 -1.207710000000000036e+04 -1.070460000000000036e+04 2.088659999999999854e+03 -6.056560000000000400e+03 -1.826170000000000073e+04 -8.716360000000000582e+03 2.003090000000000000e+06 1.246880000000000000e+06 1.350079999999999991e+01
   dtu_10mw_rwt_turb_7.0_43619.dat -2.408159999999999901e-03 6.167110000000000092e-01 3.186650000000000205e+02 1.936250000000000027e+00 -2.175979999999999927e+04 -1.713840000000000146e+04 -1.122800000000000000e+04 1.645250000000000000e+03 -8.046029999999999745e+03 -2.466520000000000073e+04 -8.932959999999999127e+03 1.638550000000000000e+06 1.019160000000000000e+06 1.252350000000000030e+01
   dtu_10mw_rwt_turb_7.0_47165.dat -1.705399999999999928e-03 6.143619999999999637e-01 3.237699999999999818e+02 2.392259999999999831e+00 -1.685609999999999854e+04 -2.662529999999999927e+04 -1.319900000000000000e+04 1.263349999999999909e+03 -5.769159999999999854e+03 -1.973709999999999854e+04 -8.858979999999999563e+03 1.737910000000000000e+06 1.082410000000000000e+06 1.289010000000000034e+01
   dtu_10mw_rwt_turb_7.0_47952.dat -2.105999999999999799e-03 6.162499999999999645e-01 3.748269999999999982e+02 3.181119999999999948e+00 2.934420000000000073e+03 -2.059379999999999927e+04 -1.053350000000000000e+04 1.888299999999999955e+03 -5.246199999999999818e+03 -1.765979999999999927e+04 -8.946579999999999927e+03 2.102180000000000000e+06 1.315390000000000000e+06 1.368060000000000009e+01
   dtu_10mw_rwt_turb_7.0_50292.dat -1.558899999999999999e-03 6.157740000000000435e-01 2.632029999999999745e+02 2.617550000000000043e+00 -7.156359999999999673e+03 -1.682540000000000146e+04 -9.563260000000000218e+03 8.267359999999999900e+02 -6.636539999999999964e+03 -2.117850000000000000e+04 -9.103870000000000800e+03 1.264270000000000000e+06 7.913240000000000000e+05 1.241080000000000005e+01
   dtu_10mw_rwt_turb_8.0_14324.dat -1.425419999999999942e-03 6.240179999999999616e-01 6.003619999999999663e+02 4.636110000000000397e+00 9.893239999999999554e+02 -2.041900000000000000e+04 -1.003660000000000036e+04 4.408979999999999563e+03 -8.427950000000000728e+03 -2.726559999999999854e+04 -7.920960000000000036e+03 4.360300000000000000e+06 2.722510000000000000e+06 1.286129999999999995e+01
   dtu_10mw_rwt_turb_8.0_26862.dat -2.374189999999999981e-03 6.213300000000000489e-01 5.747390000000000327e+02 4.650339999999999918e+00 5.785300000000000182e+03 -1.725350000000000000e+04 -1.116500000000000000e+04 4.169479999999999563e+03 -8.353600000000000364e+03 -2.477540000000000146e+04 -8.764360000000000582e+03 3.901600000000000000e+06 2.431970000000000000e+06 1.157060000000000066e+01
   dtu_10mw_rwt_turb_8.0_47824.dat -1.335280000000000104e-03 6.167650000000000077e-01 2.550229999999999961e+02 3.259149999999999991e+00 -2.961700000000000000e+04 -1.992909999999999854e+04 -1.081600000000000000e+04 1.345309999999999945e+03 -5.930720000000000255e+03 -2.043209999999999854e+04 -8.725399999999999636e+03 1.146880000000000000e+06 7.159810000000000000e+05 1.309140000000000015e+01
   dtu_10mw_rwt_turb_8.0_51321.dat -2.030189999999999859e-03 6.159109999999999863e-01 4.466739999999999782e+02 3.462299999999999933e+00 5.686659999999999854e+03 -1.987670000000000073e+04 -1.440429999999999927e+04 3.091820000000000164e+03 -1.007120000000000073e+04 -2.705140000000000146e+04 -9.490909999999999854e+03 2.827460000000000000e+06 1.758170000000000000e+06 1.097860000000000014e+01
   dtu_10mw_rwt_turb_8.0_52263.dat -2.640379999999999897e-03 6.171370000000000466e-01 4.499580000000000268e+02 3.371459999999999901e+00 4.303880000000000109e+03 -1.997870000000000073e+04 -1.047000000000000000e+04 2.950630000000000109e+03 -7.812970000000000255e+03 -2.259040000000000146e+04 -8.948579999999999927e+03 2.757120000000000000e+06 1.710810000000000000e+06 1.164600000000000080e+01
   dtu_10mw_rwt_turb_8.0_55769.dat -9.930839999999999806e-04 6.194990000000000219e-01 4.418469999999999800e+02 3.904650000000000176e+00 4.583279999999999745e+03 -2.372340000000000146e+04 -1.389939999999999964e+04 4.004420000000000073e+03 -9.027319999999999709e+03 -2.940950000000000000e+04 -9.465959999999999127e+03 3.238930000000000000e+06 2.004180000000000000e+06 1.059600000000000009e+01
   dtu_10mw_rwt_turb_9.0_21716.dat 4.797210000000000103e-05 6.188879999999999937e-01 5.079049999999999727e+02 4.963860000000000383e+00 1.750870000000000073e+04 -1.087800000000000000e+04 -1.459110000000000036e+04 3.927309999999999945e+03 -1.152610000000000036e+04 -3.219729999999999927e+04 -9.730739999999999782e+03 3.264740000000000000e+06 2.021890000000000000e+06 1.005630000000000024e+01
   dtu_10mw_rwt_turb_9.0_40322.dat -3.432539999999999984e-03 6.235249999999999959e-01 5.301639999999999873e+02 3.665270000000000028e+00 1.003089999999999964e+04 -1.047989999999999964e+04 -1.024329999999999927e+04 4.791640000000000327e+03 -9.666709999999999127e+03 -2.719450000000000000e+04 -8.676569999999999709e+03 4.633500000000000000e+06 2.899540000000000000e+06 1.120989999999999931e+01
   dtu_10mw_rwt_turb_9.0_43619.dat -9.052710000000000271e-03 6.198660000000000281e-01 5.388049999999999500e+02 3.561430000000000096e+00 1.158000000000000000e+04 -1.971320000000000073e+04 -1.194520000000000073e+04 4.009070000000000164e+03 -1.154379999999999927e+04 -3.602869999999999709e+04 -9.474750000000000000e+03 3.790220000000000000e+06 2.353880000000000000e+06 9.651080000000000325e+00
   dtu_10mw_rwt_turb_9.0_47165.dat -2.494459999999999993e-03 6.214920000000000444e-01 5.403289999999999509e+02 3.315700000000000092e+00 1.104910000000000036e+04 -1.677359999999999854e+04 -1.733770000000000073e+04 3.908570000000000164e+03 -9.580010000000000218e+03 -3.103420000000000073e+04 -8.969190000000000509e+03 3.967190000000000000e+06 2.463640000000000000e+06 1.065450000000000053e+01
   dtu_10mw_rwt_turb_9.0_47952.dat 4.790649999999999949e-05 6.367789999999999839e-01 6.382409999999999854e+02 4.639619999999999855e+00 3.325469999999999709e+04 -1.204170000000000073e+04 -1.123670000000000073e+04 4.721100000000000364e+03 -8.488819999999999709e+03 -2.556879999999999927e+04 -9.142600000000000364e+03 5.038500000000000000e+06 3.201650000000000000e+06 1.182310000000000016e+01
   dtu_10mw_rwt_turb_9.0_50292.dat -2.394900000000000154e-03 6.180290000000000505e-01 5.011700000000000159e+02 3.979130000000000056e+00 1.696029999999999927e+04 -1.483720000000000073e+04 -8.195790000000000873e+03 3.097880000000000109e+03 -1.113310000000000036e+04 -3.276029999999999927e+04 -8.587809999999999491e+03 3.330230000000000000e+06 2.075160000000000000e+06 9.882410000000000139e+00
