Statistics: del4. Generated: 11/11/2020 08:38:31. No. files: 120.
                              File                       4                      10                      13                      15                      19                      20                      22                      23                      27                      28                      29                      72                     102                     110
  dtu_10mw_rwt_turb_10.0_14324.dat 3.351422034179431519e-01 6.473905040996112692e-02 2.475679187956721421e+02 2.709004462992020912e+00 4.182361479223469360e+04 1.477990615519014500e+04 1.008043946502828294e+04 1.548050377346316054e+03 1.329109720759323864e+03 9.160756643162441833e+03 1.182264504763619516e+04 9.697085153233696474e+05 1.285607365143331699e+06 4.897665492888435068e+01
  dtu_10mw_rwt_turb_10.0_26862.dat 6.138268975709934017e-01 7.042312548839223252e-02 2.217260102677338693e+02 2.520420407443428878e+00 3.599248366450649337e+04 1.139760672168820747e+04 8.738995796147948568e+03 1.454421219160919009e+03 1.302465676813046457e+03 8.274798842823913219e+03 1.148428809539690337e+04 1.041360543813963537e+06 1.366739939835445490e+06 5.014146490620581176e+01
  dtu_10mw_rwt_turb_10.0_47824.dat 1.287969799669948512e-01 4.893273483982143318e-02 1.994329427901970746e+02 2.235997965393474285e+00 5.900880403875692718e+04 2.124731956129927858e+04 7.499178080192035850e+03 1.604685132828434234e+03 1.460524260541614240e+03 7.604387290487029532e+03 1.123518490837147692e+04 1.367883583735885797e+06 1.264198336116944207e+06 4.734950323837659170e+01
  dtu_10mw_rwt_turb_10.0_51321.dat 1.630489965932991669e+00 8.621045106958584447e-02 2.847748565981689808e+02 3.219009985149243747e+00 4.742097622096059786e+04 1.380050249053583138e+04 1.040717182522422991e+04 1.887678733485370230e+03 1.454114236025054197e+03 9.262554905187935219e+03 1.189880097111880241e+04 1.309299723312725779e+06 1.604680561144021805e+06 4.987718443825277603e+01
  dtu_10mw_rwt_turb_10.0_52263.dat 9.662214398082487332e-02 6.875334355776285822e-02 2.484319626550627049e+02 2.669099762259061315e+00 4.323349960773805651e+04 9.494480854966510378e+03 8.666501603868426173e+03 1.947653589978565606e+03 1.446098320212697899e+03 7.832822510713443080e+03 1.164659438414715623e+04 1.341439335861590225e+06 1.649769728301061317e+06 4.853049815892531882e+01
  dtu_10mw_rwt_turb_10.0_55769.dat 1.140972859253117866e+00 8.659302800596915817e-02 3.048010692236116483e+02 2.805759414456467038e+00 4.636211399556051038e+04 1.630907044395266530e+04 1.121038413493130793e+04 1.717370538323357096e+03 1.405326896608654124e+03 1.035233452046941238e+04 1.263697163810472921e+04 1.177673384815976257e+06 1.504680276204168098e+06 5.008156892009098726e+01
  dtu_10mw_rwt_turb_11.0_21716.dat 1.930324481005518233e+00 8.310731970421586512e-02 2.977357251010330970e+02 2.846857416883515679e+00 4.721641613377766771e+04 1.721554220286800410e+04 1.335755091171413005e+04 1.646600366030360647e+03 2.013382290934812318e+03 1.001669086992245138e+04 1.221087952201321423e+04 1.182369978558062343e+06 1.475554315439177677e+06 5.047298506673655538e+01
  dtu_10mw_rwt_turb_11.0_40322.dat 1.595102618896759417e+00 6.470534673447929375e-02 2.577681549810690740e+02 2.634408728151627077e+00 3.960093316235940438e+04 1.074345135506351107e+04 1.055835533074243358e+04 1.335572664894029003e+03 1.042616144712130790e+03 8.810053060397507579e+03 1.167463932612467397e+04 8.548047038744784659e+05 1.145763565076568164e+06 5.089099923825995830e+01
  dtu_10mw_rwt_turb_11.0_43619.dat 1.810933148592442476e+00 7.614344643412736258e-02 2.796776537729853089e+02 3.165012874105849860e+00 4.280192433609338332e+04 1.329104525630919670e+04 1.321021775703012099e+04 1.779672438865924505e+03 2.296661455638296502e+03 1.074729472253287167e+04 1.231165300951359859e+04 1.039316509990510764e+06 1.350406289035600144e+06 5.059369635809033383e+01
  dtu_10mw_rwt_turb_11.0_47165.dat 1.600490905850231682e+00 8.294278573259601661e-02 2.982410171058090782e+02 3.292163377697463478e+00 4.689506094941708579e+04 1.449994767931962451e+04 1.193281236475057995e+04 1.644349379586077930e+03 1.629168913356034636e+03 1.053019573137165389e+04 1.166902264015832043e+04 1.058055665460692020e+06 1.377736443767600227e+06 5.055816664827013085e+01
  dtu_10mw_rwt_turb_11.0_47952.dat 1.215229212367183870e-02 4.050161336105855686e-02 2.109871513527597244e+02 2.979216985950514651e+00 3.843340975761893787e+04 1.076916000268781136e+04 1.169136622208817789e+04 1.542454451528255277e+03 3.071954388438705791e+03 9.575015626187909220e+03 1.235145111066292156e+04 7.514775978155492339e+05 9.528437148469579406e+05 5.050839535259083846e+01
  dtu_10mw_rwt_turb_11.0_50292.dat 1.675869576335478950e+00 8.420303568998732668e-02 2.948231910219154770e+02 2.901251205103434927e+00 4.317797207431606512e+04 1.272203003290623383e+04 9.155426254710890134e+03 1.748754430842532201e+03 1.280475862537687362e+03 9.583627947603543362e+03 1.201068020854912174e+04 1.139756286579063861e+06 1.469690002989611588e+06 4.944697282626218993e+01
  dtu_10mw_rwt_turb_12.0_14324.dat 2.643996109254362459e+00 3.267758337532556540e-02 3.467019214449879883e+02 3.212913904764742590e+00 4.221778594879092270e+04 1.840688502568066178e+04 1.182325448991471785e+04 1.438407117356287245e+03 3.912639328278933590e+03 1.113972917913744459e+04 1.215301505312240806e+04 5.585131211919389898e+05 2.067675250708797248e+05 5.118555413024714085e+01
  dtu_10mw_rwt_turb_12.0_26862.dat 2.267382510694116338e+00 4.018239655446263769e-02 2.668851183356088086e+02 2.993836645479096781e+00 3.755507966696347285e+04 1.706470778322749902e+04 1.026083760016321867e+04 1.125344663262808808e+03 9.547477623192306737e+02 9.477091223959532726e+03 1.193414958767481767e+04 3.541143108488498256e+05 3.533623793791722856e+05 5.112549962450301422e+01
  dtu_10mw_rwt_turb_12.0_47824.dat 1.270190947207413767e+00 8.690373126679637461e-02 2.742242310468773780e+02 2.601993044354778295e+00 4.307582813495305163e+04 1.270750435450249824e+04 9.500203642347942150e+03 1.592018174768649260e+03 1.371332847545279492e+03 9.375963010762565318e+03 1.197922268977364001e+04 1.198777683432907332e+06 1.511112742403517244e+06 5.076530873840004432e+01
  dtu_10mw_rwt_turb_12.0_51321.dat 2.799174307146227836e+00 6.481566524164598941e-02 3.065057212186009110e+02 3.611740419399516178e+00 4.052876639458123827e+04 1.317187405724858581e+04 1.219316690852927968e+04 1.370925661849016933e+03 1.674014007966715326e+03 1.091247125553926526e+04 1.222275604623406616e+04 7.074576408203409519e+05 9.248250236025967170e+05 5.115541727389767601e+01
  dtu_10mw_rwt_turb_12.0_52263.dat 2.326491561164954369e+00 6.363954688969807039e-02 2.889087119630722782e+02 3.124790578060276491e+00 4.037574396814336797e+04 1.895127146120798352e+04 1.101077994670104636e+04 1.415496089854880211e+03 1.093144805866757451e+03 9.363673363839367084e+03 1.211995984765059075e+04 6.466586319615667453e+05 8.766569533834601752e+05 5.103104405959459910e+01
  dtu_10mw_rwt_turb_12.0_55769.dat 2.493658262552117311e+00 5.787343939170446622e-02 3.322407506244791762e+02 3.247360502526005277e+00 4.448247815589194215e+04 2.587439350380986070e+04 1.284563910753492746e+04 1.708375673933672715e+03 1.192119097878371804e+03 1.254316047927188083e+04 1.289901795252956254e+04 5.687863268063614378e+05 7.738932569351694547e+05 5.101376883745402324e+01
  dtu_10mw_rwt_turb_13.0_21716.dat 2.780399254845711265e+00 5.565617342723266914e-02 3.245504609571187302e+02 3.352388152447703273e+00 4.447591023112035327e+04 2.127636678937192119e+04 1.427091395118669971e+04 1.558708378102743154e+03 3.866921270432058463e+03 1.109148131668368660e+04 1.266846746468335914e+04 7.178318704274515621e+05 8.585000913655678742e+05 5.040644173473855716e+01
  dtu_10mw_rwt_turb_13.0_40322.dat 2.357230651169848645e+00 2.616692507130849096e-02 2.754004249099469916e+02 3.069205610707046006e+00 3.522263285414723941e+04 1.396254316930622372e+04 1.213823244807861738e+04 1.187404502999633678e+03 1.411551484896427610e+03 1.011138878289855711e+04 1.205917587017417100e+04 2.998274451303206733e+05 4.237524235911029245e+04 5.100699224977591939e+01
  dtu_10mw_rwt_turb_13.0_43619.dat 2.804801697699377705e+00 4.600526967492489516e-02 3.072769207549865769e+02 3.591057954621613035e+00 4.329484792577722692e+04 1.246730470744361082e+04 1.398323408816769916e+04 1.381552243706632453e+03 2.037268296739545804e+03 1.157328666957927271e+04 1.265679583616630225e+04 4.539924178017097292e+05 4.009458109334585024e+05 5.092994226407250835e+01
  dtu_10mw_rwt_turb_13.0_47165.dat 2.789138974589006281e+00 4.507160996918456453e-02 3.356188747510277040e+02 3.743513810632931982e+00 4.360000536162592471e+04 1.445677469456133622e+04 1.321090412882312194e+04 1.374971392971856176e+03 2.062041461778118901e+03 1.187176508552256200e+04 1.227116295353232272e+04 4.589694537699842476e+05 3.214708558818282327e+05 5.073315874734143449e+01
  dtu_10mw_rwt_turb_13.0_47952.dat 1.629196139860741521e+00 2.916872275074103640e-02 2.860901583853144530e+02 3.539980332021813947e+00 4.218678161383828410e+04 1.741068501840463796e+04 1.381454116908436117e+04 1.478998521922859936e+03 1.143947853853616380e+03 1.071553356438864103e+04 1.278813688727619592e+04 3.174752235032545868e+05 3.392255258819110168e+04 5.108881684794191358e+01
  dtu_10mw_rwt_turb_13.0_50292.dat 2.708847079019541138e+00 5.823292257147557466e-02 3.038048273304672762e+02 3.394455474823875551e+00 4.210424514131899195e+04 1.192037882627417275e+04 1.096657535575975635e+04 1.370107708256917476e+03 1.051835957776696432e+03 1.132651845586701711e+04 1.252888384853434582e+04 5.195120960338849691e+05 6.857861832999532344e+05 5.097323913061540424e+01
  dtu_10mw_rwt_turb_14.0_14324.dat 2.177817052071640891e+00 3.459543840781807017e-02 3.027162741654051956e+02 3.722390477998950509e+00 3.980916627685155254e+04 2.907951204336521550e+04 1.288457039596532741e+04 1.518826435920482254e+03 2.419884816393564506e+03 1.163156600319974496e+04 1.248965749528093693e+04 4.130877206535332953e+05 7.305910625167854596e+04 4.962110522535844126e+01
  dtu_10mw_rwt_turb_14.0_26862.dat 1.736686290725846460e+00 2.693800892760214380e-02 2.132338394810780642e+02 3.427248434319613235e+00 3.186112490455246734e+04 1.525795163058108665e+04 1.143536540208879524e+04 1.123214643516478418e+03 1.173489616687190392e+03 1.002919512617524742e+04 1.238782658027996331e+04 2.981371085752734216e+05 3.487066264883417898e+04 4.980467218668939466e+01
  dtu_10mw_rwt_turb_14.0_47824.dat 2.490444015131293654e+00 5.623503446849608539e-02 2.847592448639712757e+02 2.975439195663700964e+00 4.098139171981361869e+04 1.806819900821859119e+04 1.138145047013503427e+04 1.402905503174723663e+03 9.328873952097260371e+02 1.075581036953633702e+04 1.251828620588583726e+04 5.669011807312592864e+05 7.821360003893143730e+05 5.112372351799153591e+01
  dtu_10mw_rwt_turb_14.0_51321.dat 3.374023656225497714e+00 3.671907348734815280e-02 3.229480831185981629e+02 3.954668703098744853e+00 4.370887073810213042e+04 2.559043981982485275e+04 1.372484378976396692e+04 1.496018178732149636e+03 2.332877875593052067e+03 1.176561707873001978e+04 1.263222383764813821e+04 4.404250090651893406e+05 8.251691175400724751e+04 5.039771350900101510e+01
  dtu_10mw_rwt_turb_14.0_52263.dat 2.617477918814852700e+00 3.220790424055330198e-02 2.727546622687492572e+02 3.583127047702547419e+00 4.055048041616157570e+04 1.154303475786097442e+04 1.234929856739411116e+04 1.304084094044139420e+03 1.442577082183727043e+03 1.024021831918451244e+04 1.245929590576251940e+04 3.581309937306774082e+05 4.325305445898301696e+04 5.047262737629709051e+01
  dtu_10mw_rwt_turb_14.0_55769.dat 2.957613469502032633e+00 3.625741211659170432e-02 3.379861739968711731e+02 3.663897666857979019e+00 4.462537619998094306e+04 1.646694399580740355e+04 1.399660653948374056e+04 1.660238505344964551e+03 1.294681712155781952e+03 1.323313117542657164e+04 1.346836432099202830e+04 3.883205902810497209e+05 3.806089167715148506e+04 4.983694753569478308e+01
  dtu_10mw_rwt_turb_15.0_21716.dat 3.157514107976089335e+00 4.421066096392980288e-02 3.294713526164995869e+02 3.908904226888414435e+00 4.768887080925880582e+04 2.664373581189182732e+04 1.574575768488708491e+04 1.601001936243188766e+03 2.582741467991894297e+03 1.214200391291084452e+04 1.308867642252369478e+04 5.288870159558791202e+05 7.895309003207950445e+04 4.956974222865454038e+01
  dtu_10mw_rwt_turb_15.0_40322.dat 1.925675833020296324e+00 3.000323672329910374e-02 2.485548731223354935e+02 3.487649134257009731e+00 3.550758612533732230e+04 2.005118093783442964e+04 1.346392332999216524e+04 1.347638120666420946e+03 1.220960528794250422e+03 1.089112326589978147e+04 1.254907472617243729e+04 3.356070815972686978e+05 3.608681287221200182e+04 4.973016458853240351e+01
  dtu_10mw_rwt_turb_15.0_43619.dat 2.583590927733838249e+00 3.937529947946516451e-02 2.837963684265038182e+02 4.003570827526859333e+00 4.026048798281623021e+04 2.172331921436078483e+04 1.404642210563448498e+04 1.498241612151172831e+03 2.273024845397688296e+03 1.179740473796648439e+04 1.298169955367090552e+04 4.482482570695183822e+05 6.834690520423217095e+04 4.974989297460905391e+01
  dtu_10mw_rwt_turb_15.0_47165.dat 2.816676834731354440e+00 4.215602156656604593e-02 3.375677224330209469e+02 4.174865557167088959e+00 4.578312288902619184e+04 2.324224415357858015e+04 1.390049168692018065e+04 1.439248302322590689e+03 1.578472872967509829e+03 1.231290199191303145e+04 1.278492756074785575e+04 4.584272378575984621e+05 4.696140904843797034e+04 4.958514117080870420e+01
  dtu_10mw_rwt_turb_15.0_47952.dat 1.341520574766078777e+00 3.345863877439599066e-02 2.803754398523045097e+02 4.103398386961763400e+00 4.335668935403618525e+04 2.764539909858491956e+04 1.509719874654942032e+04 1.694478190823136174e+03 1.171457349518238289e+03 1.189658397966065604e+04 1.325300526565282962e+04 3.623171974770173547e+05 3.423365062400585157e+04 4.981776865327159243e+01
  dtu_10mw_rwt_turb_15.0_50292.dat 2.609675937528574519e+00 3.385385183182335750e-02 2.928424841788197455e+02 3.881585602783446109e+00 3.831028870581621595e+04 1.540254792443290535e+04 1.180765985088243542e+04 1.418122621918027335e+03 2.035518896429709230e+03 1.165916061020528832e+04 1.287911914911807980e+04 3.845388023385239067e+05 6.124290697682126483e+04 5.012809727644716418e+01
  dtu_10mw_rwt_turb_16.0_14324.dat 2.070891657540135267e+00 4.179657075160740642e-02 3.036804602513910254e+02 4.218805621383210358e+00 4.168960549457790330e+04 3.467393531327938399e+04 1.417463450337522409e+04 1.662283362952567359e+03 2.034624023472925728e+03 1.228813512340852321e+04 1.289545974000582100e+04 4.702378104283777066e+05 6.055690761383366771e+04 4.870554813649400216e+01
  dtu_10mw_rwt_turb_16.0_26862.dat 1.557154522934455221e+00 3.251472169264717910e-02 2.175789316834245710e+02 3.806527871927263273e+00 3.472552262141164829e+04 2.292105579408867197e+04 1.267916168824383931e+04 1.302326785488720589e+03 1.153321150799206634e+03 1.066724568592395917e+04 1.296154001576257906e+04 3.556508651444855495e+05 3.410099638231578865e+04 4.885332597194729232e+01
  dtu_10mw_rwt_turb_16.0_47824.dat 2.648192198284351484e+00 3.430287173357184777e-02 2.721879914580695186e+02 3.332102074699923921e+00 4.000098328981809027e+04 3.076410433547845605e+04 1.224414287520425387e+04 1.587348634813586159e+03 1.291921488584833696e+03 1.132380421633920014e+04 1.282482542910760094e+04 3.760576658940861234e+05 3.840111108413628972e+04 5.020172772906013847e+01
  dtu_10mw_rwt_turb_16.0_51321.dat 2.822176542666683829e+00 4.182268304230519346e-02 2.857324791271544768e+02 4.314371867584388731e+00 4.357794608472747495e+04 2.176891689705193494e+04 1.510445983923312087e+04 1.613072623458836233e+03 2.153010123015016688e+03 1.288285091221194489e+04 1.310875296572017760e+04 4.728898792112886440e+05 6.467490205490166409e+04 4.924621524260623318e+01
  dtu_10mw_rwt_turb_16.0_52263.dat 2.234160679639879632e+00 3.652462310553481611e-02 2.562813924871055065e+02 4.008210225986407416e+00 4.028935378057265916e+04 1.398967638115545378e+04 1.330921288423413898e+04 1.427441490822284777e+03 2.000698537238537028e+03 1.090570133905955117e+04 1.302440864201100521e+04 4.191175877958557685e+05 5.999565692513933027e+04 4.930560090243614013e+01
  dtu_10mw_rwt_turb_16.0_55769.dat 2.525718435312901633e+00 4.186017698161611372e-02 3.186754437121578007e+02 4.080619221066268842e+00 4.528690273573977902e+04 2.408881607821629586e+04 1.525690906518342854e+04 1.830192509671429434e+03 2.187890695129601227e+03 1.395170072669390902e+04 1.420009623504682713e+04 4.669214292515996494e+05 6.536788954746938543e+04 4.889568292239292191e+01
  dtu_10mw_rwt_turb_17.0_21716.dat 2.676850434008760882e+00 4.880218227190696867e-02 3.127718667117994187e+02 4.456063040661134345e+00 4.759660655954737740e+04 3.061348456407753110e+04 1.665664722700313359e+04 1.682421364987628294e+03 3.803289270335133551e+03 1.258702220838077665e+04 1.380652722037005515e+04 6.193125985064099077e+05 1.146744330375019636e+05 4.867984762993003756e+01
  dtu_10mw_rwt_turb_17.0_40322.dat 1.774957004691989360e+00 3.466518697570800112e-02 2.586542048080410154e+02 3.918518497803925804e+00 3.829750282288467133e+04 1.821187168155475229e+04 1.501398652013125866e+04 1.426567375344630136e+03 1.360663067336957056e+03 1.194903842698652261e+04 1.302790072485988094e+04 3.736686202111154562e+05 4.036846169966321759e+04 4.893096121041109825e+01
  dtu_10mw_rwt_turb_17.0_43619.dat 2.417856357828088942e+00 4.588063518118775524e-02 2.806313327772811590e+02 4.437719088309276749e+00 4.469703623658761353e+04 2.785050808928047263e+04 1.531159501669896235e+04 1.575621334239012640e+03 1.977953414715315830e+03 1.203179759203660979e+04 1.334680247799528661e+04 5.067765560217978200e+05 5.866775724705179164e+04 4.888375084820706462e+01
  dtu_10mw_rwt_turb_17.0_47165.dat 2.658325478298118938e+00 4.876151478527012556e-02 3.274647771397808924e+02 4.611986095527154106e+00 4.542548294895461731e+04 2.670820123500858972e+04 1.469316363628249019e+04 1.604903434576972813e+03 2.146064592084318974e+03 1.267099570005192618e+04 1.303081064176340806e+04 5.474632833000085084e+05 6.362670381659873965e+04 4.869407220665242164e+01
  dtu_10mw_rwt_turb_17.0_47952.dat 1.292700715037911507e+00 3.878082003140471273e-02 2.956959659574151829e+02 4.665776204123947224e+00 4.770406428246510768e+04 3.577998035430636810e+04 1.645251343448697298e+04 1.898107260350394426e+03 1.475137687067103343e+03 1.251248997640186644e+04 1.396535043052439687e+04 4.209162183223298634e+05 4.308838755507759197e+04 4.891935175598606378e+01
  dtu_10mw_rwt_turb_17.0_50292.dat 2.369588335594346340e+00 4.114556295208344344e-02 2.857849814236301427e+02 4.412250548143472173e+00 4.087563995433878154e+04 2.084604703081998741e+04 1.294181329546207053e+04 1.595761508976551568e+03 1.637142952752824613e+03 1.198744960485609045e+04 1.338601910351815059e+04 4.395606953985599685e+05 4.879281750409944652e+04 4.914450316845493916e+01
  dtu_10mw_rwt_turb_18.0_14324.dat 2.076983955308912666e+00 4.899133406869497775e-02 3.209393868206621505e+02 4.696541821026319674e+00 4.448675466982091893e+04 2.755546518900089723e+04 1.563655366394657904e+04 1.681039272320066402e+03 2.919194333283743617e+03 1.373187118557502072e+04 1.344461322953049057e+04 5.581021333098139148e+05 8.819755368329712655e+04 4.788127409947944102e+01
  dtu_10mw_rwt_turb_18.0_26862.dat 1.548987284959624899e+00 3.959659656310043213e-02 2.329769658037816384e+02 4.144217111417240140e+00 3.867011734883158351e+04 2.687759483999573422e+04 1.397732857497730038e+04 1.464049912870914341e+03 1.436205620938521861e+03 1.221228100232802171e+04 1.367263466690154564e+04 4.326034133825078025e+05 4.250019222469385568e+04 4.805699242022961926e+01
  dtu_10mw_rwt_turb_18.0_47824.dat 2.300863269471914663e+00 4.040941706275292394e-02 2.719617835607723464e+02 3.695496954648718635e+00 4.011828680627082213e+04 2.382098281812928690e+04 1.301085782783052855e+04 1.618132570017167836e+03 2.033264169829420098e+03 1.184557901890178437e+04 1.342175719967877740e+04 4.627201662496344070e+05 6.150583586392927100e+04 4.922406448216646879e+01
  dtu_10mw_rwt_turb_18.0_51321.dat 2.661946979246850642e+00 4.824364274335662256e-02 2.940264738111373504e+02 4.745908413491051192e+00 4.741058084076251544e+04 3.222606398048756819e+04 1.648763787312014028e+04 1.849816956937513169e+03 1.913983893912684835e+03 1.394704983518376503e+04 1.379810696597684910e+04 5.320346489084545756e+05 5.798626163786459801e+04 4.845670260503409565e+01
  dtu_10mw_rwt_turb_18.0_52263.dat 2.170316416600819753e+00 4.284576133168593176e-02 2.657394079863407796e+02 4.463974431602431459e+00 4.664743441730407358e+04 3.188203316815929065e+04 1.421112424953976188e+04 1.708374867520536100e+03 1.729390742618169270e+03 1.183929274231315867e+04 1.345633642195685024e+04 4.639709958817870356e+05 5.132618251390996738e+04 4.854823168853766191e+01
  dtu_10mw_rwt_turb_18.0_55769.dat 2.430695341913707175e+00 4.599142897498645355e-02 3.311711785123699201e+02 4.558880369213028416e+00 5.066905459146887006e+04 4.268444817008898826e+04 1.628083355687739640e+04 2.128312498498524292e+03 1.653358862447073534e+03 1.461574282143331584e+04 1.477005235694640032e+04 4.990022372778924764e+05 4.839368113244220876e+04 4.815038248788851405e+01
  dtu_10mw_rwt_turb_19.0_21716.dat 2.551179631606368403e+00 5.605663341197103522e-02 3.150267720900884001e+02 4.981906193493696122e+00 5.271117558103537158e+04 3.590662523170123313e+04 1.796331813733029048e+04 1.852409192220866089e+03 3.782285281889247926e+03 1.338786499780553640e+04 1.425237201267452656e+04 6.803924989692930831e+05 1.146365185398775939e+05 4.788184914338278730e+01
  dtu_10mw_rwt_turb_19.0_40322.dat 1.723133131107723148e+00 3.982160271199970680e-02 2.808940724809488074e+02 4.331928878683846129e+00 4.228021397668774443e+04 2.541335134237103193e+04 1.643883839057639489e+04 1.633284008236899808e+03 1.439422238371862932e+03 1.336464338735295314e+04 1.348171350236979379e+04 4.289334329871771624e+05 4.240844654080691544e+04 4.810701621096304592e+01
  dtu_10mw_rwt_turb_19.0_43619.dat 2.381163257927514820e+00 5.217819831793436142e-02 2.925712103505266555e+02 4.861593848980064081e+00 4.698851774693337211e+04 2.347844220958761434e+04 1.608750488743594542e+04 1.643393031893297348e+03 1.879948952612813400e+03 1.280914697317439823e+04 1.394187769769036640e+04 5.602923614679987077e+05 5.627909356490522623e+04 4.816025515216933428e+01
  dtu_10mw_rwt_turb_19.0_47165.dat 2.613420701834156201e+00 5.499238290940301754e-02 3.309793761920341240e+02 5.031382524169002224e+00 4.791322447448795720e+04 3.308196520420971501e+04 1.564767223703070886e+04 1.750836861114085650e+03 2.226217889696981729e+03 1.343246268359548048e+04 1.380490229965447725e+04 6.060345440165504115e+05 6.629673399817658355e+04 4.796510033909881088e+01
  dtu_10mw_rwt_turb_19.0_47952.dat 1.298162602283022826e+00 4.401942370320120063e-02 3.170852263660133872e+02 5.202624933922940897e+00 5.360864724330890749e+04 4.182378293961693998e+04 1.769692184520380397e+04 2.076313625531322032e+03 1.618786744533364526e+03 1.346447260970418756e+04 1.450333908581004289e+04 4.805670518933245330e+05 4.738112367790987628e+04 4.822237190284970154e+01
  dtu_10mw_rwt_turb_19.0_50292.dat 2.298702447883962829e+00 4.554886390227302906e-02 2.986656162327838047e+02 4.886203909515760557e+00 4.269896869031865936e+04 2.053530762505398889e+04 1.400424876547801978e+04 1.633918271443823414e+03 1.664056274670756011e+03 1.321489540152848895e+04 1.403258010939875749e+04 4.949651970080174506e+05 4.972380254966345092e+04 4.834613757644036980e+01
  dtu_10mw_rwt_turb_20.0_14324.dat 2.084139444205161507e+00 5.541589990774672958e-02 3.431071523190071275e+02 5.189921814008922496e+00 4.823159584387540235e+04 3.400042511993055814e+04 1.713451616426180772e+04 1.910616517231632542e+03 2.587545489281591472e+03 1.455332988130295780e+04 1.413399500666907988e+04 6.318115868026195094e+05 7.813293991927908792e+04 4.725310292836709181e+01
  dtu_10mw_rwt_turb_20.0_26862.dat 1.594121214820861443e+00 4.478674223306474550e-02 2.449481553260382611e+02 4.521184442739554221e+00 4.388370693314128584e+04 3.340184339951200673e+04 1.547552261303197338e+04 1.662261821142064946e+03 1.497923137972200493e+03 1.331823692647408825e+04 1.419606651793217679e+04 4.918669419878703775e+05 4.440362528714250220e+04 4.737949788751183888e+01
  dtu_10mw_rwt_turb_20.0_47824.dat 2.146695746837083085e+00 4.671902898168858037e-02 2.823000790609342516e+02 4.080378452630804453e+00 4.317340060714220454e+04 3.252972452546341447e+04 1.428844174284664041e+04 1.778833314297295146e+03 1.385051019799083633e+03 1.254491155647525011e+04 1.384402058453215068e+04 5.050435958975401591e+05 3.993621078950566152e+04 4.852617406464860039e+01
  dtu_10mw_rwt_turb_20.0_51321.dat 2.571688379145740999e+00 5.526387832486249346e-02 3.141497391186301797e+02 5.184872712397613270e+00 5.128234380947784666e+04 3.281039534912588715e+04 1.759620563724286330e+04 1.964057090458662060e+03 1.990107821835687218e+03 1.408066538788809885e+04 1.418338829866671585e+04 6.139916760436424520e+05 5.985471821058426576e+04 4.777555085609359509e+01
  dtu_10mw_rwt_turb_20.0_52263.dat 2.142147382031520220e+00 4.896042939767199231e-02 2.813360020854956929e+02 4.917450126087368645e+00 4.661189024641201104e+04 3.299827303912852221e+04 1.587057273768579034e+04 1.791523009790581455e+03 2.431629144033985995e+03 1.282663044583914052e+04 1.407167728182489736e+04 5.567454594920299714e+05 7.312177436417732679e+04 4.781643044033138779e+01
  dtu_10mw_rwt_turb_20.0_55769.dat 2.388212835270237644e+00 5.207721250906630767e-02 3.463206366007689212e+02 5.054404652736796066e+00 5.270040139329746307e+04 3.763111356420740049e+04 1.756814964582827452e+04 2.106466484299407966e+03 2.875849066765785665e+03 1.527851694270544067e+04 1.555254277380611711e+04 6.017068937242385000e+05 8.646335708105082449e+04 4.745160435532584842e+01
  dtu_10mw_rwt_turb_21.0_21716.dat 2.518990749520898298e+00 6.315844031475888187e-02 3.282147405911928786e+02 5.560707524515629885e+00 5.268460421556300571e+04 3.237297797143164644e+04 1.892508292201425138e+04 1.883771560542836824e+03 4.421722752872530691e+03 1.441189890290714357e+04 1.501232674208846765e+04 7.883980238182542380e+05 1.769480404632908758e+05 4.731375663514138807e+01
  dtu_10mw_rwt_turb_21.0_40322.dat 1.783003577903970571e+00 4.693775194417630636e-02 3.086167145480384306e+02 4.779796624199433630e+00 4.848298738701992988e+04 2.863132671841849515e+04 1.793023699059148566e+04 1.878382370182168415e+03 2.229265167791219028e+03 1.471641072441190954e+04 1.430346275746930769e+04 5.240074082928440184e+05 6.787189278102500248e+04 4.749482195294022091e+01
  dtu_10mw_rwt_turb_21.0_43619.dat 2.360681104395111696e+00 5.877773926031630569e-02 3.052804313024651606e+02 5.331990490305051900e+00 5.039167506238295027e+04 2.941084984370744860e+04 1.707373948276379087e+04 1.814694055864620850e+03 2.007012359563828340e+03 1.395722110074448756e+04 1.447063342256434225e+04 6.316155654519789387e+05 6.013904398436898191e+04 4.755221309486880443e+01
  dtu_10mw_rwt_turb_21.0_47165.dat 2.551725806053578793e+00 6.223171976687753848e-02 3.495697655216605995e+02 5.477050575479523786e+00 5.185590090221753780e+04 3.026096034499164671e+04 1.671751291064725956e+04 1.759988540961054014e+03 3.360992009715971108e+03 1.419799542104126704e+04 1.427260223685283199e+04 7.310567879831421888e+05 1.021479153330727277e+05 4.731395127117254873e+01
  dtu_10mw_rwt_turb_21.0_47952.dat 1.296285846291280741e+00 4.988487511011696629e-02 3.411367915518278551e+02 5.772911250788431481e+00 5.866446274334273039e+04 3.579144995916683547e+04 1.908180393982951500e+04 2.124384205805301463e+03 2.034865417376818414e+03 1.477119225143964104e+04 1.484327184726345513e+04 5.412622453243836062e+05 6.089157803403858998e+04 4.756251723507645579e+01
  dtu_10mw_rwt_turb_21.0_50292.dat 2.304780770866963202e+00 5.148274841316734241e-02 3.068680251502363490e+02 5.409438987580630354e+00 4.452344404555232904e+04 2.214728691445829463e+04 1.530305784206323005e+04 1.831074622231596550e+03 1.786167367879669655e+03 1.406822845939115177e+04 1.467744071456579150e+04 5.521032738692767452e+05 5.262586186788661144e+04 4.773701505621134800e+01
  dtu_10mw_rwt_turb_22.0_14324.dat 2.067915656677365988e+00 6.288652916102584201e-02 3.558422020200296174e+02 5.673633494955221401e+00 5.170512838401237241e+04 5.216872800831357745e+04 1.871191175182706138e+04 2.265004166525159235e+03 2.688063094881968482e+03 1.589888246568229988e+04 1.492758991110743955e+04 6.982552555584049551e+05 8.187338676054216921e+04 4.660204450958170241e+01
  dtu_10mw_rwt_turb_22.0_26862.dat 1.611833481679643354e+00 5.304668228871167041e-02 2.725541193011953851e+02 4.946009587695610499e+00 4.839577686874966457e+04 3.144821729424511432e+04 1.698247966856163839e+04 1.736669102103476007e+03 1.730750836039803517e+03 1.428157349729995076e+04 1.478455537082315641e+04 5.829647687954095891e+05 5.077611132974476641e+04 4.682933830636122252e+01
  dtu_10mw_rwt_turb_22.0_47824.dat 2.091309476444719984e+00 5.237427908507245877e-02 3.058667580420306535e+02 4.437445191274265177e+00 4.734640602310315444e+04 2.386713463678789412e+04 1.526401322287094808e+04 1.842296152194252045e+03 2.356392403762696176e+03 1.378812896722166079e+04 1.432445998878441424e+04 5.899994468704350293e+05 7.186037946168446797e+04 4.782006834272195306e+01
  dtu_10mw_rwt_turb_22.0_51321.dat 2.484557029348822610e+00 6.151992781293683793e-02 3.371391172395570948e+02 5.588938258286080263e+00 5.744364619226360082e+04 3.922728150180809462e+04 1.880189547040594698e+04 2.213607368125857192e+03 2.198894734580655040e+03 1.515128044949371906e+04 1.485149096686022676e+04 6.987395397739647888e+05 6.962209092653593689e+04 4.725349442736744976e+01
  dtu_10mw_rwt_turb_22.0_52263.dat 2.173128827903410443e+00 5.504057028155037723e-02 3.050520673950413197e+02 5.373750359233045337e+00 5.107701098512302997e+04 3.995510932854974817e+04 1.688611392177775633e+04 2.007870710070488258e+03 1.731235947817405531e+03 1.366329305041492989e+04 1.456385389920177113e+04 5.878178967795188073e+05 5.059984641233351431e+04 4.721716804748643881e+01
  dtu_10mw_rwt_turb_22.0_55769.dat 2.379076471634516299e+00 5.774308251308670620e-02 3.751052003230286118e+02 5.560696564957165577e+00 5.768380742362931778e+04 4.355654685136533226e+04 1.864407156730932911e+04 2.345962968700514921e+03 2.537339544112238855e+03 1.638948261993621054e+04 1.625510247989210438e+04 6.224777464091299335e+05 7.636305413793890330e+04 4.692556963654316604e+01
  dtu_10mw_rwt_turb_23.0_21716.dat 2.513641252831181561e+00 7.292378129507122442e-02 3.458782353862349055e+02 6.137007805799694182e+00 6.029309000229743106e+04 3.698058932416101015e+04 2.038237889418257328e+04 2.077388541114774853e+03 2.253859446239040153e+03 1.532265083810175202e+04 1.576023478830350177e+04 8.268356330494151916e+05 6.670727250117556832e+04 4.668982601679123690e+01
  dtu_10mw_rwt_turb_23.0_40322.dat 1.773125081212562293e+00 5.049098855101063349e-02 3.322010954795799762e+02 5.242541233927235922e+00 5.235939633288087498e+04 3.821904710922689264e+04 1.925442583062704580e+04 2.015201247058330637e+03 1.865884004058054188e+03 1.576250914821770129e+04 1.470353381991887727e+04 5.541544859596788883e+05 5.478554591673977848e+04 4.699278128304851521e+01
  dtu_10mw_rwt_turb_23.0_43619.dat 2.260252190843048847e+00 6.440337706949031404e-02 3.192531805885391805e+02 5.764402761564832112e+00 5.470409444495063508e+04 3.667267800359104149e+04 1.766847706576530982e+04 1.975525587716034352e+03 1.802332473134549900e+03 1.438987287951971120e+04 1.502373154090303615e+04 6.898692434541131370e+05 5.144146441822796623e+04 4.694439620890643994e+01
  dtu_10mw_rwt_turb_23.0_47165.dat 2.474772008886951813e+00 6.769551347694317822e-02 3.598813735606739215e+02 5.955415371757197818e+00 5.517656350162384479e+04 3.080545454017387237e+04 1.753124461680466629e+04 1.843716860364309014e+03 3.743261995410646705e+03 1.504329608703216763e+04 1.445977858161943186e+04 8.151147459584441967e+05 1.420717991029547993e+05 4.673140609215152352e+01
  dtu_10mw_rwt_turb_23.0_47952.dat 1.339919315388526933e+00 5.306537764092605913e-02 3.594444190327976116e+02 6.270906726694974509e+00 6.422035416992229148e+04 6.077811855367707176e+04 2.046466882231986165e+04 2.541261581531171032e+03 1.878392039186632701e+03 1.644417485750521882e+04 1.581688283630816295e+04 5.741865438506117789e+05 5.475921675336612680e+04 4.702130369851127512e+01
  dtu_10mw_rwt_turb_23.0_50292.dat 2.273722105230613355e+00 5.671675134420296749e-02 3.330169281769150871e+02 5.865028265551088360e+00 5.088025469367580808e+04 3.046518077166216972e+04 1.632184894567234369e+04 1.925806222539758892e+03 2.109405557492792923e+03 1.484406645778925667e+04 1.498587067552663939e+04 6.184340959045183845e+05 6.442578216418519878e+04 4.717503647599010463e+01
  dtu_10mw_rwt_turb_24.0_14324.dat 2.024786019038216089e+00 6.824782636908527378e-02 3.704451274863840240e+02 6.184757991680122302e+00 5.521348401794753590e+04 3.583027790070940682e+04 2.005969164225628265e+04 2.075323207660799198e+03 3.558915048318698155e+03 1.707960078410784263e+04 1.557259890032075236e+04 7.948972856525443494e+05 1.223680741743487160e+05 4.609057055365544642e+01
  dtu_10mw_rwt_turb_24.0_26862.dat 1.682310300920127233e+00 5.913942099289738047e-02 2.871163421164406486e+02 5.345165325563977277e+00 5.482134088041471841e+04 4.346269129268659162e+04 1.779698239135922631e+04 1.991359787405652924e+03 1.916612305727697503e+03 1.486487270758267368e+04 1.516202270847486943e+04 6.364317556375190616e+05 5.688730184207510320e+04 4.629257847022505956e+01
  dtu_10mw_rwt_turb_24.0_47824.dat 2.059277207063580306e+00 5.925078965410407461e-02 3.264775231285489099e+02 4.828278176225526686e+00 5.122215766980224726e+04 4.079077653293008916e+04 1.595946616514547168e+04 2.049859902846068508e+03 2.209189810845186457e+03 1.496849151557082769e+04 1.476140171183467646e+04 6.656444778735797154e+05 6.653760443604379543e+04 4.725569077470008494e+01
  dtu_10mw_rwt_turb_24.0_51321.dat 2.468135324938727226e+00 6.861089568743700129e-02 3.589284347426296335e+02 5.982164411966802042e+00 6.357662138577058795e+04 3.369925733262329595e+04 1.984422183276181750e+04 2.269545641433548553e+03 2.155296984081950541e+03 1.662717006081373256e+04 1.529717424252217461e+04 7.463188185414645122e+05 6.378068069358413049e+04 4.672111700926076594e+01
  dtu_10mw_rwt_turb_24.0_52263.dat 2.172402865778502612e+00 5.970575207314447741e-02 3.195848795276862120e+02 5.881556611779048538e+00 5.882570303509566293e+04 3.825018338690915698e+04 1.789927879693940849e+04 2.130984340578432239e+03 2.227035902366226310e+03 1.481869525183210499e+04 1.498654944195399185e+04 6.547485242354164366e+05 6.682452276456504478e+04 4.666195172240870903e+01
  dtu_10mw_rwt_turb_24.0_55769.dat 2.327783645875146856e+00 6.350539304445115829e-02 3.864701201782339126e+02 6.053936268800584664e+00 6.230508101947638352e+04 3.969112412983582908e+04 1.965323450258655066e+04 2.352681793233229200e+03 2.301964785800662867e+03 1.755785289210201518e+04 1.714091209153574528e+04 7.030318943543056957e+05 6.870281100770794728e+04 4.640829771004375459e+01
   dtu_10mw_rwt_turb_5.0_21716.dat 6.096043263327430850e-01 3.943045774836823232e-03 1.019343679812005803e+02 1.600405849351466792e+00 3.972085723056902498e+04 1.241568159438551083e+04 6.317273687236825026e+03 8.227615477102549448e+02 6.701656288410202933e+02 4.340937697818761080e+03 9.990576160654498381e+03 6.297690282937075244e+05 4.004687294183155755e+05 4.373847354803595522e+01
   dtu_10mw_rwt_turb_5.0_40322.dat 6.530640841442658662e-01 3.440565477841603121e-03 9.490576893086468147e+01 1.638999798796435314e+00 3.532040232919230766e+04 7.644753289389321253e+03 4.771784777416174620e+03 5.898766869748239969e+02 5.034386038019050034e+02 3.534761281581381809e+03 9.703430956119838811e+03 4.744902662499015569e+05 3.010710124843189842e+05 4.377406416957749258e+01
   dtu_10mw_rwt_turb_5.0_43619.dat 5.720929401742171905e-01 5.032408020679732599e-03 1.232631652507188278e+02 2.038788424314952774e+00 5.999547255360773124e+04 1.307084706331740199e+04 6.915276633183745616e+03 1.108520436239035234e+03 8.519671935364140154e+02 5.473259059418823199e+03 1.011872792155983007e+04 7.989887336041353410e+05 5.085962382741743349e+05 4.368870094292982031e+01
   dtu_10mw_rwt_turb_5.0_47165.dat 6.440956193899198823e-01 4.387606640820816174e-03 1.088676357462580171e+02 1.824480910558510249e+00 5.989059225557376340e+04 1.102209631606364746e+04 6.127804365862725717e+03 7.928369191366501809e+02 5.273679758281205068e+02 4.995202541300262055e+03 9.773588281108075535e+03 4.940725906816771021e+05 3.149013705398683669e+05 4.393165940843833539e+01
   dtu_10mw_rwt_turb_5.0_47952.dat 6.757222412739106732e-01 3.196409304244156226e-03 9.958065810603854118e+01 1.760816393857572049e+00 4.003855134462875867e+04 1.071804372493115261e+04 5.810481670237515573e+03 6.408568447478609187e+02 3.745052347373402313e+02 4.531993591325408488e+03 9.935137494748876634e+03 3.524185399478764157e+05 2.225545431592451641e+05 4.384793863846108763e+01
   dtu_10mw_rwt_turb_5.0_50292.dat 6.050169365171385039e-01 3.580906841923294989e-03 9.965956819927262700e+01 1.532053094413292849e+00 4.544461255050444015e+04 1.087184899449127624e+04 4.667810361352430846e+03 8.661117406895876911e+02 6.156684258652194330e+02 4.473364234119188040e+03 9.891106484379655740e+03 5.777379304107320495e+05 3.655168924352787435e+05 4.363560296730107524e+01
   dtu_10mw_rwt_turb_6.0_14324.dat 3.879779452146892571e-01 6.339266814616609062e-03 1.195082691589083197e+02 1.577882316465167412e+00 5.363835919183953229e+04 1.398571788757181093e+04 6.272850111871856825e+03 9.715951211598190866e+02 7.945946384400205034e+02 5.082413196703716494e+03 9.824575953561623464e+03 7.545475223847775487e+05 4.873454413105225540e+05 4.401008487507974820e+01
   dtu_10mw_rwt_turb_6.0_26862.dat 5.710630973103767438e-01 4.858432778431858237e-03 9.695025694430466956e+01 1.651061478402630289e+00 4.119289163744301186e+04 1.378453814097479153e+04 5.310400687850485156e+03 1.028213107212191517e+03 8.973486864250969575e+02 4.420464651845704793e+03 9.897291993867369456e+03 8.483186118509817170e+05 5.389232237439373275e+05 4.437109504427849060e+01
   dtu_10mw_rwt_turb_6.0_47824.dat 6.058905627602544364e-01 3.740604737729261164e-03 1.177050410539802385e+02 1.689484528398304652e+00 5.055670489803149394e+04 1.068513432160934826e+04 4.908409460189810488e+03 7.630497339759471060e+02 6.427500952344090592e+02 4.629686136293778873e+03 9.967686512500482422e+03 6.079986586186111672e+05 3.844974435668920050e+05 4.411333771557338679e+01
   dtu_10mw_rwt_turb_6.0_51321.dat 6.797923393801824643e-01 8.748162695165335317e-03 1.303318135482256537e+02 2.197730155379102879e+00 5.361945200133617618e+04 1.466633778193735816e+04 6.276662871088594329e+03 1.103264693663350045e+03 1.020885358520462773e+03 5.328905086562293945e+03 1.010426030533240373e+04 9.547071076704519801e+05 6.307888526791292243e+05 4.470104564287157700e+01
   dtu_10mw_rwt_turb_6.0_52263.dat 6.222420286924152943e-01 4.525446819046129339e-03 1.091687984083069409e+02 1.850094743596724767e+00 4.430363215902313823e+04 1.018538836396489387e+04 5.098319291050438551e+03 1.036998945841570276e+03 8.065653265408604966e+02 4.271775336103133668e+03 9.991603413063003245e+03 7.624201802596359048e+05 4.835940602067803266e+05 4.411404222207291070e+01
   dtu_10mw_rwt_turb_6.0_55769.dat 6.198322887323957087e-01 6.385741843273407166e-03 1.329079820956489471e+02 1.982801708744850400e+00 6.297053927355386259e+04 2.155821114327917894e+04 6.964757256256166329e+03 1.237231706480351704e+03 9.879653914195338302e+02 6.254108145249331756e+03 1.038569207535920032e+04 9.398152006048372714e+05 6.022652302384163486e+05 4.437795969215864034e+01
   dtu_10mw_rwt_turb_7.0_21716.dat 3.083567982397091289e-01 2.377670292360595933e-02 1.543883091179750409e+02 1.946397318119835074e+00 5.241092171259757015e+04 1.876920870411610304e+04 8.275839095527651807e+03 1.433886647271038782e+03 1.227259034289948659e+03 5.825663105879819341e+03 1.044324598740803231e+04 1.152652333296496421e+06 8.557973207312814193e+05 4.479219987489409505e+01
   dtu_10mw_rwt_turb_7.0_40322.dat 6.566291338647908260e-01 9.634772344243879710e-03 1.253132911450431521e+02 1.972967507348820204e+00 4.701304596405020857e+04 1.618067532718098482e+04 5.877437063684359600e+03 1.019610280391023139e+03 8.725989468609201367e+02 4.394123804045622819e+03 9.951205706062804893e+03 8.179839908240886871e+05 5.591262124085094547e+05 4.450488938256860649e+01
   dtu_10mw_rwt_turb_7.0_43619.dat 5.688729760523884016e-01 2.937181082419384331e-02 1.704334633450568219e+02 2.418550246614768806e+00 7.186086496102945239e+04 1.866827912218168422e+04 8.447754359696111351e+03 1.640384688977504993e+03 1.357738008353386476e+03 6.721679926686128965e+03 1.055944286866548464e+04 1.266456138993093744e+06 9.829725342454430647e+05 4.486234912297611999e+01
   dtu_10mw_rwt_turb_7.0_47165.dat 4.264848726829194026e-01 8.625489813855762369e-03 1.345837236740592289e+02 2.351996593568927985e+00 7.061355626400910842e+04 2.426458144907850146e+04 6.994049381967544832e+03 1.384918024754693079e+03 9.892695005186895969e+02 5.974486075730672383e+03 1.007911752051444819e+04 9.229130817172866082e+05 6.115864037463872228e+05 4.455991083072679970e+01
   dtu_10mw_rwt_turb_7.0_47952.dat 5.042148800594256075e-01 5.880546805045855883e-03 1.068880219670055993e+02 2.069436366484133316e+00 5.222798279512458976e+04 1.978664701609585973e+04 6.720927655555868114e+03 1.058682822504015576e+03 6.907222800079078979e+02 5.239840431537711083e+03 1.030083681565342340e+04 6.548476609773017699e+05 4.218801729031117284e+05 4.447164648313027158e+01
   dtu_10mw_rwt_turb_7.0_50292.dat 5.992624064357844338e-01 1.752403483337348911e-02 1.440186441848385641e+02 1.950850339808715583e+00 5.691761867792892008e+04 1.639248806762602908e+04 5.415944099258391361e+03 1.455183103948442294e+03 1.125485200775265866e+03 5.488904987910250384e+03 1.028455996855040030e+04 1.055297758740619989e+06 7.423014539481187239e+05 4.435679421376589460e+01
   dtu_10mw_rwt_turb_8.0_14324.dat 4.861498285456081203e-02 3.931655713422961551e-02 1.666717450934149554e+02 2.152228616508715664e+00 5.672580635921966314e+04 2.109290849875869026e+04 7.821916474911517980e+03 1.170287813414398215e+03 8.977351205940124146e+02 6.686353736537481382e+03 1.031448654184478073e+04 8.285796248845001683e+05 8.263158672218770953e+05 4.545863612045897639e+01
   dtu_10mw_rwt_turb_8.0_26862.dat 1.890303150727212778e-01 3.886347966829600126e-02 1.453501134164166615e+02 2.039101898105274202e+00 4.651125722463845159e+04 1.851977765133688808e+04 6.520988695653845753e+03 1.302968534474931857e+03 1.043341891995392871e+03 5.704339195695304625e+03 1.060053472822371077e+04 9.858370478084904607e+05 9.168328943706183927e+05 4.635020753635979673e+01
   dtu_10mw_rwt_turb_8.0_47824.dat 4.964279112660420212e-01 8.641617023051002822e-03 1.406666860082115136e+02 1.891312364534796453e+00 6.235968141472958087e+04 2.002518737126109409e+04 5.637661293292994742e+03 1.264515524580820738e+03 1.129803369491967487e+03 5.612760328504035897e+03 1.027030247288401915e+04 1.057453892366163200e+06 6.992690959458871512e+05 4.480964900074080504e+01
   dtu_10mw_rwt_turb_8.0_51321.dat 3.224966134876613433e-01 5.120310046440258722e-02 2.100328562545704187e+02 2.728116502807212296e+00 5.509974756842526403e+04 2.136221672648685126e+04 7.968456029441276769e+03 1.627712762370075552e+03 1.500216268985884881e+03 6.936837203382031475e+03 1.076701426308211194e+04 1.403454951567184646e+06 1.336901350854556542e+06 4.647662190165463159e+01
   dtu_10mw_rwt_turb_8.0_52263.dat 5.776592825440449719e-01 3.438665474831438529e-02 1.686794430515199679e+02 2.212683455651856868e+00 5.187185471540610160e+04 2.014648737399209494e+04 6.283565892880998035e+03 1.552454934843849742e+03 1.250783595100966522e+03 5.728373086283200792e+03 1.046003508341261477e+04 1.168414061739348108e+06 9.666820573129042750e+05 4.527739353538865430e+01
   dtu_10mw_rwt_turb_8.0_55769.dat 1.814732012512456083e-01 4.773194131484466418e-02 2.150690057073933019e+02 2.372339125122542747e+00 5.900771571370907623e+04 2.539910607412676836e+04 9.222770864306907242e+03 1.556998625462048722e+03 1.372918661978720138e+03 8.017726406826822313e+03 1.134966941235824197e+04 1.274316276444065152e+06 1.183969051106713247e+06 4.637390029044760098e+01
   dtu_10mw_rwt_turb_9.0_21716.dat 6.806769163695851799e-06 6.860501306698477131e-02 2.607243180874547761e+02 2.369496753788031818e+00 5.232376433338210336e+04 1.530203558216251440e+04 1.115129781740826729e+04 1.934882568498487444e+03 1.745881598930074915e+03 8.131471470551685343e+03 1.147440695866827264e+04 1.631858501805421198e+06 1.745315160281382734e+06 4.769912196269736171e+01
   dtu_10mw_rwt_turb_9.0_40322.dat 3.169650751982711068e-01 4.645916458304499147e-02 1.824722742697398701e+02 2.270963500393750056e+00 4.846175262403050874e+04 1.327437351861320712e+04 7.747766113028559630e+03 1.265208253131278980e+03 1.034038226103518355e+03 6.239628445699839176e+03 1.082022340385852294e+04 9.698054529693447985e+05 1.030646352687860373e+06 4.725209510942332969e+01
   dtu_10mw_rwt_turb_9.0_43619.dat 4.304723177199105133e-01 8.099628143510069489e-02 2.540789186975137000e+02 2.779567211006919614e+00 5.917467385377147730e+04 1.799707519473878347e+04 1.117595842027275103e+04 1.982834271718826813e+03 1.589708052615674660e+03 8.998472869919200093e+03 1.169371926726628953e+04 1.479947800318552880e+06 1.629149898020122666e+06 4.777591374435242955e+01
   dtu_10mw_rwt_turb_9.0_47165.dat 1.132792129618595406e-01 5.406036165962881113e-02 2.223706940180804281e+02 2.845347118613357651e+00 5.750183808762717672e+04 1.926133018066353907e+04 9.519527275818969429e+03 1.663562235344457577e+03 1.350163595557412236e+03 8.029381748578405677e+03 1.108409928722573386e+04 1.253190621585756773e+06 1.254237788441035897e+06 4.724951024866183502e+01
   dtu_10mw_rwt_turb_9.0_47952.dat 8.380308267165570871e-06 3.103477981574686087e-02 1.515818458218269029e+02 2.473570181895044851e+00 4.753741756616623024e+04 1.760545789173824596e+04 8.699899730955410632e+03 1.207223368766447265e+03 6.703008222694944607e+02 6.929949497480736682e+03 1.126986375056468205e+04 6.200284819527920336e+05 6.402066279562326381e+05 4.670670240019768471e+01
   dtu_10mw_rwt_turb_9.0_50292.dat 1.863196395460679500e-01 5.807454453900196684e-02 2.204826602524879888e+02 2.421346491177011284e+00 5.204831802113308368e+04 1.925787849807889143e+04 6.814079061571655075e+03 1.990230058455007111e+03 1.606865840703178492e+03 7.495926271277561682e+03 1.096521055513601823e+04 1.503908341028681723e+06 1.520813548004011856e+06 4.624485332541015481e+01
