Statistics: p99. Generated: 15/11/2020 14:59:37. No. files: 120.
                              File                       4                      10                      11                      13                      15                      19                      20                      22                      23                      27                      28                      29                      72                     102                     110
  dtu_10mw_rwt_turb_10.0_14324.dat 1.069038699999998565e+00 9.989020799999999145e-01 1.376380599999999868e+04 1.629431299999999737e+03 1.485090100000000035e+01 2.038701499999999651e+05 2.708370699999998396e+04 1.471570999999999913e+04 1.193560499999999956e+04 -7.623507900000000518e+03 -1.327398100000000341e+04 1.304352199999999721e+04 1.070170300000000000e+07 1.009870100000000000e+07 7.407551899999999989e+01
  dtu_10mw_rwt_turb_10.0_26862.dat 2.067995499999994102e+00 1.019750099999999993e+00 1.304290499999999884e+04 1.637320099999999911e+03 1.465114299999999403e+01 1.985562199999999430e+05 2.499021199999999953e+04 1.330353499999999440e+04 1.232120299999999952e+04 -7.229655600000000959e+03 -1.370009600000000137e+04 1.279974799999999232e+04 1.068210100000000000e+07 1.010270000000000000e+07 7.401582899999999654e+01
  dtu_10mw_rwt_turb_10.0_47824.dat 4.951579899999997147e-01 8.210769999999999458e-01 1.053961999999999716e+04 1.240590699999999970e+03 1.255603099999999550e+01 1.566261299999999756e+05 2.712100899999999820e+04 7.885238799999993716e+03 1.000901499999999760e+04 -3.469005400000000918e+03 -5.735963800000014089e+03 1.244910399999999936e+04 8.775510400000000373e+06 7.206320599999999627e+06 7.431100299999999947e+01
  dtu_10mw_rwt_turb_10.0_51321.dat 6.530892799999998388e+00 1.038489999999999913e+00 1.385560100000000057e+04 1.649062299999999595e+03 1.599970699999999901e+01 1.940110699999999779e+05 2.282901199999999881e+04 1.237403799999999319e+04 1.256720299999999952e+04 -5.929335500000001048e+03 -9.648063000000021930e+03 1.319770399999999972e+04 1.066140100000000000e+07 1.001050000000000000e+07 7.407351299999999128e+01
  dtu_10mw_rwt_turb_10.0_52263.dat 3.682672799999997526e-01 9.280261000000000760e-01 1.293381999999999607e+04 1.535230099999999993e+03 1.404690300000000036e+01 1.841110299999999988e+05 1.799737599999998565e+04 8.133062499999991815e+03 1.232130899999999929e+04 -6.023399699999999939e+03 -1.107016100000000552e+04 1.299034499999999207e+04 1.067230100000000000e+07 9.889780000000000000e+06 7.409821300000001543e+01
  dtu_10mw_rwt_turb_10.0_55769.dat 4.251444099999996062e+00 1.024720499999999923e+00 1.390490300000000025e+04 1.665285799999998972e+03 1.496723599999999443e+01 1.968931899999999732e+05 2.548000000000000000e+04 1.363818099999998776e+04 1.225210599999999977e+04 -6.673109900000001289e+03 -9.038603000000022803e+03 1.381620699999999852e+04 1.074130000000000000e+07 1.008310599999999814e+07 7.400161299999999187e+01
  dtu_10mw_rwt_turb_11.0_21716.dat 7.929344499999999130e+00 1.044300499999999854e+00 1.418860899999999856e+04 1.679313699999999471e+03 1.560875699999999178e+01 1.997341399999999558e+05 2.930805099999994491e+04 1.270891099999999824e+04 1.226579999999999927e+04 -6.525548999999999978e+03 -1.006519500000000153e+04 1.364280199999999968e+04 1.069370200000000000e+07 1.005330100000000000e+07 7.398270499999999572e+01
  dtu_10mw_rwt_turb_11.0_40322.dat 5.472287699999996313e+00 1.034130099999999830e+00 1.389453699999999480e+04 1.691080699999999979e+03 1.503400799999999826e+01 2.019560400000000081e+05 2.267154599999999118e+04 1.251802299999999559e+04 1.215580299999999988e+04 -7.862568500000000313e+03 -1.371865300000000752e+04 1.307405299999999079e+04 1.072390200000000000e+07 1.009500000000000000e+07 7.391671300000001565e+01
  dtu_10mw_rwt_turb_11.0_43619.dat 8.788433100000000664e+00 1.021949999999999914e+00 1.454879299999998511e+04 1.657890000000000100e+03 1.822441899999999393e+01 2.019320999999999767e+05 2.420014399999997840e+04 1.991991899999999805e+04 1.288800299999999879e+04 -7.363759600000000319e+03 -1.026466300000000592e+04 1.360751199999999881e+04 1.079840300000000000e+07 1.016660600000000000e+07 7.396722000000001174e+01
  dtu_10mw_rwt_turb_11.0_47165.dat 5.379677899999999013e+00 1.035860299999999956e+00 1.438301499999999760e+04 1.686370400000000018e+03 1.624750500000000031e+01 2.025811199999999953e+05 2.771893799999999464e+04 1.544326299999998992e+04 1.232080299999999988e+04 -7.434848799999999756e+03 -1.126509500000000116e+04 1.270940699999999924e+04 1.075280500000000000e+07 1.010610100000000000e+07 7.408310600000000079e+01
  dtu_10mw_rwt_turb_11.0_47952.dat 1.410921699999972360e-03 9.671120500000000009e-01 1.351853999999999360e+04 1.602401799999999639e+03 1.559053099999999503e+01 1.956051699999999837e+05 2.338816299999998955e+04 1.329803299999999399e+04 1.247240200000000004e+04 -8.698043600000000879e+03 -1.411573100000001068e+04 1.337623699999999371e+04 1.076890700000000000e+07 1.019240400000000000e+07 7.389701399999999865e+01
  dtu_10mw_rwt_turb_11.0_50292.dat 7.526161600000000007e+00 1.048780199999999940e+00 1.458154599999999300e+04 1.695261899999999741e+03 1.602301699999999585e+01 2.042461699999999546e+05 2.472590899999998146e+04 1.353931299999999828e+04 1.249520299999999952e+04 -6.658758400000000620e+03 -1.086039200000000164e+04 1.340640099999999984e+04 1.071540600000000000e+07 1.008310200000000000e+07 7.410099999999999909e+01
  dtu_10mw_rwt_turb_12.0_14324.dat 9.004480599999999058e+00 1.044290199999999835e+00 1.368531499999999687e+04 1.693921399999999721e+03 1.770451099999999656e+01 2.030791300000000047e+05 3.017953399999999237e+04 1.562221999999999753e+04 1.211530400000000009e+04 -8.516811500000001615e+03 -8.858742300000008981e+03 1.311262299999999595e+04 1.066610100000000000e+07 1.014380399999999814e+07 7.407920299999999258e+01
  dtu_10mw_rwt_turb_12.0_26862.dat 8.520180500000000379e+00 1.042182099999999778e+00 1.426272599999999511e+04 1.656992399999999634e+03 1.716473499999999675e+01 2.019880500000000175e+05 2.805540699999999924e+04 1.345391499999999724e+04 1.221529999999999927e+04 -1.003269700000000012e+04 -9.829110700000012002e+03 1.289451699999999801e+04 1.068041299999999627e+07 1.002050199999999814e+07 7.413914499999999919e+01
  dtu_10mw_rwt_turb_12.0_47824.dat 5.195965999999997642e+00 1.029779999999999918e+00 1.365170999999999913e+04 1.663811699999999746e+03 1.485933999999999244e+01 1.976840200000000186e+05 2.283034899999999107e+04 1.175792699999999604e+04 1.227910100000000057e+04 -6.328658100000000559e+03 -8.739352600000003804e+03 1.336502399999999579e+04 1.071170100000000000e+07 1.010950300000000000e+07 7.401850799999999708e+01
  dtu_10mw_rwt_turb_12.0_51321.dat 1.123000899999999902e+01 1.045709999999999917e+00 1.443381599999999708e+04 1.698557699999998704e+03 1.865545399999999177e+01 2.022290199999999895e+05 3.291927199999998265e+04 1.835883599999998114e+04 1.248840499999999884e+04 -8.782078900000002250e+03 -8.525145900000004985e+03 1.339530299999999988e+04 1.079370300000000000e+07 1.010820200000000000e+07 7.416572799999998722e+01
  dtu_10mw_rwt_turb_12.0_52263.dat 7.999058999999999031e+00 1.044720199999999988e+00 1.449840999999999804e+04 1.675384199999999282e+03 1.669600600000000057e+01 2.049450599999999686e+05 3.236175499999999374e+04 1.162861399999999776e+04 1.233831499999999687e+04 -8.927049199999999473e+03 -1.216189300000000185e+04 1.329861199999999735e+04 1.072560799999999814e+07 1.010120200000000000e+07 7.397969999999999402e+01
  dtu_10mw_rwt_turb_12.0_55769.dat 9.792610599999999721e+00 1.044510000000000050e+00 1.449116099999995822e+04 1.634721999999999753e+03 1.753050999999999959e+01 1.962963899999999267e+05 3.416152299999999377e+04 1.341920799999999872e+04 1.311432599999999547e+04 -9.444406899999999951e+03 -7.220659500000022490e+03 1.423602999999999520e+04 1.067070200000000000e+07 1.006360100000000000e+07 7.414110899999998594e+01
  dtu_10mw_rwt_turb_13.0_21716.dat 1.179320000000000057e+01 1.048920300000000028e+00 1.442390799999999945e+04 1.619721399999998084e+03 1.832754299999999148e+01 1.960770000000000000e+05 3.268893299999999726e+04 1.383503099999999540e+04 1.266262499999999636e+04 -8.464792300000004616e+03 -6.541255600000002232e+03 1.393033699999999408e+04 1.090190000000000000e+07 1.007190000000000000e+07 7.418960300000000530e+01
  dtu_10mw_rwt_turb_13.0_40322.dat 1.020540799999999848e+01 1.041610099999999983e+00 1.335335699999999088e+04 1.607951699999999619e+03 1.767123099999999170e+01 1.878802699999999604e+05 2.561035599999998885e+04 1.319447399999998743e+04 1.203039999999999964e+04 -9.804968100000001868e+03 -9.122699300000005678e+03 1.320720299999999952e+04 1.040720100000000000e+07 1.002260000000000000e+07 7.425662900000000377e+01
  dtu_10mw_rwt_turb_13.0_43619.dat 1.222700099999999956e+01 1.049230300000000060e+00 1.452481699999999728e+04 1.687462699999999586e+03 2.112382099999999596e+01 1.988693399999999383e+05 2.460119099999998434e+04 1.874546399999997084e+04 1.226650499999999920e+04 -9.600608800000001793e+03 -6.332279800000002069e+03 1.349252499999999600e+04 1.072910000000000000e+07 1.008080599999999814e+07 7.417724599999999668e+01
  dtu_10mw_rwt_turb_13.0_47165.dat 1.048990199999999895e+01 1.046420299999999859e+00 1.423571399999999812e+04 1.652152999999999565e+03 1.864087399999998595e+01 1.992597499999998836e+05 2.931551199999998062e+04 1.856134199999997873e+04 1.226200100000000020e+04 -9.710364400000002206e+03 -7.323219200000001365e+03 1.320550200000000041e+04 1.070800300000000000e+07 1.006910400000000000e+07 7.427770099999999331e+01
  dtu_10mw_rwt_turb_13.0_47952.dat 8.307660799999998957e+00 1.046410000000000062e+00 1.371010399999999936e+04 1.429361299999999801e+03 1.842611699999999786e+01 1.749392199999999721e+05 2.741623099999999613e+04 1.375902999999999520e+04 1.230680499999999847e+04 -9.873878700000001118e+03 -8.947708100000001650e+03 1.352440899999999783e+04 1.031750100000000000e+07 1.001750000000000000e+07 7.417446400000000040e+01
  dtu_10mw_rwt_turb_13.0_50292.dat 1.174050499999999886e+01 1.049210100000000034e+00 1.437722199999999611e+04 1.674621199999999817e+03 1.899060400000000115e+01 2.034953199999999488e+05 2.561016399999998976e+04 1.579492999999999483e+04 1.252170399999999972e+04 -9.559831400000000940e+03 -6.972642200000001139e+03 1.380220499999999993e+04 1.071030799999999814e+07 1.008700000000000000e+07 7.410950300000000368e+01
  dtu_10mw_rwt_turb_14.0_14324.dat 1.268600799999999929e+01 1.047570099999999949e+00 1.403620699999999852e+04 1.291970000000000027e+03 2.054150500000000079e+01 1.578620999999999767e+05 4.048852499999999418e+04 1.623824499999997715e+04 1.221940099999999984e+04 -9.128814300000003641e+03 -4.174208300000004783e+03 1.329250000000000000e+04 1.064080000000000000e+07 1.004210000000000000e+07 7.444559999999999889e+01
  dtu_10mw_rwt_turb_14.0_26862.dat 1.211410000000000053e+01 1.044850000000000056e+00 1.318491599999999744e+04 1.217840599999999995e+03 1.960620400000000174e+01 1.495560800000000163e+05 2.955530399999996735e+04 1.493691599999998107e+04 1.205200000000000000e+04 -9.867817200000001321e+03 -5.449829700000002049e+03 1.348031499999999687e+04 1.038620000000000000e+07 1.001910000000000000e+07 7.445240599999999631e+01
  dtu_10mw_rwt_turb_14.0_47824.dat 1.009530099999999919e+01 1.039779999999999927e+00 1.362642599999999584e+04 1.631471999999999753e+03 1.736134299999999087e+01 1.988041899999999732e+05 2.856442899999999645e+04 1.340992999999999483e+04 1.277110399999999936e+04 -9.237169700000000375e+03 -8.190449599999999919e+03 1.348962399999999616e+04 1.068330100000000000e+07 1.001710099999999814e+07 7.419951700000000017e+01
  dtu_10mw_rwt_turb_14.0_51321.dat 1.452271299999999776e+01 1.051910099999999737e+00 1.376230199999999968e+04 1.604690200000000004e+03 2.110890699999999498e+01 1.894540999999999767e+05 4.345217499999991560e+04 1.944793799999997646e+04 1.254801599999999780e+04 -9.281010300000003554e+03 -3.980641900000002806e+03 1.348680400000000009e+04 1.079560000000000000e+07 1.003990000000000000e+07 7.443043099999999868e+01
  dtu_10mw_rwt_turb_14.0_52263.dat 1.196210199999999979e+01 1.052230100000000057e+00 1.351071699999999691e+04 1.420130400000000009e+03 1.935371499999999756e+01 1.772240000000000000e+05 2.477114599999998973e+04 1.370753699999996206e+04 1.210711099999999897e+04 -9.725206599999999526e+03 -7.157337700000012774e+03 1.345653599999999460e+04 1.048130000000000000e+07 1.002340000000000000e+07 7.426400800000000402e+01
  dtu_10mw_rwt_turb_14.0_55769.dat 1.302860199999999935e+01 1.058760099999999982e+00 1.456483699999999408e+04 1.494454799999999295e+03 2.011971599999999682e+01 1.794705399999999208e+05 2.886630099999999948e+04 1.417545799999999144e+04 1.319550799999999799e+04 -9.719068599999998696e+03 -2.429308500000011463e+03 1.489461099999999897e+04 1.055100000000000000e+07 1.001990000000000000e+07 7.442651499999999487e+01
  dtu_10mw_rwt_turb_15.0_21716.dat 1.489179999999999993e+01 1.053050000000000042e+00 1.491133199999999488e+04 1.589811299999999846e+03 2.135030399999999773e+01 1.922314699999999430e+05 3.469101099999999133e+04 1.441137699999998767e+04 1.263891499999999724e+04 -9.150109700000000885e+03 -3.199565000000039163e+03 1.437802499999999600e+04 1.094310399999999814e+07 1.004500000000000000e+07 7.438161800000000312e+01
  dtu_10mw_rwt_turb_15.0_40322.dat 1.344449999999999967e+01 1.043109999999999982e+00 1.403531199999999808e+04 1.184030099999999948e+03 2.021405899999999178e+01 1.439900599999999977e+05 3.137390199999996912e+04 1.441484899999999288e+04 1.216260999999999876e+04 -9.772056899999999587e+03 -4.598451700000028723e+03 1.369350399999999900e+04 1.046330100000000000e+07 1.001910000000000000e+07 7.446843100000000959e+01
  dtu_10mw_rwt_turb_15.0_43619.dat 1.514250000000000007e+01 1.060150299999999879e+00 1.413141499999999724e+04 1.350920999999999822e+03 2.386781299999999817e+01 1.594672199999997974e+05 3.363131199999999808e+04 1.886889199999993798e+04 1.254520000000000073e+04 -9.295105100000002494e+03 -2.169204500000003918e+03 1.390993399999999383e+04 1.055910899999999814e+07 1.004070000000000000e+07 7.440210400000000845e+01
  dtu_10mw_rwt_turb_15.0_47165.dat 1.367304699999999329e+01 1.063840099999999955e+00 1.496220199999999932e+04 1.463970899999999801e+03 2.093965499999999125e+01 1.771933599999999278e+05 3.534127199999998993e+04 1.841585399999999208e+04 1.224730099999999948e+04 -9.640718800000000556e+03 -3.078055000000000746e+03 1.345420899999999892e+04 1.067070300000000000e+07 1.002540000000000000e+07 7.454652199999999596e+01
  dtu_10mw_rwt_turb_15.0_47952.dat 1.207780199999999837e+01 1.051990199999999875e+00 1.434390099999999984e+04 1.147381499999999733e+03 2.086472799999999594e+01 1.460150899999999965e+05 3.604072099999999773e+04 1.451080199999999968e+04 1.251372599999999511e+04 -9.779069499999999607e+03 -3.779111700000006294e+03 1.383712099999999737e+04 1.037220000000000000e+07 1.001880000000000000e+07 7.444311000000000433e+01
  dtu_10mw_rwt_turb_15.0_50292.dat 1.493780199999999958e+01 1.054859999999999909e+00 1.408635599999999067e+04 1.331400200000000041e+03 2.197222799999999765e+01 1.589481300000000047e+05 2.957380899999999747e+04 1.544573399999999492e+04 1.261850399999999900e+04 -9.459325400000001537e+03 -3.545966600000002018e+03 1.378014899999999216e+04 1.050270000000000000e+07 1.003290000000000000e+07 7.439231800000000305e+01
  dtu_10mw_rwt_turb_16.0_14324.dat 1.563600599999999829e+01 1.056250299999999864e+00 1.478532199999999648e+04 1.127110500000000002e+03 2.329041600000000045e+01 1.398100799999999872e+05 4.539782299999999668e+04 1.806340799999998126e+04 1.248870199999999932e+04 -9.350113900000000285e+03 -9.964926600000010239e+02 1.358190399999999863e+04 1.075020000000000000e+07 1.003350100000000000e+07 7.461191200000000379e+01
  dtu_10mw_rwt_turb_16.0_26862.dat 1.506190199999999990e+01 1.050920100000000135e+00 1.381780499999999847e+04 1.051140000000000100e+03 2.194141399999999820e+01 1.336840500000000175e+05 3.475863999999999214e+04 1.683914399999999296e+04 1.227330099999999948e+04 -9.868618000000000393e+03 -2.467207400000002053e+03 1.376230499999999847e+04 1.048630000000000000e+07 1.001870000000000000e+07 7.460660700000001100e+01
  dtu_10mw_rwt_turb_16.0_47824.dat 1.340789999999999971e+01 1.043830000000000036e+00 1.392273399999999492e+04 1.343811499999999796e+03 1.987862299999999394e+01 1.702896899999998859e+05 3.887991299999998591e+04 1.433404399999997622e+04 1.286751199999999881e+04 -9.771297800000000279e+03 -4.618121600000018589e+03 1.399967999999998756e+04 1.071550300000000000e+07 1.002100000000000000e+07 7.444470199999999238e+01
  dtu_10mw_rwt_turb_16.0_51321.dat 1.732400200000000012e+01 1.056079999999999908e+00 1.457390300000000025e+04 1.208031999999999698e+03 2.359871799999999809e+01 1.444391199999999953e+05 3.823065999999998894e+04 2.102244299999999203e+04 1.269521299999999792e+04 -9.318758799999999610e+03 -5.181950700000039660e+02 1.382510399999999936e+04 1.089220399999999814e+07 1.003860000000000000e+07 7.462501999999999214e+01
  dtu_10mw_rwt_turb_16.0_52263.dat 1.496460000000000079e+01 1.055800400000000083e+00 1.409460799999999836e+04 1.133503399999999374e+03 2.201161100000000204e+01 1.458391599999999744e+05 2.831458199999996941e+04 1.487379499999998552e+04 1.229080099999999948e+04 -9.408448400000001129e+03 -3.512101900000001478e+03 1.385031399999999849e+04 1.053070200000000000e+07 1.003330100000000000e+07 7.447131400000000667e+01
  dtu_10mw_rwt_turb_16.0_55769.dat 1.574480699999999800e+01 1.061530099999999921e+00 1.516212399999999616e+04 1.173929099999998471e+03 2.279772599999999727e+01 1.434922499999999709e+05 3.569510599999999977e+04 1.556854199999999400e+04 1.341000899999999820e+04 -9.246786300000005212e+03 7.795664499999991222e+02 1.532190499999998246e+04 1.066870100000000000e+07 1.003710100000000000e+07 7.459810699999999883e+01
  dtu_10mw_rwt_turb_17.0_21716.dat 1.759260000000000090e+01 1.055560199999999949e+00 1.576801699999999801e+04 1.226547899999998663e+03 2.408722699999999506e+01 1.580435699999998906e+05 4.290063599999996222e+04 1.534160399999998299e+04 1.272261599999999817e+04 -8.447669000000001688e+03 -3.157241600003068172e+01 1.495904299999999239e+04 1.102810200000000000e+07 1.006670000000000000e+07 7.453853599999999346e+01
  dtu_10mw_rwt_turb_17.0_40322.dat 1.607650299999999888e+01 1.050881199999999849e+00 1.460820799999999872e+04 1.029271199999999908e+03 2.267112399999999539e+01 1.288182199999999721e+05 3.187356699999998818e+04 1.569075399999999172e+04 1.234879999999999927e+04 -9.770928800000001502e+03 -5.571160400000120489e+02 1.415470299999999952e+04 1.052000400000000000e+07 1.002230100000000000e+07 7.462471499999999480e+01
  dtu_10mw_rwt_turb_17.0_43619.dat 1.764720699999999809e+01 1.067330200000000007e+00 1.485823799999999392e+04 1.151912699999999631e+03 2.642702599999999435e+01 1.411740499999999884e+05 4.128292499999999563e+04 1.921824099999999453e+04 1.268010299999999916e+04 -9.391571500000007291e+03 -2.253655900000088650e+02 1.407361999999999716e+04 1.066200600000000000e+07 1.003310000000000000e+07 7.456384199999999396e+01
  dtu_10mw_rwt_turb_17.0_47165.dat 1.644692599999999416e+01 1.072780099999999903e+00 1.593250399999999900e+04 1.249317999999997028e+03 2.334701199999999943e+01 1.537424199999997800e+05 3.930076299999999173e+04 1.952410799999999654e+04 1.243520699999999852e+04 -9.291746199999999590e+03 -5.074932200000069997e+02 1.387376899999998932e+04 1.076800300000000000e+07 1.003360000000000000e+07 7.472750000000000625e+01
  dtu_10mw_rwt_turb_17.0_47952.dat 1.513340099999999921e+01 1.058070100000000124e+00 1.504568499999998676e+04 1.018460100000000011e+03 2.344820400000000049e+01 1.345406399999998976e+05 4.354549799999998504e+04 1.614080499999999847e+04 1.269870199999999932e+04 -9.623509700000000521e+03 -7.431569000000057486e+02 1.451011899999999696e+04 1.044380200000000000e+07 1.002350100000000000e+07 7.459841099999999869e+01
  dtu_10mw_rwt_turb_17.0_50292.dat 1.768250199999999950e+01 1.064730200000000071e+00 1.476784799999999268e+04 1.099280799999999772e+03 2.489475299999999081e+01 1.392570199999999895e+05 3.520247799999998824e+04 1.604534299999997711e+04 1.277839999999999964e+04 -9.596271600000003673e+03 -4.015603500000185022e+02 1.438230899999999929e+04 1.059081299999999627e+07 1.002580000000000000e+07 7.456990400000000818e+01
  dtu_10mw_rwt_turb_18.0_14324.dat 1.818831100000000234e+01 1.063410099999999803e+00 1.561120000000000073e+04 1.028691499999999678e+03 2.596506399999999104e+01 1.295172899999999499e+05 4.061334199999997509e+04 2.019350499999999738e+04 1.258231899999999769e+04 -8.993849000000005617e+03 2.738031899999980396e+03 1.431064299999999275e+04 1.090530200000000000e+07 1.004990100000000000e+07 7.474411200000000122e+01
  dtu_10mw_rwt_turb_18.0_26862.dat 1.771610400000000141e+01 1.057810099999999975e+00 1.448870799999999872e+04 9.449550799999999526e+02 2.419371799999999695e+01 1.253362699999997858e+05 3.990918699999998353e+04 1.895410899999999674e+04 1.247291499999999724e+04 -9.712938000000001921e+03 8.791924899999922900e+02 1.475070799999999872e+04 1.061180100000000000e+07 1.002310000000000000e+07 7.473390300000001218e+01
  dtu_10mw_rwt_turb_18.0_47824.dat 1.619800100000000143e+01 1.051460000000000061e+00 1.457182199999999648e+04 1.070060399999999845e+03 2.243024899999999278e+01 1.407198599999998696e+05 3.373374999999998545e+04 1.482151699999999801e+04 1.291670699999999852e+04 -9.474453200000003562e+03 -1.814142400000002908e+03 1.442090799999999945e+04 1.082640799999999814e+07 1.003620000000000000e+07 7.462310799999998778e+01
  dtu_10mw_rwt_turb_18.0_51321.dat 1.980801399999999646e+01 1.063210100000000047e+00 1.544928199999998651e+04 1.042402399999999716e+03 2.604750699999999952e+01 1.335222499999999709e+05 4.997343899999999849e+04 2.285952799999999479e+04 1.294900499999999920e+04 -9.518586100000002261e+03 2.823502699999998185e+03 1.464452599999999620e+04 1.101160499999999814e+07 1.003280000000000000e+07 7.475510700000000952e+01
  dtu_10mw_rwt_turb_18.0_52263.dat 1.757900000000000063e+01 1.063440099999999777e+00 1.487920399999999972e+04 1.004980499999999893e+03 2.465741699999999526e+01 1.379941899999999732e+05 4.310130999999998312e+04 1.638241499999998086e+04 1.258370199999999932e+04 -9.504606300000003102e+03 -1.000505600000011896e+03 1.456965699999999015e+04 1.061070600000000000e+07 1.002870000000000000e+07 7.461631799999999259e+01
  dtu_10mw_rwt_turb_18.0_55769.dat 1.826119999999999877e+01 1.064810099999999871e+00 1.582876899999998932e+04 9.995839299999988725e+02 2.540661100000000161e+01 1.343770499999999884e+05 5.071715799999995943e+04 1.703002999999994790e+04 1.361330299999999988e+04 -9.516055000000000291e+03 4.056364499999992859e+03 1.582450199999998404e+04 1.076390100000000000e+07 1.002670000000000000e+07 7.470470600000000161e+01
  dtu_10mw_rwt_turb_19.0_21716.dat 2.004060899999999990e+01 1.061940099999999942e+00 1.645973299999999290e+04 1.094832099999999627e+03 2.687211199999999778e+01 1.470940699999999779e+05 4.841419099999998434e+04 1.678284199999999328e+04 1.289880099999999948e+04 -8.473349200000006022e+03 2.356835899999987760e+03 1.540870399999999972e+04 1.121500000000000000e+07 1.006690100000000000e+07 7.466170599999999524e+01
  dtu_10mw_rwt_turb_19.0_40322.dat 1.856190000000000140e+01 1.057840499999999739e+00 1.532883499999999367e+04 9.385838699999992514e+02 2.501291299999999751e+01 1.220401899999999732e+05 3.785150799999999435e+04 1.745518399999998655e+04 1.257542499999999563e+04 -9.685684100000002218e+03 2.693084399999999277e+03 1.448191199999999844e+04 1.058680000000000000e+07 1.002270000000000000e+07 7.472750299999999868e+01
  dtu_10mw_rwt_turb_19.0_43619.dat 1.997690599999999961e+01 1.075860200000000155e+00 1.552073399999999492e+04 1.021330299999999966e+03 2.881211999999998241e+01 1.322230899999999674e+05 3.834358999999993830e+04 2.021932799999997951e+04 1.273030699999999888e+04 -9.404404300000000148e+03 2.061323599999994713e+03 1.461181299999999828e+04 1.077540200000000000e+07 1.003050000000000000e+07 7.468270199999999193e+01
  dtu_10mw_rwt_turb_19.0_47165.dat 1.892993799999999638e+01 1.079522099999999707e+00 1.666962499999999636e+04 1.130790699999999788e+03 2.575903499999999369e+01 1.435922899999999499e+05 4.737613099999999395e+04 2.090501399999998466e+04 1.260002699999999641e+04 -9.218180200000002515e+03 2.436778299999994033e+03 1.432074699999999211e+04 1.092600500000000000e+07 1.003670100000000000e+07 7.484071099999999888e+01
  dtu_10mw_rwt_turb_19.0_47952.dat 1.783389999999999986e+01 1.062080099999999971e+00 1.586074599999999191e+04 9.418433299999995825e+02 2.587930300000000017e+01 1.296305299999999115e+05 5.125288299999998708e+04 1.778622199999996519e+04 1.287900399999999900e+04 -9.546524100000002363e+03 2.355674599999989823e+03 1.508015199999999095e+04 1.052320000000000000e+07 1.002540000000000000e+07 7.472130099999999686e+01
  dtu_10mw_rwt_turb_19.0_50292.dat 2.013329999999999842e+01 1.073639999999999928e+00 1.566350100000000020e+04 9.872539899999998170e+02 2.769522799999999663e+01 1.287503499999999331e+05 3.795861499999999069e+04 1.745140499999999884e+04 1.297211699999999655e+04 -9.555399300000000949e+03 1.537226299999998901e+03 1.465847499999998763e+04 1.066051099999999814e+07 1.002710000000000000e+07 7.470780299999999841e+01
  dtu_10mw_rwt_turb_20.0_14324.dat 2.055980299999999872e+01 1.074720399999999687e+00 1.656530199999999604e+04 9.592395499999998947e+02 2.856990599999999958e+01 1.258241399999999849e+05 4.850262599999998929e+04 2.213147899999997026e+04 1.282170199999999932e+04 -9.103158999999999651e+03 5.966086799999982759e+03 1.499560299999999916e+04 1.102720299999999814e+07 1.004400100000000000e+07 7.484661699999999485e+01
  dtu_10mw_rwt_turb_20.0_26862.dat 2.015660500000000255e+01 1.066690699999999659e+00 1.497495099999999184e+04 8.681111099999997123e+02 2.634763399999999223e+01 1.247632999999999447e+05 5.149721799999997893e+04 2.080332899999999427e+04 1.271100299999999879e+04 -9.656824699999999211e+03 3.120254599999981565e+03 1.501071999999999753e+04 1.072940400000000000e+07 1.002480100000000000e+07 7.481591699999998468e+01
  dtu_10mw_rwt_turb_20.0_47824.dat 1.870010100000000008e+01 1.061390400000000067e+00 1.546376199999998971e+04 9.612469599999993761e+02 2.488443099999999220e+01 1.269671299999999756e+05 4.766980899999993562e+04 1.656740099999999802e+04 1.311432399999999689e+04 -9.689548699999999371e+03 8.652931199999953833e+02 1.446560899999999856e+04 1.092510800000000000e+07 1.002170000000000000e+07 7.474911599999998657e+01
  dtu_10mw_rwt_turb_20.0_51321.dat 2.207910400000000095e+01 1.072160299999999955e+00 1.652839799999998286e+04 9.348744299999999612e+02 2.865173299999999657e+01 1.284954799999999232e+05 5.312684799999999086e+04 2.423211199999999735e+04 1.316590799999999945e+04 -9.474739100000000690e+03 4.728486699999991288e+03 1.478563799999999355e+04 1.120330200000000000e+07 1.003230000000000000e+07 7.485180800000000545e+01
  dtu_10mw_rwt_turb_20.0_52263.dat 1.989170400000000072e+01 1.070590299999999884e+00 1.545052699999999641e+04 9.334562399999999798e+02 2.726361699999999644e+01 1.294472299999999523e+05 4.783546499999997468e+04 1.838866999999998734e+04 1.277140099999999984e+04 -9.244971300000001065e+03 1.438740199999998367e+03 1.502621999999999753e+04 1.069100100000000000e+07 1.004110000000000000e+07 7.471381800000000339e+01
  dtu_10mw_rwt_turb_20.0_55769.dat 2.048650400000000005e+01 1.074400100000000080e+00 1.671379999999999927e+04 9.365780999999994947e+02 2.809270700000000076e+01 1.278823299999999581e+05 5.197404399999981979e+04 1.888691500000000087e+04 1.387144599999999264e+04 -9.002240300000008574e+03 6.173150399999985893e+03 1.669031299999999464e+04 1.085440500000000000e+07 1.004720100000000000e+07 7.480532200000000387e+01
  dtu_10mw_rwt_turb_21.0_21716.dat 2.241520099999999616e+01 1.066040100000000157e+00 1.762240599999999904e+04 1.013421699999999760e+03 2.983490899999999968e+01 1.375540200000000186e+05 4.703622599999998056e+04 1.845443699999996170e+04 1.309162099999999737e+04 -8.338027000000001863e+03 5.006775699999997414e+03 1.602974399999999332e+04 1.142660600000000000e+07 1.008300000000000000e+07 7.475192900000000407e+01
  dtu_10mw_rwt_turb_21.0_40322.dat 2.084670499999999649e+01 1.064870799999999784e+00 1.646400300000000061e+04 8.877257899999998472e+02 2.740431499999999687e+01 1.230901299999999901e+05 4.563580200000000332e+04 1.991610599999999613e+04 1.279421799999999712e+04 -9.415639499999999316e+03 4.378516499999996995e+03 1.529566399999998976e+04 1.070200799999999814e+07 1.003580000000000000e+07 7.481330200000000730e+01
  dtu_10mw_rwt_turb_21.0_43619.dat 2.214141000000000048e+01 1.083839999999999915e+00 1.623006899999998859e+04 9.437555399999998826e+02 3.110963999999999530e+01 1.270331299999999756e+05 4.550943299999998271e+04 2.191612099999999555e+04 1.288280999999999767e+04 -9.375553600000001097e+03 5.388482199999994918e+03 1.493941599999999744e+04 1.087750100000000000e+07 1.003290000000000000e+07 7.476700300000000254e+01
  dtu_10mw_rwt_turb_21.0_47165.dat 2.120290399999999664e+01 1.087231699999999801e+00 1.741110099999999875e+04 1.053681499999996504e+03 2.830718499999998627e+01 1.404591599999999744e+05 4.501790499999999884e+04 2.240180199999999968e+04 1.272700299999999879e+04 -8.769332700000017212e+03 5.110027899999993679e+03 1.459690399999999863e+04 1.111820100000000000e+07 1.005250300000000000e+07 7.493794499999998493e+01
  dtu_10mw_rwt_turb_21.0_47952.dat 2.032850099999999927e+01 1.067139999999999977e+00 1.675020100000000093e+04 8.978755999999998494e+02 2.842153199999999558e+01 1.283541099999999860e+05 5.106775499999994645e+04 1.969494399999999587e+04 1.308862199999999575e+04 -9.448597799999999552e+03 5.371716999999990549e+03 1.528426399999999012e+04 1.063600899999999814e+07 1.003320000000000000e+07 7.484740999999999644e+01
  dtu_10mw_rwt_turb_21.0_50292.dat 2.232781899999999453e+01 1.084120099999999809e+00 1.617531399999999849e+04 9.150604099999998198e+02 3.050675899999998819e+01 1.227593099999999395e+05 4.274002099999997881e+04 1.826851099999999860e+04 1.314170599999999831e+04 -9.415519899999999325e+03 3.870451199999963137e+03 1.525061499999999796e+04 1.073430899999999814e+07 1.002760000000000000e+07 7.480851599999999735e+01
  dtu_10mw_rwt_turb_22.0_14324.dat 2.269703099999999552e+01 1.083660100000000126e+00 1.712560499999999956e+04 9.091387199999999211e+02 3.110154599999999192e+01 1.250162599999999511e+05 6.533566099999999278e+04 2.464220200000000114e+04 1.321142299999999705e+04 -9.157639800000000832e+03 8.034380999999992127e+03 1.556123099999999431e+04 1.117321099999999814e+07 1.004510000000000000e+07 7.494640399999998692e+01
  dtu_10mw_rwt_turb_22.0_26862.dat 2.238171399999999522e+01 1.070100100000000110e+00 1.596651499999999760e+04 8.330463999999999487e+02 2.883341999999999672e+01 1.255524599999999336e+05 4.768887699999998586e+04 2.327354399999997622e+04 1.282880199999999968e+04 -9.522349600000001374e+03 5.964816799999979594e+03 1.542723099999999431e+04 1.087710200000000000e+07 1.002800000000000000e+07 7.490223299999999540e+01
  dtu_10mw_rwt_turb_22.0_47824.dat 2.097560199999999853e+01 1.068301299999999676e+00 1.594200599999999940e+04 8.836653599999992821e+02 2.727300999999999931e+01 1.237830999999999767e+05 4.348191999999999825e+04 1.777367199999998775e+04 1.314563299999999435e+04 -9.334589500000001863e+03 3.525335399999970377e+03 1.509160599999998340e+04 1.103360500000000000e+07 1.004240100000000000e+07 7.484250699999999767e+01
  dtu_10mw_rwt_turb_22.0_51321.dat 2.410523199999999733e+01 1.078589999999999938e+00 1.702793699999999444e+04 8.615326399999997875e+02 3.121010700000000071e+01 1.307332399999999616e+05 5.790895099999999366e+04 2.584439799999998286e+04 1.336684299999999348e+04 -9.371597400000000562e+03 6.728531299999999646e+03 1.541747999999998683e+04 1.126960100000000000e+07 1.003230000000000000e+07 7.495910400000001061e+01
  dtu_10mw_rwt_turb_22.0_52263.dat 2.206530099999999806e+01 1.081270399999999965e+00 1.611531999999999607e+04 8.739586099999999078e+02 2.986931699999999523e+01 1.249373099999999540e+05 5.430891199999994569e+04 1.976966099999997095e+04 1.300890200000000004e+04 -9.439865400000002410e+03 3.803363499999997657e+03 1.532312399999999616e+04 1.077700199999999814e+07 1.002780000000000000e+07 7.481372699999998588e+01
  dtu_10mw_rwt_turb_22.0_55769.dat 2.270401499999999828e+01 1.078910200000000152e+00 1.746950199999999677e+04 8.698725199999989854e+02 3.062284899999999510e+01 1.278392099999999627e+05 5.655081699999999546e+04 2.033060299999999916e+04 1.398523399999999492e+04 -9.135479699999999866e+03 8.985471599999998944e+03 1.741350099999999657e+04 1.099450000000000000e+07 1.003900000000000000e+07 7.487338199999999233e+01
  dtu_10mw_rwt_turb_23.0_21716.dat 2.462210199999999816e+01 1.074120099999999800e+00 1.852153199999999197e+04 9.600127599999995027e+02 3.274220399999999387e+01 1.371960599999999686e+05 5.057290600000000268e+04 2.037278099999998813e+04 1.332640499999999884e+04 -9.290349900000001071e+03 7.407310799999993833e+03 1.707820100000000093e+04 1.163740100000000000e+07 1.003640000000000000e+07 7.484051200000000392e+01
  dtu_10mw_rwt_turb_23.0_40322.dat 2.295862099999999728e+01 1.070890499999999745e+00 1.711331099999999788e+04 8.562148499999993874e+02 2.982820500000000052e+01 1.213951099999999860e+05 5.126503699999999662e+04 2.126191100000000006e+04 1.298750299999999879e+04 -9.419689200000000710e+03 6.644076699999994162e+03 1.549695099999997547e+04 1.073030299999999814e+07 1.002980100000000000e+07 7.490390199999998799e+01
  dtu_10mw_rwt_turb_23.0_43619.dat 2.412520200000000159e+01 1.090470300000000003e+00 1.689445499999999083e+04 8.739593299999999090e+02 3.327318599999998128e+01 1.248118499999998603e+05 5.564706399999997666e+04 2.225338899999998466e+04 1.309000499999999920e+04 -9.358771200000001045e+03 6.336446999999992840e+03 1.517643599999999424e+04 1.096520000000000000e+07 1.002830000000000000e+07 7.485342099999999732e+01
  dtu_10mw_rwt_turb_23.0_47165.dat 2.329610999999999876e+01 1.094390299999999927e+00 1.804310399999999936e+04 9.857990399999999909e+02 3.082579299999998668e+01 1.336663499999999476e+05 5.021466799999998329e+04 2.422593599999999424e+04 1.289620099999999911e+04 -8.699616200000004028e+03 6.632320399999996880e+03 1.504991299999999865e+04 1.130680999999999814e+07 1.006350000000000000e+07 7.504292000000000940e+01
  dtu_10mw_rwt_turb_23.0_47952.dat 2.253300399999999826e+01 1.075890299999999966e+00 1.755431199999998353e+04 8.570956499999998641e+02 3.088674599999999515e+01 1.307160099999999948e+05 6.718998199999997451e+04 2.151430599999999686e+04 1.333530099999999948e+04 -9.423944700000001831e+03 8.317820899999989706e+03 1.618916699999998855e+04 1.072050100000000000e+07 1.002980000000000000e+07 7.490892000000000905e+01
  dtu_10mw_rwt_turb_23.0_50292.dat 2.446730900000000020e+01 1.095230399999999937e+00 1.727435599999998885e+04 8.773479499999998552e+02 3.317916099999998636e+01 1.265896899999998859e+05 5.155556299999998737e+04 1.951199999999998545e+04 1.336850799999999799e+04 -9.324861900000003516e+03 6.229297699999995530e+03 1.574152599999999620e+04 1.082720200000000000e+07 1.003190000000000000e+07 7.489021400000000028e+01
  dtu_10mw_rwt_turb_24.0_14324.dat 2.465320199999999673e+01 1.090580200000000222e+00 1.825932999999999447e+04 8.738397699999990209e+02 3.353752199999999561e+01 1.237400199999999895e+05 5.446448099999998522e+04 2.581731199999999808e+04 1.316130699999999888e+04 -8.829065100000021630e+03 1.008376599999998871e+04 1.631474499999999352e+04 1.134520500000000000e+07 1.006380000000000000e+07 7.502891199999999117e+01
  dtu_10mw_rwt_turb_24.0_26862.dat 2.455070699999999917e+01 1.077099999999999946e+00 1.676097999999998865e+04 8.046068599999995286e+02 3.138340200000000024e+01 1.264950000000000000e+05 6.509914199999997072e+04 2.523307699999998658e+04 1.320061899999999696e+04 -9.457085100000002058e+03 8.441685599999980695e+03 1.562620099999999911e+04 1.102840100000000000e+07 1.003120000000000000e+07 7.496930100000000152e+01
  dtu_10mw_rwt_turb_24.0_47824.dat 2.318939999999999912e+01 1.072990899999999970e+00 1.690810099999999875e+04 8.485214199999999209e+02 2.961452699999999538e+01 1.259050399999999936e+05 5.094932999999999447e+04 1.990135999999998967e+04 1.342651399999999740e+04 -9.381287300000001778e+03 6.061160100000000057e+03 1.555650899999999820e+04 1.110292799999999627e+07 1.003700000000000000e+07 7.492524499999998966e+01
  dtu_10mw_rwt_turb_24.0_51321.dat 2.610681399999999641e+01 1.085250099999999884e+00 1.889852499999999782e+04 8.467983399999999392e+02 3.377011099999999999e+01 1.302030099999999948e+05 5.720561499999999796e+04 2.735839699999998265e+04 1.357640999999999804e+04 -9.286556400000001304e+03 9.203731099999995422e+03 1.573005499999999120e+04 1.148749499999998510e+07 1.003460000000000000e+07 7.503392900000000054e+01
  dtu_10mw_rwt_turb_24.0_52263.dat 2.410880200000000073e+01 1.090190100000000051e+00 1.733845699999999124e+04 8.456304399999995667e+02 3.238102999999999554e+01 1.277260299999999843e+05 5.557426299999995535e+04 2.145987599999998929e+04 1.315611599999999817e+04 -9.284359000000000378e+03 5.801320499999999811e+03 1.526571399999998175e+04 1.090930100000000000e+07 1.003640100000000000e+07 7.489200599999999497e+01
  dtu_10mw_rwt_turb_24.0_55769.dat 2.459713599999999545e+01 1.088240499999999944e+00 1.825982999999999447e+04 8.388992299999996476e+02 3.298320499999998390e+01 1.298101099999999860e+05 5.384805199999997421e+04 2.133460599999999977e+04 1.412980999999999767e+04 -9.135957400000001144e+03 1.054796499999998923e+04 1.840310499999999593e+04 1.112430200000000000e+07 1.003820000000000000e+07 7.496610099999999477e+01
   dtu_10mw_rwt_turb_5.0_21716.dat 2.680709999999999926e+00 6.330700200000000111e-01 3.427373299999999290e+03 5.165363799999996672e+02 8.061424399999999935e+00 7.441142399999998452e+04 1.490131199999999808e+04 1.956528799999997091e+03 3.336390100000000075e+03 -5.576959900000000516e+02 -3.101204800000004070e+03 9.734297800000000279e+03 2.909580500000000000e+06 1.837890099999999860e+06 7.472890899999998737e+01
   dtu_10mw_rwt_turb_5.0_40322.dat 2.680709999999999926e+00 6.326270700000000691e-01 2.990916999999999007e+03 5.273540399999999408e+02 7.888210100000000224e+00 7.511879499999996915e+04 1.002451499999999760e+04 9.301762699999970891e+02 2.603811399999999594e+03 -5.613716000000001713e+02 -3.815107900000000427e+03 9.322991299999999683e+03 2.508954899999999441e+06 1.585111099999999860e+06 7.474041399999998703e+01
   dtu_10mw_rwt_turb_5.0_43619.dat 2.680709999999999926e+00 6.337249999999999828e-01 4.963264399999990019e+03 6.360619199999998727e+02 1.011350099999999941e+01 1.080902899999999645e+05 1.625885599999999067e+04 4.967692099999992024e+03 4.772966499999998632e+03 -6.422929599999999937e+02 -2.282373300000004292e+03 1.012930499999999847e+04 4.013431899999999907e+06 2.536243399999999441e+06 7.470360399999998435e+01
   dtu_10mw_rwt_turb_5.0_47165.dat 2.680709999999999926e+00 6.331540100000000448e-01 3.089623199999997723e+03 5.190951000000000022e+02 9.220864699999991032e+00 9.852536499999996158e+04 1.242116699999998855e+04 4.105681399999994937e+03 2.737473799999999301e+03 -5.810719200000002047e+02 -2.854979500000001735e+03 9.318594800000000760e+03 2.272828099999998696e+06 1.435780199999999953e+06 7.478679999999999950e+01
   dtu_10mw_rwt_turb_5.0_47952.dat 2.680709999999999926e+00 6.311320000000000263e-01 2.451132099999999809e+03 4.875256399999998962e+02 8.350740599999999958e+00 8.305509799999998359e+04 1.136946999999998843e+04 1.219221299999999701e+03 2.513254299999999148e+03 -5.223887900000001991e+02 -2.350549500000008265e+03 9.305970499999999447e+03 1.872222499999999534e+06 1.178232199999999721e+06 7.479153199999998947e+01
   dtu_10mw_rwt_turb_5.0_50292.dat 2.680709999999999926e+00 6.333920199999999445e-01 3.064002999999999702e+03 5.146037399999997888e+02 7.496320199999999545e+00 8.258302799999999115e+04 1.355490399999999863e+04 2.636487099999997099e+03 3.558642899999999372e+03 -2.344583900000000938e+02 -2.104354000000004362e+03 9.632338199999998324e+03 2.779272299999999348e+06 1.754622199999999721e+06 7.481583399999999529e+01
   dtu_10mw_rwt_turb_6.0_14324.dat 1.647241299999999908e+00 6.355880100000000921e-01 5.626440200000000004e+03 7.015381499999999733e+02 9.589300599999999619e+00 1.131024899999999179e+05 1.772500100000000020e+04 4.619513499999996384e+03 4.981366599999999380e+03 -2.098228100000000268e+03 -5.721138000000003558e+03 9.824922599999999875e+03 4.536542700000000186e+06 2.876151100000000093e+06 7.465573399999999538e+01
   dtu_10mw_rwt_turb_6.0_26862.dat 2.344530099999999617e+00 6.357120400000001448e-01 5.436892100000000028e+03 7.051180399999999509e+02 9.601584099999998401e+00 9.844931100000000151e+04 1.865924999999999272e+04 3.761565199999997731e+03 5.224385999999998603e+03 -1.796808500000000322e+03 -6.091536100000012084e+03 1.012970099999999911e+04 4.689184499999999069e+06 2.955040399999999907e+06 7.463772199999999657e+01
   dtu_10mw_rwt_turb_6.0_47824.dat 2.680709999999999926e+00 6.324410200000000204e-01 3.313010999999999967e+03 5.544344499999999698e+02 8.100211599999994405e+00 8.787712799999998242e+04 1.125629399999995258e+04 1.230234099999996033e+03 3.406305599999999231e+03 -2.015199500000001649e+02 -1.811078400000009879e+03 9.755483299999999872e+03 2.704400199999999721e+06 1.707520799999999814e+06 7.476123599999999669e+01
   dtu_10mw_rwt_turb_6.0_51321.dat 2.636650700000000125e+00 6.501160899999999243e-01 6.471780899999999747e+03 7.843570799999999963e+02 1.097170799999999957e+01 1.148991399999999703e+05 2.076934599999999045e+04 5.064836899999997513e+03 5.790710899999998219e+03 -1.216779700000000048e+03 -4.155875600000000304e+03 1.018020399999999972e+04 5.506640200000000186e+06 3.582370600000000093e+06 7.463792999999999722e+01
   dtu_10mw_rwt_turb_6.0_52263.dat 2.680709999999999926e+00 6.341960199999999714e-01 4.524341499999999542e+03 6.001904699999998911e+02 9.065741100000000330e+00 8.815511200000000827e+04 1.275553099999999540e+04 1.863283199999999397e+03 4.348162899999999354e+03 -1.128996800000000576e+03 -4.601501100000001315e+03 9.974802099999998973e+03 3.813978499999998603e+06 2.409395899999998976e+06 7.469331599999998161e+01
   dtu_10mw_rwt_turb_6.0_55769.dat 2.506670000000000176e+00 6.362240100000000620e-01 6.137642299999997704e+03 7.033161899999997786e+02 9.900827099999998993e+00 1.209151399999999703e+05 2.754653799999992771e+04 3.706020199999999932e+03 5.607823399999997491e+03 -1.666866900000000442e+03 -2.943450500000014472e+03 1.056480999999999767e+04 4.930162099999999627e+06 3.127840700000000186e+06 7.463561299999999221e+01
   dtu_10mw_rwt_turb_7.0_21716.dat 1.044105799999999196e+00 7.104362599999999306e-01 8.305470499999999447e+03 9.483874599999999191e+02 1.039620100000000136e+01 1.241365099999999220e+05 2.338805099999995946e+04 5.712671999999996842e+03 7.344766599999999016e+03 -1.964779999999999973e+03 -5.591878200000001925e+03 1.141242099999999664e+04 6.584330900000000373e+06 4.680862099999999627e+06 7.448706199999999455e+01
   dtu_10mw_rwt_turb_7.0_40322.dat 2.680140700000000376e+00 6.558190700000000595e-01 6.887480800000000272e+03 8.074106899999997040e+02 1.007130100000000006e+01 1.137870699999999779e+05 2.118261799999999857e+04 3.559784599999995862e+03 6.102141700000000128e+03 -2.230328899999999976e+03 -6.370758400000003348e+03 1.054889999999999964e+04 5.601791599999999627e+06 3.675800200000000186e+06 7.453130099999999914e+01
   dtu_10mw_rwt_turb_7.0_43619.dat 1.968171799999999694e+00 7.556870900000000058e-01 9.225052999999998065e+03 1.028740299999999934e+03 1.231090999999999802e+01 1.414760599999999977e+05 2.467071899999998277e+04 8.945495399999977963e+03 8.594933800000000701e+03 -1.902076300000000629e+03 -5.005055300000002717e+03 1.150253199999999561e+04 7.439440400000000373e+06 5.624970899999999441e+06 7.449362000000000705e+01
   dtu_10mw_rwt_turb_7.0_47165.dat 2.004470599999999880e+00 6.414170100000000652e-01 6.912032099999999446e+03 7.865283499999999322e+02 1.146162199999998066e+01 1.376341399999999849e+05 2.861007399999998961e+04 6.159098699999981363e+03 6.390560000000000400e+03 -1.968308700000000272e+03 -5.043986900000000787e+03 1.043341599999999744e+04 5.360950200000000186e+06 3.441210199999999721e+06 7.462031199999999842e+01
   dtu_10mw_rwt_turb_7.0_47952.dat 1.845670799999999723e+00 6.344930299999999024e-01 5.468732799999999770e+03 6.894434099999999717e+02 1.037570400000000070e+01 1.159561699999999691e+05 2.176101899999998204e+04 3.680320099999996728e+03 5.788639699999998811e+03 -2.303639300000000276e+03 -5.779305200000008881e+03 1.028311199999999735e+04 4.788981200000000186e+06 3.022693699999999255e+06 7.458670099999999081e+01
   dtu_10mw_rwt_turb_7.0_50292.dat 2.468500600000000045e+00 6.867159999999999931e-01 7.526285299999989547e+03 8.713630100000000311e+02 1.023060100000000006e+01 1.235151199999999808e+05 2.292193899999999485e+04 4.592083699999999226e+03 7.261839199999998527e+03 -1.429818700000000263e+03 -4.383229400000001988e+03 1.110283599999999387e+04 6.135913899999999441e+06 4.213421599999999627e+06 7.463612700000000189e+01
   dtu_10mw_rwt_turb_8.0_14324.dat 9.751332999999925977e-02 7.701927899999998495e-01 9.797277699999993274e+03 1.101570799999999963e+03 1.212261699999999820e+01 1.473922799999999697e+05 2.929947599999996964e+04 8.650531099999998332e+03 8.316323699999999008e+03 -4.775005800000002637e+03 -8.866515900000003967e+03 1.117271799999999712e+04 7.724200700000000186e+06 5.951641099999999627e+06 7.443613399999998137e+01
   dtu_10mw_rwt_turb_8.0_26862.dat 7.301413500000000223e-01 7.736410100000000734e-01 9.155780899999999747e+03 1.089170200000000023e+03 1.212261299999999764e+01 1.369150999999999767e+05 2.522360399999999936e+04 7.501755999999991218e+03 8.833516299999999319e+03 -4.282838400000000547e+03 -9.079771100000003571e+03 1.144729999999999927e+04 7.784690799999999814e+06 6.021040099999999627e+06 7.439990100000001405e+01
   dtu_10mw_rwt_turb_8.0_47824.dat 2.035961599999999816e+00 6.491940100000000990e-01 6.843624999999999091e+03 7.973817999999998847e+02 1.031782399999999456e+01 1.264202099999999627e+05 2.315910799999999654e+04 3.809059599999996863e+03 6.598932699999999386e+03 -1.300149200000000064e+03 -3.623271000000015647e+03 1.111260199999999895e+04 5.483744099999999627e+06 3.560800000000000000e+06 7.458640199999999254e+01
   dtu_10mw_rwt_turb_8.0_51321.dat 1.240530999999999828e+00 8.475760900000000042e-01 1.088551799999999639e+04 1.321020599999999831e+03 1.348393999999999338e+01 1.564263999999999360e+05 2.627959299999998257e+04 6.901034099999998944e+03 9.727094600000000355e+03 -3.106388900000000376e+03 -6.736892300000001342e+03 1.148176299999998992e+04 9.348781300000000745e+06 7.923893399999999441e+06 7.439393200000000661e+01
   dtu_10mw_rwt_turb_8.0_52263.dat 2.045500699999999838e+00 7.426234299999999733e-01 8.897093800000000556e+03 1.016201099999999769e+03 1.150741199999999687e+01 1.317670399999999790e+05 2.557744299999997384e+04 4.280962199999996301e+03 8.228328999999996086e+03 -3.159583200000000943e+03 -7.163659500000001572e+03 1.135800000000000000e+04 7.167281600000000559e+06 5.319627299999998882e+06 7.447312900000000013e+01
   dtu_10mw_rwt_turb_8.0_55769.dat 6.766530099999998882e-01 8.005550500000000458e-01 1.058950299999999879e+04 1.172660200000000032e+03 1.228051299999999735e+01 1.494271699999999837e+05 3.180937099999998827e+04 9.176263199999995777e+03 9.526034100000000763e+03 -3.962414600000000974e+03 -5.427731500000006235e+03 1.225432499999999527e+04 8.338860299999999814e+06 6.674741200000000186e+06 7.436370399999999847e+01
   dtu_10mw_rwt_turb_9.0_21716.dat 7.328352100000000142e-05 9.085130100000000652e-01 1.284751399999999740e+04 1.523900799999999890e+03 1.288590099999999872e+01 1.777640400000000081e+05 2.319429599999998391e+04 1.049488599999998587e+04 1.180131299999999828e+04 -3.733515500000004067e+03 -7.785277300000003379e+03 1.297501099999999860e+04 1.064630000000000000e+07 9.674691399999998510e+06 7.415290300000000911e+01
   dtu_10mw_rwt_turb_9.0_40322.dat 1.262754199999999383e+00 8.315000099999999561e-01 1.067900200000000041e+04 1.263010499999999865e+03 1.241920599999999908e+01 1.532673999999999360e+05 2.015663699999999517e+04 7.633642599999999220e+03 9.764699899999995978e+03 -5.079816500000001724e+03 -9.568118300000000090e+03 1.201840999999999804e+04 8.996531000000000000e+06 7.480132799999998882e+06 7.421230699999999558e+01
   dtu_10mw_rwt_turb_9.0_43619.dat 1.529536099999995846e+00 1.006950299999999965e+00 1.345625799999999072e+04 1.600790799999999763e+03 1.528724599999999256e+01 1.935163799999999173e+05 2.694551999999999680e+04 1.526470699999999852e+04 1.233470499999999993e+04 -4.345426200000000790e+03 -8.708190300000002026e+03 1.287894099999999344e+04 1.065110000000000000e+07 1.002680300000000000e+07 7.421611099999998373e+01
   dtu_10mw_rwt_turb_9.0_47165.dat 3.521177199999987462e-01 8.225392299999999546e-01 1.127790699999999924e+04 1.281210599999999886e+03 1.384710099999999855e+01 1.578003199999999488e+05 2.709791799999999785e+04 1.026725099999999111e+04 9.899350000000000364e+03 -4.436515500000000429e+03 -7.224580400000025293e+03 1.208731299999999828e+04 8.804360400000000373e+06 7.241533599999999627e+06 7.435532399999999598e+01
   dtu_10mw_rwt_turb_9.0_47952.dat 7.622163999999999144e-05 7.749090199999999484e-01 9.352536200000000463e+03 1.079011099999999715e+03 1.273972099999999585e+01 1.470491599999999744e+05 2.413619399999998132e+04 7.835516499999998814e+03 9.033837999999994281e+03 -5.544490100000001803e+03 -9.075264000000006490e+03 1.184621899999999732e+04 7.814592599999997765e+06 6.055652799999997951e+06 7.432401000000000124e+01
   dtu_10mw_rwt_turb_9.0_50292.dat 7.213490399999997749e-01 8.881220799999999249e-01 1.214730599999999868e+04 1.446490599999999858e+03 1.312340199999999868e+01 1.667830299999999988e+05 2.501760299999999916e+04 8.066119299999998475e+03 1.184331799999999748e+04 -3.708759800000001633e+03 -7.579275500000000648e+03 1.282475599999999031e+04 1.025900100000000000e+07 9.108952500000000000e+06 7.437730500000000688e+01
